     1.006  3.188e+10
     3.017  8.219e+10
     5.028  1.067e+11
     7.039  1.346e+11
      9.05   1.49e+11
     11.06   1.67e+11
     13.07  1.824e+11
     15.08  1.972e+11
     17.09  2.157e+11
      19.1  2.572e+11
     21.12  3.002e+11
     23.13  3.295e+11
     25.14  3.638e+11
     27.15  4.031e+11
     29.16  4.356e+11
     31.17  4.524e+11
     33.18  4.649e+11
     35.19  4.768e+11
      37.2  4.837e+11
     39.21  4.913e+11
     41.23  4.982e+11
     43.24  5.046e+11
     45.25  5.095e+11
     47.26  5.146e+11
     49.27  5.203e+11
     51.28  5.262e+11
     53.29  5.339e+11
      55.3  5.453e+11
     57.31  5.568e+11
     59.32  5.749e+11
     61.34  5.869e+11
     63.35  5.938e+11
     65.36  5.988e+11
     67.37  6.035e+11
     69.38   6.07e+11
     71.39   6.11e+11
      73.4  6.158e+11
     75.41  6.204e+11
     77.42  6.275e+11
     79.44  6.413e+11
     81.45  6.604e+11
     83.46  6.756e+11
     85.47  6.812e+11
     87.48  6.858e+11
     89.49  6.902e+11
      91.5  6.946e+11
     93.51  6.993e+11
     95.52   7.02e+11
     97.53  7.041e+11
     99.55  7.054e+11
     101.6  7.073e+11
     103.6  7.088e+11
     105.6    7.1e+11
     107.6  7.108e+11
     109.6  7.121e+11
     111.6  7.134e+11
     113.6  7.147e+11
     115.6  7.188e+11
     117.6   7.21e+11
     119.7  7.222e+11
     121.7  7.233e+11
     123.7  7.241e+11
     125.7   7.25e+11
     127.7  7.257e+11
     129.7   7.27e+11
     131.7  7.279e+11
     133.7  7.293e+11
     135.7  7.307e+11
     137.8  7.324e+11
     139.8  7.374e+11
     141.8  7.488e+11
     143.8   7.52e+11
     145.8  7.544e+11
     147.8  7.618e+11
     149.8  7.665e+11
     151.8   7.68e+11
     153.8  7.689e+11
     155.9  7.697e+11
     157.9  7.704e+11
     159.9  7.709e+11
     161.9  7.715e+11
     163.9  7.721e+11
     165.9  7.724e+11
     167.9  7.728e+11
     169.9  7.731e+11
     171.9  7.732e+11
       174  7.735e+11
       176  7.738e+11
       178   7.74e+11
       180  7.741e+11
       182  7.745e+11
       184  7.749e+11
       186  7.754e+11
       188  7.757e+11
       190  7.759e+11
     192.1  7.764e+11
     194.1  7.767e+11
     196.1  7.769e+11
     198.1  7.774e+11
     200.1  7.782e+11
     202.1  7.797e+11
     204.1  7.852e+11
     206.1  8.009e+11
     208.1  8.052e+11
     210.2  8.062e+11
     212.2  8.066e+11
     214.2  8.069e+11
     216.2  8.074e+11
     218.2  8.078e+11
     220.2  8.081e+11
     222.2  8.082e+11
     224.2  8.084e+11
     226.2  8.088e+11
     228.3   8.09e+11
     230.3  8.091e+11
     232.3  8.091e+11
     234.3  8.092e+11
     236.3  8.092e+11
     238.3  8.093e+11
     240.3  8.095e+11
     242.3  8.096e+11
     244.3  8.098e+11
     246.3  8.098e+11
     248.4  8.099e+11
     250.4    8.1e+11
     252.4  8.101e+11
     254.4  8.104e+11
     256.4  8.107e+11
     258.4  8.114e+11
     260.4  8.131e+11
     262.4  8.263e+11
     264.4  8.342e+11
     266.5  8.355e+11
     268.5  8.358e+11
     270.5  8.359e+11
     272.5  8.363e+11
     274.5  8.363e+11
     276.5  8.363e+11
     278.5  8.364e+11
     280.5  8.364e+11
     282.5  8.365e+11
     284.6  8.365e+11
     286.6  8.365e+11
     288.6  8.365e+11
     290.6  8.366e+11
     292.6  8.367e+11
     294.6  8.367e+11
     296.6  8.368e+11
     298.6  8.368e+11
     300.6  8.368e+11
     302.7  8.369e+11
     304.7  8.369e+11
     306.7   8.37e+11
     308.7  8.371e+11
     310.7  8.372e+11
     312.7  8.373e+11
     314.7  8.373e+11
     316.7  8.373e+11
     318.7  8.374e+11
     320.8  8.374e+11
     322.8  8.374e+11
     324.8  8.374e+11
     326.8  8.375e+11
     328.8  8.376e+11
     330.8  8.378e+11
     332.8  8.383e+11
     334.8  8.405e+11
     336.8  8.453e+11
     338.9  8.463e+11
     340.9  8.466e+11
     342.9  8.468e+11
     344.9  8.468e+11
     346.9  8.469e+11
     348.9  8.469e+11
     350.9  8.469e+11
