     2.023      18.37
     6.068      19.73
     10.11      20.26
     14.16      20.57
      18.2      20.67
     22.25      21.18
     26.29      21.73
     30.34      21.99
     34.38       22.5
     38.43      22.74
     42.47      23.18
     46.52      23.85
     50.56      24.07
     54.61      23.79
     58.65       25.3
      62.7      25.13
     66.74      25.52
     70.79      26.89
     74.84      27.24
     78.88      28.02
     82.93      28.95
     86.97      31.39
     91.02      34.25
     95.06      37.28
     99.11       38.7
     103.2      38.94
     107.2      40.38
     111.2      40.83
     115.3      41.16
     119.3      41.48
     123.4      42.81
     127.4      42.95
     131.5      43.94
     135.5       44.5
     139.6      45.59
     143.6       45.5
     147.6      44.39
     151.7      44.75
     155.7      45.51
     159.8      46.11
     163.8      46.35
     167.9      47.31
     171.9      47.74
       176      47.46
       180      47.58
     184.1      46.91
     188.1      47.45
     192.1      47.94
     196.2      48.25
     200.2       48.1
     204.3      48.35
     208.3      48.49
     212.4       48.5
     216.4      48.07
     220.5      48.55
     224.5      48.35
     228.6      48.86
     232.6      49.61
     236.6      49.23
     240.7      48.77
     244.7      49.11
     248.8       49.3
     252.8      48.83
     256.9      48.55
     260.9       48.6
       265      48.32
       269      48.16
       273      48.38
     277.1      49.17
     281.1      49.28
     285.2      49.37
     289.2      48.74
     293.3      48.79
     297.3      49.02
     301.4      49.25
     305.4      48.09
     309.5      47.58
     313.5      48.19
     317.5      48.55
     321.6      48.97
     325.6       47.3
     329.7      46.51
     333.7      44.21
     337.8      44.09
     341.8      44.57
     345.9       43.8
     349.9      43.99
