         1  1.063e+10
     3.001  5.749e+10
     5.002  1.002e+11
     7.003  1.483e+11
     9.004  1.966e+11
        11   2.46e+11
     13.01  2.911e+11
     15.01  3.314e+11
     17.01  3.674e+11
     19.01  4.031e+11
     21.01  4.371e+11
     23.01  4.699e+11
     25.01  5.033e+11
     27.01  5.326e+11
     29.01  5.621e+11
     31.01   5.93e+11
     33.01  6.227e+11
     35.01  6.493e+11
     37.01  6.794e+11
     39.02   7.08e+11
     41.02  7.338e+11
     43.02  7.621e+11
     45.02  7.893e+11
     47.02  8.195e+11
     49.02   8.48e+11
     51.02  8.788e+11
     53.02  9.092e+11
     55.02  9.412e+11
     57.02  9.746e+11
     59.02  1.003e+12
     61.02  1.033e+12
     63.02  1.062e+12
     65.03   1.09e+12
     67.03   1.12e+12
     69.03  1.148e+12
     71.03  1.177e+12
     73.03  1.203e+12
     75.03  1.231e+12
     77.03  1.257e+12
     79.03  1.281e+12
     81.03  1.305e+12
     83.03  1.332e+12
     85.03  1.361e+12
     87.03  1.385e+12
     89.04  1.405e+12
     91.04  1.428e+12
     93.04  1.449e+12
     95.04  1.469e+12
     97.04  1.488e+12
     99.04  1.505e+12
       101  1.526e+12
       103  1.545e+12
       105  1.563e+12
       107  1.581e+12
       109  1.597e+12
       111  1.611e+12
       113  1.625e+12
       115  1.638e+12
       117  1.649e+12
       119   1.66e+12
       121  1.671e+12
       123  1.684e+12
       125  1.695e+12
     127.1  1.707e+12
     129.1  1.717e+12
     131.1   1.73e+12
     133.1  1.743e+12
     135.1  1.754e+12
     137.1  1.764e+12
     139.1  1.774e+12
     141.1  1.783e+12
     143.1  1.791e+12
     145.1  1.801e+12
     147.1  1.814e+12
     149.1  1.823e+12
     151.1   1.83e+12
     153.1  1.838e+12
     155.1  1.846e+12
     157.1  1.852e+12
     159.1  1.857e+12
     161.1  1.864e+12
     163.1   1.87e+12
     165.1  1.876e+12
     167.1  1.883e+12
     169.1  1.891e+12
     171.1  1.898e+12
     173.1  1.904e+12
     175.1   1.91e+12
     177.1  1.915e+12
     179.1  1.921e+12
     181.1  1.926e+12
     183.1  1.932e+12
     185.1  1.936e+12
     187.1   1.94e+12
     189.1  1.945e+12
     191.1  1.949e+12
     193.1  1.954e+12
     195.1  1.958e+12
     197.1  1.962e+12
     199.1  1.968e+12
     201.1  1.971e+12
     203.1  1.975e+12
     205.1  1.978e+12
     207.1  1.983e+12
     209.1  1.987e+12
     211.1   1.99e+12
     213.1  1.994e+12
     215.1  1.997e+12
     217.1  2.001e+12
     219.1  2.004e+12
     221.1  2.007e+12
     223.1   2.01e+12
     225.1  2.014e+12
     227.1  2.017e+12
     229.1   2.02e+12
     231.1  2.023e+12
     233.1  2.027e+12
     235.1  2.032e+12
     237.1  2.034e+12
     239.1  2.037e+12
     241.1  2.039e+12
     243.1  2.042e+12
     245.1  2.045e+12
     247.1  2.048e+12
     249.1  2.051e+12
     251.1  2.053e+12
     253.1  2.056e+12
     255.1  2.058e+12
     257.1  2.059e+12
     259.1  2.061e+12
     261.1  2.062e+12
     263.1  2.064e+12
     265.1  2.065e+12
     267.1  2.067e+12
     269.1  2.068e+12
     271.1  2.069e+12
     273.1   2.07e+12
     275.1  2.071e+12
     277.1  2.072e+12
     279.1  2.073e+12
     281.1  2.074e+12
     283.1  2.075e+12
     285.1  2.075e+12
     287.1  2.076e+12
     289.1  2.076e+12
     291.1  2.077e+12
     293.1  2.077e+12
     295.1  2.078e+12
     297.1  2.078e+12
     299.1  2.079e+12
     301.1  2.079e+12
     303.1   2.08e+12
     305.1   2.08e+12
     307.1  2.081e+12
     309.1  2.081e+12
     311.1  2.081e+12
     313.1  2.082e+12
     315.1  2.082e+12
     317.1  2.082e+12
     319.1  2.082e+12
     321.1  2.082e+12
     323.1  2.083e+12
     325.1  2.083e+12
     327.1  2.083e+12
     329.1  2.083e+12
     331.1  2.083e+12
     333.1  2.083e+12
     335.1  2.083e+12
     337.1  2.084e+12
     339.1  2.084e+12
     341.1  2.084e+12
     343.1  2.084e+12
     345.1  2.084e+12
     347.1  2.084e+12
     349.1  2.084e+12
     351.1  2.084e+12
