     2.001  3.506e+10
     6.002   1.25e+11
        10  2.216e+11
     14.01  3.117e+11
     18.01  3.857e+11
     22.01  4.537e+11
     26.01  5.189e+11
     30.01  5.767e+11
     34.01  6.357e+11
     38.02  6.937e+11
     42.02  7.483e+11
     46.02  8.029e+11
     50.02   8.64e+11
     54.02   9.24e+11
     58.02  9.893e+11
     62.02  1.048e+12
     66.03  1.106e+12
     70.03  1.163e+12
     74.03  1.217e+12
     78.03  1.268e+12
     82.03  1.318e+12
     86.03  1.373e+12
     90.04  1.417e+12
     94.04  1.459e+12
     98.04  1.496e+12
       102  1.536e+12
       106  1.572e+12
       110  1.604e+12
       114  1.632e+12
       118  1.655e+12
       122  1.677e+12
       126    1.7e+12
     130.1  1.723e+12
     134.1  1.748e+12
     138.1  1.769e+12
     142.1  1.788e+12
     146.1  1.808e+12
     150.1  1.827e+12
     154.1  1.842e+12
     158.1  1.854e+12
     162.1  1.867e+12
     166.1   1.88e+12
     170.1  1.895e+12
     174.1  1.907e+12
     178.1  1.918e+12
     182.1  1.929e+12
     186.1  1.938e+12
     190.1  1.947e+12
     194.1  1.956e+12
     198.1  1.964e+12
     202.1  1.973e+12
     206.1   1.98e+12
     210.1  1.988e+12
     214.1  1.996e+12
     218.1  2.002e+12
     222.1  2.009e+12
     226.1  2.015e+12
     230.1  2.022e+12
     234.1   2.03e+12
     238.1  2.035e+12
     242.1  2.041e+12
     246.1  2.046e+12
     250.1  2.052e+12
     254.1  2.057e+12
     258.1   2.06e+12
     262.1  2.063e+12
     266.1  2.066e+12
     270.1  2.068e+12
     274.1   2.07e+12
     278.1  2.073e+12
     282.1  2.074e+12
     286.1  2.076e+12
     290.1  2.077e+12
     294.1  2.078e+12
     298.1  2.079e+12
     302.1   2.08e+12
     306.1   2.08e+12
     310.1  2.081e+12
     314.1  2.082e+12
     318.1  2.082e+12
     322.1  2.082e+12
     326.1  2.083e+12
     330.1  2.083e+12
     334.1  2.083e+12
     338.1  2.084e+12
     342.1  2.084e+12
     346.1  2.084e+12
     350.1  2.084e+12
