     2.001      18.84
     6.002      19.68
        10      20.19
     14.01      20.68
     18.01      21.07
     22.01      21.32
     26.01      21.58
     30.01      21.71
     34.01       21.9
     38.02      22.13
     42.02       22.2
     46.02      22.19
     50.02      22.31
     54.02      22.43
     58.02      22.52
     62.02      22.67
     66.03      22.67
     70.03      22.66
     74.03      22.85
     78.03      22.97
     82.03      23.01
     86.03      23.22
     90.04      23.26
     94.04      23.45
     98.04      23.67
       102       23.8
       106      23.97
       110      24.59
       114         25
       118      25.24
       122       25.2
       126      26.15
     130.1      26.93
     134.1      27.45
     138.1       27.3
     142.1      28.27
     146.1      29.22
     150.1      29.86
     154.1      30.27
     158.1      31.47
     162.1      31.51
     166.1      31.87
     170.1      32.65
     174.1      33.27
     178.1      33.03
     182.1      32.72
     186.1      34.57
     190.1      34.48
     194.1      34.03
     198.1      35.74
     202.1       36.8
     206.1      36.81
     210.1      36.68
     214.1      35.84
     218.1      36.32
     222.1      38.16
     226.1      38.94
     230.1      39.02
     234.1      39.69
     238.1      40.23
     242.1      40.15
     246.1      40.08
     250.1      40.73
     254.1      40.81
     258.1      40.55
     262.1      40.39
     266.1      40.54
     270.1      41.31
     274.1      41.74
     278.1      41.68
     282.1      43.39
     286.1      42.48
     290.1      42.48
     294.1      43.17
     298.1      42.86
     302.1      44.49
     306.1      43.28
     310.1      43.73
     314.1       44.2
     318.1      45.51
     322.1      43.19
     326.1      44.53
     330.1      43.81
     334.1      43.49
     338.1      47.02
     342.1      47.38
     346.1      44.23
     350.1      46.64
