     2.001      18.72
     6.003      19.92
        10      20.63
     14.01       21.1
     18.01      21.32
     22.01      21.54
     26.01      21.98
     30.01      23.28
     34.01      23.89
     38.02      23.87
     42.02      23.74
     46.02      24.21
     50.02      24.47
     54.02      25.44
     58.03      28.91
     62.03       29.4
     66.03      28.46
     70.03      28.99
     74.03      28.68
     78.03      29.98
     82.04      31.91
     86.04      30.89
     90.04      31.78
     94.04       32.1
     98.04      34.48
       102      35.18
       106      35.69
       110      35.25
       114       36.4
     118.1      37.18
     122.1      37.88
     126.1      39.01
     130.1      38.87
     134.1      39.77
     138.1      39.76
     142.1      40.34
     146.1      42.25
     150.1      43.45
     154.1      43.83
     158.1      44.77
     162.1      45.34
     166.1      45.11
     170.1      44.36
     174.1      44.54
     178.1      45.07
     182.1      45.28
     186.1      45.29
     190.1      45.36
     194.1       45.2
     198.1      45.99
     202.1      46.84
     206.1      46.81
     210.1       46.8
     214.1      47.02
     218.1      46.45
     222.1      46.15
     226.1       47.1
     230.1      47.25
     234.1      47.86
     238.1      48.11
     242.1      47.86
     246.1      47.99
     250.1      48.24
     254.1      48.17
     258.1      48.18
     262.1      48.36
     266.1      48.51
     270.1      48.23
     274.1      48.85
     278.1      49.04
     282.1      48.75
     286.1      48.99
     290.1      49.01
     294.1      49.41
     298.1      49.74
     302.1      49.29
     306.1      49.45
     310.1      49.49
     314.1      49.35
     318.1      49.59
     322.1         50
     326.1         50
     330.1       49.8
     334.1      48.92
     338.1      49.61
     342.1         50
     346.2         50
     350.2      46.49
