     1.002  3.167e+10
     3.007  8.211e+10
     5.012  1.016e+11
     7.017  1.179e+11
     9.021  1.323e+11
     11.03   1.48e+11
     13.03  1.621e+11
     15.04  1.758e+11
     17.04  1.903e+11
     19.05  2.092e+11
     21.05  2.329e+11
     23.05  2.523e+11
     25.06  2.659e+11
     27.06  2.783e+11
     29.07  2.886e+11
     31.07  2.998e+11
     33.08  3.098e+11
     35.08  3.185e+11
     37.09  3.254e+11
     39.09  3.328e+11
      41.1  3.393e+11
      43.1  3.458e+11
     45.11  3.507e+11
     47.11  3.557e+11
     49.12  3.611e+11
     51.12  3.668e+11
     53.13  3.732e+11
     55.13  3.805e+11
     57.14  3.878e+11
     59.14  3.937e+11
     61.15  3.987e+11
     63.15  4.037e+11
     65.15  4.084e+11
     67.16  4.127e+11
     69.16  4.163e+11
     71.17  4.201e+11
     73.17  4.241e+11
     75.18  4.276e+11
     77.18  4.314e+11
     79.19  4.365e+11
     81.19  4.422e+11
      83.2  4.475e+11
      85.2  4.516e+11
     87.21  4.549e+11
     89.21  4.581e+11
     91.22  4.609e+11
     93.22  4.632e+11
     95.23  4.654e+11
     97.23  4.673e+11
     99.24  4.684e+11
     101.2  4.701e+11
     103.2  4.717e+11
     105.3  4.728e+11
     107.3  4.736e+11
     109.3  4.746e+11
     111.3  4.756e+11
     113.3  4.764e+11
     115.3  4.774e+11
     117.3  4.782e+11
     119.3   4.79e+11
     121.3  4.798e+11
     123.3  4.807e+11
     125.3  4.815e+11
     127.3  4.818e+11
     129.3   4.83e+11
     131.3  4.837e+11
     133.3  4.849e+11
     135.3   4.86e+11
     137.3  4.867e+11
     139.3  4.872e+11
     141.3  4.876e+11
     143.3   4.88e+11
     145.3  4.886e+11
     147.4  4.892e+11
     149.4  4.901e+11
     151.4   4.91e+11
     153.4  4.915e+11
     155.4  4.921e+11
     157.4  4.926e+11
     159.4   4.93e+11
     161.4  4.935e+11
     163.4  4.939e+11
     165.4  4.944e+11
     167.4  4.947e+11
     169.4  4.951e+11
     171.4  4.953e+11
     173.4  4.955e+11
     175.4  4.957e+11
     177.4   4.96e+11
     179.4  4.961e+11
     181.4  4.964e+11
     183.4  4.969e+11
     185.4  4.972e+11
     187.4  4.975e+11
     189.5  4.977e+11
     191.5   4.98e+11
     193.5  4.981e+11
     195.5  4.983e+11
     197.5  4.983e+11
     199.5  4.984e+11
     201.5  4.986e+11
     203.5  4.988e+11
     205.5  4.989e+11
     207.5  4.991e+11
     209.5  4.992e+11
     211.5  4.992e+11
     213.5  4.992e+11
     215.5  4.993e+11
     217.5  4.995e+11
     219.5  4.996e+11
     221.5  4.997e+11
     223.5  4.997e+11
     225.5      5e+11
     227.5  5.001e+11
     229.5  5.002e+11
     231.6  5.002e+11
     233.6  5.002e+11
     235.6  5.002e+11
     237.6  5.003e+11
     239.6  5.004e+11
     241.6  5.004e+11
     243.6  5.005e+11
     245.6  5.006e+11
     247.6  5.006e+11
     249.6  5.006e+11
     251.6  5.007e+11
     253.6  5.007e+11
     255.6  5.007e+11
     257.6  5.007e+11
     259.6  5.007e+11
     261.6  5.007e+11
     263.6  5.007e+11
     265.6  5.007e+11
     267.6  5.008e+11
     269.6  5.008e+11
     271.6  5.008e+11
     273.7  5.008e+11
     275.7  5.008e+11
     277.7  5.008e+11
     279.7  5.008e+11
     281.7  5.008e+11
     283.7  5.008e+11
     285.7  5.008e+11
     287.7  5.009e+11
     289.7  5.009e+11
     291.7  5.009e+11
     293.7  5.009e+11
     295.7  5.009e+11
     297.7   5.01e+11
     299.7   5.01e+11
     301.7   5.01e+11
     303.7   5.01e+11
     305.7   5.01e+11
     307.7   5.01e+11
     309.7   5.01e+11
     311.7   5.01e+11
     313.7   5.01e+11
     315.8   5.01e+11
     317.8   5.01e+11
     319.8   5.01e+11
     321.8   5.01e+11
     323.8   5.01e+11
     325.8   5.01e+11
     327.8   5.01e+11
     329.8   5.01e+11
     331.8   5.01e+11
     333.8   5.01e+11
     335.8   5.01e+11
     337.8   5.01e+11
     339.8   5.01e+11
     341.8   5.01e+11
     343.8   5.01e+11
     345.8   5.01e+11
     347.8   5.01e+11
