     2.005       18.4
     6.014      19.82
     10.02      20.32
     14.03      20.67
     18.04       20.9
     22.05      21.34
     26.06      21.92
     30.07      22.12
     34.08      22.55
     38.09      22.76
      42.1      23.15
     46.11      23.83
     50.12       24.1
     54.13      23.87
     58.14       25.2
     62.15      25.16
     66.16      25.82
     70.17      26.89
     74.18      27.73
     78.19      28.57
      82.2      29.03
      86.2      31.41
     90.21      34.12
     94.22      37.22
     98.23      38.89
     102.2      39.03
     106.3      40.62
     110.3      41.43
     114.3      41.95
     118.3      41.94
     122.3      43.04
     126.3      43.23
     130.3       43.6
     134.3       44.6
     138.3      45.77
     142.3      46.16
     146.3      44.87
     150.4      44.73
     154.4      45.46
     158.4      46.05
     162.4      46.22
     166.4      46.96
     170.4      47.74
     174.4      47.59
     178.4      47.71
     182.4      47.36
     186.4      47.41
     190.5      48.27
     194.5      49.05
     198.5      48.93
     202.5      48.86
     206.5      48.99
     210.5      49.39
     214.5      49.16
     218.5      49.15
     222.5      49.14
     226.5      48.78
     230.5      49.58
     234.6      49.82
     238.6      49.38
     242.6      49.54
     246.6      49.74
     250.6      49.68
     254.6       49.8
     258.6      49.98
     262.6      49.87
     266.6      49.73
     270.6      49.95
     274.7         50
     278.7      49.78
     282.7      49.77
     286.7      49.61
     290.7      49.71
     294.7       49.4
     298.7      49.56
     302.7         50
     306.7         50
     310.7         50
     314.7      49.28
     318.8      49.03
     322.8      49.92
     326.8         50
     330.8         50
     334.8         50
     338.8         50
     342.8         50
     346.8         50
