         1   1.63e+10
     3.001  7.239e+10
     5.002  1.162e+11
     7.003  1.545e+11
     9.004  1.975e+11
        11  2.272e+11
     13.01   2.51e+11
     15.01  2.707e+11
     17.01  2.895e+11
     19.01  3.072e+11
     21.01  3.255e+11
     23.01  3.419e+11
     25.01  3.572e+11
     27.01  3.713e+11
     29.01  3.855e+11
     31.01  3.995e+11
     33.01  4.162e+11
     35.02  4.394e+11
     37.02  4.687e+11
     39.02  4.909e+11
     41.02  5.234e+11
     43.02  5.443e+11
     45.02  5.605e+11
     47.02  5.742e+11
     49.02  5.888e+11
     51.02  6.022e+11
     53.02   6.15e+11
     55.02  6.277e+11
     57.02  6.394e+11
     59.03  6.509e+11
     61.03  6.668e+11
     63.03  6.824e+11
     65.03   6.96e+11
     67.03  7.136e+11
     69.03  7.324e+11
     71.03  7.568e+11
     73.03  7.816e+11
     75.03  8.024e+11
     77.03  8.287e+11
     79.03  8.491e+11
     81.04  8.689e+11
     83.04  8.886e+11
     85.04  9.102e+11
     87.04  9.452e+11
     89.04  9.753e+11
     91.04  1.005e+12
     93.04  1.032e+12
     95.04  1.051e+12
     97.04  1.066e+12
     99.04   1.08e+12
       101  1.091e+12
       103    1.1e+12
       105  1.108e+12
       107  1.116e+12
       109  1.138e+12
       111  1.151e+12
       113  1.157e+12
     115.1  1.164e+12
     117.1  1.169e+12
     119.1  1.175e+12
     121.1   1.18e+12
     123.1  1.189e+12
     125.1  1.203e+12
     127.1  1.222e+12
     129.1   1.23e+12
     131.1  1.235e+12
     133.1  1.242e+12
     135.1  1.249e+12
     137.1  1.265e+12
     139.1  1.283e+12
     141.1  1.291e+12
     143.1  1.299e+12
     145.1   1.31e+12
     147.1  1.319e+12
     149.1   1.33e+12
     151.1  1.356e+12
     153.1  1.367e+12
     155.1  1.372e+12
     157.1  1.382e+12
     159.1  1.388e+12
     161.1  1.392e+12
     163.1  1.396e+12
     165.1  1.399e+12
     167.1  1.403e+12
     169.1  1.407e+12
     171.1   1.41e+12
     173.1  1.414e+12
     175.1  1.418e+12
     177.1  1.421e+12
     179.1  1.424e+12
     181.1  1.428e+12
     183.1  1.431e+12
     185.1  1.436e+12
     187.1  1.444e+12
     189.1  1.468e+12
     191.1  1.481e+12
     193.1  1.487e+12
     195.1   1.49e+12
     197.1  1.497e+12
     199.1  1.507e+12
     201.1  1.512e+12
     203.1  1.514e+12
     205.1  1.516e+12
     207.1  1.518e+12
     209.1   1.52e+12
     211.1  1.523e+12
     213.1  1.526e+12
     215.1  1.531e+12
     217.1  1.534e+12
     219.1  1.537e+12
     221.1   1.54e+12
     223.1  1.543e+12
     225.1  1.546e+12
     227.1  1.549e+12
     229.1  1.554e+12
     231.1  1.575e+12
     233.1  1.585e+12
     235.1  1.592e+12
     237.1    1.6e+12
     239.1  1.606e+12
     241.1  1.612e+12
     243.1  1.624e+12
     245.1  1.628e+12
     247.1  1.633e+12
     249.1  1.643e+12
     251.1  1.651e+12
     253.1  1.654e+12
     255.1  1.657e+12
     257.1  1.658e+12
     259.1   1.66e+12
     261.1  1.662e+12
     263.1  1.663e+12
     265.1  1.665e+12
     267.1  1.666e+12
     269.1   1.67e+12
     271.1  1.673e+12
     273.1  1.675e+12
     275.1  1.676e+12
     277.1  1.678e+12
     279.1  1.681e+12
     281.1  1.683e+12
     283.1  1.685e+12
     285.1  1.686e+12
     287.1  1.688e+12
     289.1   1.69e+12
     291.1  1.693e+12
     293.1  1.697e+12
     295.1  1.699e+12
     297.1  1.701e+12
     299.1  1.703e+12
     301.1  1.705e+12
     303.1  1.708e+12
     305.1  1.717e+12
     307.1  1.734e+12
     309.1  1.743e+12
     311.1  1.747e+12
     313.1   1.75e+12
     315.1  1.752e+12
     317.1  1.753e+12
     319.1  1.755e+12
     321.1  1.755e+12
     323.1  1.756e+12
     325.1  1.756e+12
     327.1  1.757e+12
     329.1  1.757e+12
     331.1  1.757e+12
     333.1  1.758e+12
     335.1  1.758e+12
     337.1  1.758e+12
     339.1  1.759e+12
     341.1  1.759e+12
     343.1  1.759e+12
     345.2   1.76e+12
     347.2   1.76e+12
     349.2   1.76e+12
     351.2   1.76e+12
