         1       17.3
     3.001      18.58
     5.002      19.27
     7.003      19.66
     9.004      19.94
        11      20.27
     13.01      20.56
     15.01      20.85
     17.01      21.03
     19.01      21.01
     21.01      21.22
     23.01      21.43
     25.01      21.73
     27.01      21.81
     29.01      21.94
     31.01      22.01
     33.01      22.13
     35.02      22.16
     37.02      22.24
     39.02      22.28
     41.02      22.42
     43.02       22.5
     45.02      22.57
     47.02      22.71
     49.02      22.73
     51.02      22.87
     53.02       22.9
     55.02      22.89
     57.02      23.05
     59.03      23.18
     61.03      23.22
     63.03      23.23
     65.03      23.38
     67.03      23.66
     69.03      24.27
     71.03      24.27
     73.03      24.99
     75.03      25.28
     77.03      25.71
     79.03      26.46
     81.04       26.8
     83.04      26.62
     85.04      26.37
     87.04      26.62
     89.04      27.69
     91.04      28.71
     93.04      30.36
     95.04       30.5
     97.04      31.52
     99.04      31.79
       101      31.76
       103      31.12
       105      31.05
       107       31.8
       109       32.9
       111      33.06
       113      33.61
     115.1      33.64
     117.1       33.6
     119.1      33.53
     121.1      32.73
     123.1      32.27
     125.1       33.5
     127.1      33.83
     129.1      33.96
     131.1       33.7
     133.1      33.51
     135.1      34.06
     137.1      34.64
     139.1      34.94
     141.1      35.31
     143.1      35.68
     145.1      36.36
     147.1      37.35
     149.1      36.41
     151.1      36.28
     153.1      36.88
     155.1      37.83
     157.1      37.83
     159.1      36.68
     161.1      36.96
     163.1      36.88
     165.1      36.96
     167.1      37.62
     169.1      37.99
     171.1       38.8
     173.1      38.24
     175.1      38.44
     177.1      38.19
     179.1      37.44
     181.1      37.82
     183.1      37.69
     185.1      38.95
     187.1      39.87
     189.1      39.48
     191.1      39.65
     193.1      39.22
     195.1      38.88
     197.1      38.42
     199.1      39.19
     201.1      40.47
     203.1      40.72
     205.1      40.23
     207.1       40.6
     209.1      40.52
     211.1      40.57
     213.1      40.33
     215.1      40.48
     217.1      40.87
     219.1      41.16
     221.1      41.11
     223.1      41.66
     225.1      41.81
     227.1      41.42
     229.1      41.02
     231.1      41.24
     233.1      41.24
     235.1       41.7
     237.1      41.75
     239.1      42.11
     241.1      42.07
     243.1      42.26
     245.1      42.07
     247.1      41.62
     249.1      41.82
     251.1      41.65
     253.1      41.53
     255.1      41.09
     257.1      40.42
     259.1      40.17
     261.1      39.58
     263.1      39.88
     265.1      40.06
     267.1      40.91
     269.1      40.48
     271.1      39.95
     273.1       40.1
     275.1      39.98
     277.1      40.33
     279.1       40.3
     281.1      40.23
     283.1      40.44
     285.1      39.76
     287.1      40.14
     289.1      38.86
     291.1      38.91
     293.1       39.4
     295.1      39.43
     297.1      39.55
     299.1      39.55
     301.1      40.55
     303.1      40.98
     305.1      41.35
     307.1      41.79
     309.1      42.94
     311.1      43.65
     313.1      42.74
     315.1      43.43
     317.1      43.18
     319.1      43.28
     321.1      43.19
     323.1       43.8
     325.1      45.33
     327.1      46.37
     329.1      45.19
     331.1      44.32
     333.1      42.29
     335.1      42.31
     337.1      43.11
     339.1      42.48
     341.1      41.78
     343.1      41.08
     345.2      42.51
     347.2      42.52
     349.2      39.72
     351.2      37.88
