     2.001  7.708e+09
     6.002  3.415e+10
        10  7.856e+10
        14  1.282e+11
        18  1.751e+11
     22.01  2.176e+11
     26.01  2.575e+11
     30.01  2.931e+11
     34.01  3.264e+11
     38.01  3.573e+11
     42.01  3.882e+11
     46.01  4.186e+11
     50.01   4.46e+11
     54.01  4.724e+11
     58.02  4.977e+11
     62.02  5.204e+11
     66.02  5.419e+11
     70.02  5.622e+11
     74.02  5.813e+11
     78.02  6.017e+11
     82.02  6.197e+11
     86.02   6.38e+11
     90.02  6.546e+11
     94.03  6.728e+11
     98.03  6.895e+11
       102  7.067e+11
       106  7.201e+11
       110  7.347e+11
       114  7.478e+11
       118  7.601e+11
       122  7.724e+11
       126  7.846e+11
       130  7.967e+11
       134  8.114e+11
       138   8.22e+11
       142  8.332e+11
       146  8.441e+11
       150  8.541e+11
       154  8.641e+11
       158  8.741e+11
       162  8.835e+11
       166   8.93e+11
       170  9.022e+11
       174  9.118e+11
       178  9.202e+11
     182.1  9.297e+11
     186.1  9.393e+11
     190.1   9.47e+11
     194.1  9.533e+11
     198.1  9.602e+11
     202.1   9.66e+11
     206.1  9.721e+11
     210.1  9.777e+11
     214.1  9.837e+11
     218.1  9.906e+11
     222.1  9.959e+11
     226.1  1.001e+12
     230.1  1.006e+12
     234.1  1.011e+12
     238.1  1.015e+12
     242.1  1.021e+12
     246.1  1.026e+12
     250.1  1.032e+12
     254.1  1.038e+12
     258.1  1.043e+12
     262.1  1.047e+12
     266.1  1.051e+12
     270.1  1.055e+12
     274.1  1.058e+12
     278.1  1.061e+12
     282.1  1.064e+12
     286.1  1.068e+12
     290.1   1.07e+12
     294.1  1.072e+12
     298.1  1.075e+12
     302.1  1.077e+12
     306.1  1.079e+12
     310.1  1.081e+12
     314.1  1.082e+12
     318.1  1.083e+12
     322.1  1.084e+12
     326.1  1.085e+12
     330.1  1.086e+12
     334.1  1.086e+12
     338.1  1.087e+12
     342.1  1.087e+12
     346.1  1.087e+12
     350.1  1.087e+12
