     2.001      21.54
     6.002      22.04
        10      22.31
        14      22.66
        18      23.07
     22.01      23.28
     26.01       23.5
     30.01      23.79
     34.01      23.99
     38.01      24.15
     42.01      24.24
     46.01      24.43
     50.01      24.63
     54.01      24.86
     58.02      24.89
     62.02      25.19
     66.02      25.27
     70.02      25.41
     74.02      25.57
     78.02      25.75
     82.02      25.98
     86.02      26.26
     90.02       26.5
     94.03      26.42
     98.03      26.88
       102      27.39
       106      27.54
       110      27.72
       114      27.87
       118      27.93
       122      29.27
       126      28.58
       130      29.22
       134      29.64
       138      30.41
       142       30.7
       146      31.25
       150      31.27
       154      32.01
       158      32.13
       162       32.1
       166      32.52
       170      32.73
       174      33.17
       178      33.76
     182.1      32.79
     186.1      33.38
     190.1      34.68
     194.1      34.75
     198.1      36.18
     202.1      36.79
     206.1      36.75
     210.1      36.05
     214.1      35.41
     218.1      36.49
     222.1      37.05
     226.1      37.62
     230.1       37.8
     234.1      38.69
     238.1      38.75
     242.1       38.9
     246.1      38.33
     250.1      38.19
     254.1      38.93
     258.1      38.75
     262.1      37.83
     266.1      37.51
     270.1      38.06
     274.1      38.59
     278.1      38.77
     282.1      38.42
     286.1      39.37
     290.1      39.19
     294.1      38.33
     298.1      39.35
     302.1      38.59
     306.1      39.03
     310.1      39.88
     314.1      40.98
     318.1      42.18
     322.1      41.33
     326.1      39.77
     330.1      39.71
     334.1      39.94
     338.1      42.18
     342.1      44.25
     346.1      43.02
     350.1      39.65
