     2.001      21.17
     6.002      21.63
        10       21.9
        14      22.25
        18      22.65
     22.01      22.88
     26.01       23.1
     30.01      23.39
     34.01       23.6
     38.01      23.75
     42.01      23.85
     46.01      24.05
     50.01      24.25
     54.01      24.48
     58.02      24.51
     62.02       24.8
     66.02      24.89
     70.02      25.03
     74.02      25.18
     78.02      25.36
     82.02       25.6
     86.02      25.87
     90.02      26.11
     94.03      26.02
     98.03       26.5
       102      27.01
       106      27.17
       110      27.36
       114       27.5
       118      27.56
       122      28.92
       126      28.21
       130      28.86
       134      29.29
       138      30.06
       142      30.36
       146      30.92
       150      30.95
       154       31.7
       158      31.82
       162      31.79
       166      32.22
       170      32.43
       174      32.87
       178      33.47
     182.1      32.49
     186.1      33.09
     190.1      34.41
     194.1      34.48
     198.1      35.93
     202.1      36.56
     206.1      36.51
     210.1      35.79
     214.1      35.14
     218.1      36.25
     222.1      36.81
     226.1      37.38
     230.1      37.57
     234.1      38.48
     238.1      38.55
     242.1      38.69
     246.1      38.11
     250.1      37.97
     254.1      38.72
     258.1      38.53
     262.1      37.61
     266.1      37.28
     270.1      37.84
     274.1      38.38
     278.1      38.57
     282.1      38.22
     286.1      39.18
     290.1      38.99
     294.1      38.12
     298.1      39.16
     302.1      38.39
     306.1      38.83
     310.1       39.7
     314.1      40.82
     318.1      42.05
     322.1      41.18
     326.1      39.61
     330.1      39.53
     334.1      39.76
     338.1      42.04
     342.1      44.16
     346.1       42.9
     350.1      39.46
