         1  2.144e+10
     3.001  4.177e+10
     5.002  4.574e+10
     7.003  4.957e+10
     9.004  6.211e+10
        11  7.831e+10
     13.01  8.401e+10
     15.01  8.669e+10
     17.01  8.916e+10
     19.01  9.186e+10
     21.01  9.614e+10
     23.01  1.055e+11
     25.01  1.261e+11
     27.01  1.336e+11
     29.01  1.379e+11
     31.01  1.406e+11
     33.01  1.442e+11
     35.02  1.496e+11
     37.02  1.582e+11
     39.02  1.639e+11
     41.02  1.727e+11
     43.02   1.82e+11
     45.02  1.873e+11
     47.02  1.912e+11
     49.02  1.945e+11
     51.02  1.973e+11
     53.02  2.008e+11
     55.02  2.042e+11
     57.02  2.083e+11
     59.03  2.123e+11
     61.03  2.188e+11
     63.03  2.362e+11
     65.03  2.544e+11
     67.03  2.612e+11
     69.03  2.659e+11
     71.03  2.698e+11
     73.03  2.741e+11
     75.03  2.789e+11
     77.03  2.841e+11
     79.03   2.89e+11
     81.04  2.918e+11
     83.04  2.945e+11
     85.04  2.961e+11
     87.04  2.986e+11
     89.04  3.017e+11
     91.04  3.042e+11
     93.04  3.068e+11
     95.04  3.094e+11
     97.04  3.132e+11
     99.04  3.253e+11
       101  3.439e+11
       103  3.492e+11
       105  3.588e+11
       107  3.812e+11
       109  3.888e+11
       111   3.95e+11
       113  4.028e+11
     115.1  4.175e+11
     117.1  4.485e+11
     119.1  4.794e+11
     121.1  5.067e+11
     123.1  5.332e+11
     125.1  5.473e+11
     127.1  5.556e+11
     129.1   5.63e+11
     131.1  5.694e+11
     133.1  5.761e+11
     135.1  5.891e+11
     137.1  6.036e+11
     139.1  6.117e+11
     141.1  6.172e+11
     143.1  6.254e+11
     145.1  6.311e+11
     147.1  6.366e+11
     149.1  6.489e+11
     151.1  6.725e+11
     153.1  6.803e+11
     155.1  6.863e+11
     157.1  6.933e+11
     159.1  7.274e+11
     161.1  7.507e+11
     163.1  7.569e+11
     165.1  7.619e+11
     167.1  7.682e+11
     169.1  7.769e+11
     171.1  7.966e+11
     173.1  8.177e+11
     175.1  8.268e+11
     177.1  8.318e+11
     179.1  8.352e+11
     181.1  8.392e+11
     183.1  8.448e+11
     185.1  8.496e+11
     187.1  8.533e+11
     189.1  8.577e+11
     191.1  8.645e+11
     193.1  8.841e+11
     195.1  9.101e+11
     197.1  9.506e+11
     199.1  9.584e+11
     201.1  9.621e+11
     203.1  9.646e+11
     205.1  9.665e+11
     207.1  9.691e+11
     209.1  9.707e+11
     211.1  9.725e+11
     213.1  9.742e+11
     215.1  9.761e+11
     217.1  9.786e+11
     219.1  9.825e+11
     221.1  9.877e+11
     223.1  9.926e+11
     225.1  9.985e+11
     227.1  1.014e+12
     229.1  1.031e+12
     231.1  1.039e+12
     233.1  1.048e+12
     235.1  1.063e+12
     237.1  1.095e+12
     239.1  1.123e+12
     241.1  1.154e+12
     243.1  1.163e+12
     245.1  1.168e+12
     247.1  1.171e+12
     249.1  1.173e+12
     251.1  1.176e+12
     253.1  1.179e+12
     255.1  1.182e+12
     257.1  1.186e+12
     259.1   1.19e+12
     261.1  1.194e+12
     263.1  1.199e+12
     265.1    1.2e+12
     267.1  1.201e+12
     269.1  1.202e+12
     271.1  1.202e+12
     273.1  1.202e+12
     275.1  1.203e+12
     277.1  1.203e+12
     279.1  1.204e+12
     281.1  1.206e+12
     283.1  1.214e+12
     285.1  1.222e+12
     287.1  1.225e+12
     289.1  1.226e+12
     291.1  1.227e+12
     293.1  1.229e+12
     295.1  1.231e+12
     297.1  1.235e+12
     299.1   1.24e+12
     301.1  1.262e+12
     303.1  1.294e+12
     305.1   1.31e+12
     307.1  1.314e+12
     309.1  1.316e+12
     311.1  1.317e+12
     313.1  1.318e+12
     315.1  1.319e+12
     317.1  1.319e+12
     319.1  1.319e+12
     321.1  1.319e+12
     323.1  1.319e+12
     325.1  1.319e+12
     327.1  1.319e+12
     329.1  1.319e+12
     331.1  1.319e+12
     333.1  1.319e+12
     335.1  1.319e+12
     337.1  1.319e+12
     339.1  1.319e+12
     341.1  1.319e+12
     343.1   1.32e+12
     345.2   1.32e+12
     347.2   1.32e+12
     349.2   1.32e+12
     351.2   1.32e+12
