         1      18.09
     3.001      20.71
     5.002       21.6
     7.003      22.06
     9.004      21.97
        11      21.94
     13.01      22.21
     15.01      22.91
     17.01      23.02
     19.01      22.74
     21.01      22.65
     23.01      22.99
     25.01      23.46
     27.01      23.27
     29.01      23.61
     31.01      23.56
     33.01      23.64
     35.02      23.29
     37.02      23.98
     39.02      25.44
     41.02      25.21
     43.02      25.43
     45.02      24.75
     47.02      26.21
     49.02      27.68
     51.02      27.83
     53.02      28.63
     55.02       28.7
     57.02      27.93
     59.03      28.52
     61.03      29.01
     63.03      29.41
     65.03      29.07
     67.03      29.47
     69.03       31.2
     71.03      31.71
     73.03      33.58
     75.03      33.18
     77.03       32.4
     79.03       32.1
     81.04      33.78
     83.04      34.17
     85.04      34.38
     87.04      34.16
     89.04      34.01
     91.04      33.88
     93.04      34.45
     95.04      35.01
     97.04      35.07
     99.04      35.77
       101      36.08
       103      35.43
       105       35.8
       107      34.92
       109      34.11
       111      34.42
       113      33.73
     115.1      33.95
     117.1      34.44
     119.1      34.67
     121.1      34.45
     123.1      34.06
     125.1      34.59
     127.1      35.19
     129.1         36
     131.1      37.11
     133.1      37.96
     135.1      37.89
     137.1      38.47
     139.1      38.94
     141.1         39
     143.1      38.42
     145.1      37.84
     147.1      38.25
     149.1      38.87
     151.1      39.74
     153.1      40.27
     155.1      39.85
     157.1       39.9
     159.1      39.88
     161.1      40.28
     163.1      40.38
     165.1      40.43
     167.1      40.39
     169.1      40.38
     171.1      40.66
     173.1      40.28
     175.1      40.59
     177.1      41.33
     179.1      41.71
     181.1      41.22
     183.1       41.6
     185.1       41.6
     187.1      42.27
     189.1      42.33
     191.1      42.43
     193.1      41.68
     195.1      41.49
     197.1         41
     199.1      41.22
     201.1      41.82
     203.1      42.14
     205.1      42.18
     207.1      42.17
     209.1      42.24
     211.1      42.68
     213.1      42.59
     215.1      42.61
     217.1      42.83
     219.1      42.91
     221.1      42.39
     223.1      41.87
     225.1         42
     227.1      42.22
     229.1      41.99
     231.1      41.77
     233.1      41.66
     235.1      41.91
     237.1      42.83
     239.1      42.55
     241.1       42.7
     243.1      42.84
     245.1      43.09
     247.1      43.53
     249.1      43.99
     251.1      43.84
     253.1      44.39
     255.1      43.89
     257.1      44.01
     259.1      44.35
     261.1      45.01
     263.1      45.34
     265.1      45.57
     267.1      45.52
     269.1      45.63
     271.1      45.84
     273.1      45.57
     275.1      46.11
     277.1      46.64
     279.1      46.55
     281.1      45.92
     283.1      45.16
     285.1      45.15
     287.1      45.32
     289.1      45.94
     291.1      45.97
     293.1      45.68
     295.1      45.47
     297.1      44.68
     299.1      45.09
     301.1      44.52
     303.1      44.55
     305.1      44.48
     307.1      44.17
     309.1      44.72
     311.1      44.42
     313.1      45.61
     315.1      45.45
     317.1      46.51
     319.1      46.47
     321.1      46.85
     323.1      47.38
     325.1       49.7
     327.1      49.16
     329.1      49.42
     331.1         49
     333.1      48.14
     335.1      46.58
     337.1      46.36
     339.1      47.25
     341.1      47.33
     343.1         48
     345.2      49.01
     347.2         50
     349.2         50
