     2.001  5.988e+10
     6.003  1.729e+11
        10  2.356e+11
     14.01  2.919e+11
     18.01  3.397e+11
     22.01  3.823e+11
     26.01  4.729e+11
     30.01    5.1e+11
     34.01  5.323e+11
     38.02  5.519e+11
     42.02  5.794e+11
     46.02  6.117e+11
     50.02  6.532e+11
     54.02  6.675e+11
     58.03  6.791e+11
     62.03   6.91e+11
     66.03  7.295e+11
     70.03   7.66e+11
     74.03   7.83e+11
     78.03  7.914e+11
     82.04  7.998e+11
     86.04  8.085e+11
     90.04  8.182e+11
     94.04  8.396e+11
     98.04  8.565e+11
       102  9.043e+11
       106  9.216e+11
       110  9.346e+11
       114  9.724e+11
     118.1  1.012e+12
     122.1  1.024e+12
     126.1  1.044e+12
     130.1   1.09e+12
     134.1  1.102e+12
     138.1  1.114e+12
     142.1  1.123e+12
     146.1  1.128e+12
     150.1  1.133e+12
     154.1  1.138e+12
     158.1  1.143e+12
     162.1  1.149e+12
     166.1  1.154e+12
     170.1  1.159e+12
     174.1  1.164e+12
     178.1  1.167e+12
     182.1  1.171e+12
     186.1  1.175e+12
     190.1   1.19e+12
     194.1  1.209e+12
     198.1  1.213e+12
     202.1  1.216e+12
     206.1  1.223e+12
     210.1  1.234e+12
     214.1  1.237e+12
     218.1  1.241e+12
     222.1  1.245e+12
     226.1   1.25e+12
     230.1   1.26e+12
     234.1  1.284e+12
     238.1  1.301e+12
     242.1  1.313e+12
     246.1  1.344e+12
     250.1  1.354e+12
     254.1  1.357e+12
     258.1  1.358e+12
     262.1   1.36e+12
     266.1  1.363e+12
     270.1  1.365e+12
     274.1  1.371e+12
     278.1  1.382e+12
     282.1  1.385e+12
     286.1  1.387e+12
     290.1  1.398e+12
     294.1  1.417e+12
     298.1   1.42e+12
     302.1   1.42e+12
     306.1  1.422e+12
     310.1  1.424e+12
     314.1  1.425e+12
     318.1  1.426e+12
     322.1  1.427e+12
     326.1  1.427e+12
     330.1  1.427e+12
     334.1  1.427e+12
     338.1  1.428e+12
     342.1  1.428e+12
     346.2  1.428e+12
     350.2  1.428e+12
