     2.001       17.5
     6.003       19.3
        10      19.93
     14.01      20.39
     18.01      20.76
     22.01      21.02
     26.01      21.31
     30.01       21.9
     34.01       22.1
     38.02      22.48
     42.02      22.67
     46.02      22.78
     50.02      23.22
     54.02       23.6
     58.03      23.88
     62.03      24.75
     66.03      24.68
     70.03      24.55
     74.03      25.01
     78.03      25.68
     82.04      25.79
     86.04      26.33
     90.04      27.22
     94.04      27.42
     98.04      28.91
       102      28.97
       106      29.57
       110      30.16
       114       29.2
     118.1      29.86
     122.1      31.92
     126.1      31.63
     130.1       30.7
     134.1      31.73
     138.1      33.06
     142.1      33.38
     146.1      34.42
     150.1      35.31
     154.1      35.08
     158.1      33.97
     162.1      36.05
     166.1      36.69
     170.1      36.58
     174.1      37.29
     178.1      37.37
     182.1         38
     186.1      38.67
     190.1      39.23
     194.1      39.56
     198.1      39.85
     202.1       39.6
     206.1      40.73
     210.1      39.74
     214.1      39.18
     218.1      40.82
     222.1      40.72
     226.1      42.03
     230.1      41.43
     234.1      41.84
     238.1      41.47
     242.1      42.21
     246.1      41.97
     250.1      42.07
     254.1         42
     258.1      43.92
     262.1      43.21
     266.1      43.69
     270.1      43.94
     274.1         43
     278.1      42.39
     282.1      43.01
     286.1      43.68
     290.1      44.57
     294.1       44.1
     298.1      42.57
     302.1      43.65
     306.1      44.28
     310.1      43.78
     314.1      43.73
     318.1      41.06
     322.1      44.54
     326.1      45.69
     330.1       43.7
     334.1      42.91
     338.1      43.55
     342.1      45.88
     346.2      48.84
     350.2         50
