         1  1.252e+11
     3.001  6.483e+11
     5.001  1.172e+12
     7.002  1.637e+12
     9.002  2.029e+12
        11  2.368e+12
        13  2.688e+12
        15  2.983e+12
        17  3.265e+12
     19.01   3.52e+12
     21.01  3.771e+12
     23.01  4.021e+12
     25.01  4.259e+12
     27.01  4.482e+12
     29.01  4.688e+12
     31.01  4.878e+12
     33.01  5.056e+12
     35.01  5.221e+12
     37.01  5.379e+12
     39.01  5.527e+12
     41.01   5.67e+12
     43.01    5.8e+12
     45.01  5.933e+12
     47.01  6.058e+12
     49.01  6.183e+12
     51.01  6.299e+12
     53.01  6.412e+12
     55.02  6.518e+12
     57.02  6.625e+12
     59.02  6.724e+12
     61.02  6.822e+12
     63.02  6.919e+12
     65.02   7.01e+12
     67.02  7.097e+12
     69.02   7.18e+12
     71.02  7.262e+12
     73.02  7.343e+12
     75.02  7.423e+12
     77.02  7.496e+12
     79.02  7.569e+12
     81.02  7.641e+12
     83.02  7.715e+12
     85.02  7.786e+12
     87.02  7.853e+12
     89.02  7.918e+12
     91.03  7.986e+12
     93.03  8.053e+12
     95.03  8.113e+12
     97.03  8.176e+12
     99.03  8.241e+12
       101  8.302e+12
       103  8.364e+12
       105   8.42e+12
       107  8.476e+12
       109  8.529e+12
       111  8.582e+12
       113  8.633e+12
       115  8.684e+12
       117  8.734e+12
       119  8.784e+12
       121   8.83e+12
       123  8.877e+12
       125   8.92e+12
       127  8.964e+12
       129  9.008e+12
       131  9.049e+12
       133  9.091e+12
       135  9.132e+12
       137  9.179e+12
       139  9.241e+12
       141   9.31e+12
       143  9.367e+12
       145  9.413e+12
       147  9.458e+12
       149  9.504e+12
       151  9.542e+12
       153  9.579e+12
       155  9.616e+12
       157  9.648e+12
       159   9.68e+12
       161  9.712e+12
       163  9.742e+12
       165  9.774e+12
       167  9.805e+12
       169  9.836e+12
       171  9.869e+12
       173  9.903e+12
       175  9.938e+12
       177  9.969e+12
       179  9.997e+12
       181  1.002e+13
     183.1  1.005e+13
     185.1  1.008e+13
     187.1   1.01e+13
     189.1  1.013e+13
     191.1  1.015e+13
     193.1  1.018e+13
     195.1   1.02e+13
     197.1  1.022e+13
     199.1  1.024e+13
     201.1  1.026e+13
     203.1  1.028e+13
     205.1   1.03e+13
     207.1  1.032e+13
     209.1  1.035e+13
     211.1  1.037e+13
     213.1  1.039e+13
     215.1  1.041e+13
     217.1  1.043e+13
     219.1  1.044e+13
     221.1  1.046e+13
     223.1  1.047e+13
     225.1  1.049e+13
     227.1   1.05e+13
     229.1  1.051e+13
     231.1  1.053e+13
     233.1  1.054e+13
     235.1  1.055e+13
     237.1  1.056e+13
     239.1  1.058e+13
     241.1  1.059e+13
     243.1   1.06e+13
     245.1  1.061e+13
     247.1  1.062e+13
     249.1  1.064e+13
     251.1  1.065e+13
     253.1  1.066e+13
     255.1  1.066e+13
     257.1  1.067e+13
     259.1  1.068e+13
     261.1  1.069e+13
     263.1  1.069e+13
     265.1   1.07e+13
     267.1   1.07e+13
     269.1  1.071e+13
     271.1  1.072e+13
     273.1  1.072e+13
     275.1  1.072e+13
     277.1  1.073e+13
     279.1  1.073e+13
     281.1  1.074e+13
     283.1  1.074e+13
     285.1  1.075e+13
     287.1  1.075e+13
     289.1  1.075e+13
     291.1  1.076e+13
     293.1  1.076e+13
     295.1  1.076e+13
     297.1  1.076e+13
     299.1  1.076e+13
     301.1  1.077e+13
     303.1  1.077e+13
     305.1  1.077e+13
     307.1  1.077e+13
     309.1  1.077e+13
     311.1  1.077e+13
     313.1  1.078e+13
     315.1  1.078e+13
     317.1  1.078e+13
     319.1  1.078e+13
     321.1  1.078e+13
     323.1  1.078e+13
     325.1  1.078e+13
     327.1  1.078e+13
     329.1  1.078e+13
     331.1  1.078e+13
     333.1  1.078e+13
     335.1  1.078e+13
     337.1  1.079e+13
     339.1  1.079e+13
     341.1  1.079e+13
     343.1  1.079e+13
     345.1  1.079e+13
     347.1  1.079e+13
     349.1  1.079e+13
     351.1  1.079e+13
