         1  1.646e+11
     3.001  1.011e+12
     5.001  1.865e+12
     7.002  2.486e+12
     9.002  2.931e+12
        11  3.272e+12
        13  3.575e+12
        15  3.855e+12
        17  4.112e+12
     19.01  4.351e+12
     21.01  4.588e+12
     23.01   4.81e+12
     25.01  5.029e+12
     27.01  5.238e+12
     29.01  5.446e+12
     31.01  5.642e+12
     33.01  5.834e+12
     35.01   6.02e+12
     37.01  6.192e+12
     39.01  6.363e+12
     41.01  6.525e+12
     43.01  6.686e+12
     45.01  6.843e+12
     47.01  6.997e+12
     49.01  7.153e+12
     51.01  7.299e+12
     53.01  7.442e+12
     55.02  7.587e+12
     57.02  7.723e+12
     59.02   7.86e+12
     61.02  7.993e+12
     63.02   8.12e+12
     65.02  8.252e+12
     67.02  8.382e+12
     69.02  8.509e+12
     71.02   8.64e+12
     73.02  8.761e+12
     75.02   8.88e+12
     77.02  9.002e+12
     79.02  9.121e+12
     81.02  9.232e+12
     83.02  9.349e+12
     85.02  9.461e+12
     87.02  9.571e+12
     89.02  9.675e+12
     91.03  9.779e+12
     93.03  9.881e+12
     95.03  9.976e+12
     97.03  1.007e+13
     99.03  1.016e+13
       101  1.025e+13
       103  1.034e+13
       105  1.042e+13
       107  1.051e+13
       109  1.059e+13
       111  1.067e+13
       113  1.074e+13
       115  1.081e+13
       117  1.088e+13
       119  1.095e+13
       121  1.102e+13
       123  1.109e+13
       125  1.115e+13
       127  1.121e+13
       129  1.128e+13
       131  1.134e+13
       133   1.14e+13
       135  1.146e+13
       137  1.152e+13
       139  1.157e+13
       141  1.163e+13
       143  1.168e+13
       145  1.173e+13
       147  1.179e+13
       149  1.184e+13
       151  1.189e+13
       153  1.194e+13
       155  1.199e+13
       157  1.204e+13
       159  1.209e+13
       161  1.214e+13
       163   1.22e+13
       165  1.225e+13
       167  1.231e+13
       169  1.237e+13
       171  1.242e+13
       173  1.246e+13
       175  1.251e+13
       177  1.255e+13
       179   1.26e+13
       181  1.265e+13
     183.1  1.269e+13
     185.1  1.274e+13
     187.1  1.278e+13
     189.1  1.282e+13
     191.1  1.287e+13
     193.1  1.291e+13
     195.1  1.295e+13
     197.1  1.299e+13
     199.1  1.303e+13
     201.1  1.307e+13
     203.1  1.312e+13
     205.1  1.316e+13
     207.1  1.321e+13
     209.1  1.326e+13
     211.1  1.331e+13
     213.1  1.337e+13
     215.1  1.343e+13
     217.1  1.347e+13
     219.1  1.351e+13
     221.1  1.356e+13
     223.1  1.359e+13
     225.1  1.363e+13
     227.1  1.366e+13
     229.1  1.369e+13
     231.1  1.374e+13
     233.1  1.379e+13
     235.1  1.385e+13
     237.1  1.391e+13
     239.1  1.396e+13
     241.1    1.4e+13
     243.1  1.403e+13
     245.1  1.406e+13
     247.1  1.409e+13
     249.1  1.411e+13
     251.1  1.414e+13
     253.1  1.416e+13
     255.1  1.418e+13
     257.1  1.419e+13
     259.1  1.421e+13
     261.1  1.422e+13
     263.1  1.424e+13
     265.1  1.425e+13
     267.1  1.427e+13
     269.1  1.428e+13
     271.1   1.43e+13
     273.1  1.432e+13
     275.1  1.433e+13
     277.1  1.434e+13
     279.1  1.435e+13
     281.1  1.436e+13
     283.1  1.437e+13
     285.1  1.438e+13
     287.1  1.438e+13
     289.1  1.439e+13
     291.1  1.439e+13
     293.1   1.44e+13
     295.1  1.441e+13
     297.1  1.441e+13
     299.1  1.441e+13
     301.1  1.442e+13
     303.1  1.442e+13
     305.1  1.443e+13
     307.1  1.443e+13
     309.1  1.443e+13
     311.1  1.444e+13
     313.1  1.444e+13
     315.1  1.444e+13
     317.1  1.444e+13
     319.1  1.445e+13
     321.1  1.445e+13
     323.1  1.445e+13
     325.1  1.445e+13
     327.1  1.445e+13
     329.1  1.446e+13
     331.1  1.446e+13
     333.1  1.446e+13
     335.1  1.446e+13
     337.1  1.446e+13
     339.1  1.446e+13
     341.1  1.446e+13
     343.1  1.447e+13
     345.1  1.447e+13
     347.1  1.447e+13
     349.1  1.447e+13
     351.1  1.447e+13
