         1  1.391e+10
     3.001  7.251e+10
     5.002  1.315e+11
     7.003  1.761e+11
     9.004  2.142e+11
        11  2.513e+11
     13.01  2.849e+11
     15.01  3.201e+11
     17.01  3.529e+11
     19.01   3.87e+11
     21.01  4.177e+11
     23.01  4.489e+11
     25.01  4.744e+11
     27.01  4.965e+11
     29.01  5.189e+11
     31.01  5.381e+11
     33.01  5.555e+11
     35.01  5.731e+11
     37.01  5.894e+11
     39.02  6.056e+11
     41.02  6.215e+11
     43.02   6.35e+11
     45.02  6.504e+11
     47.02  6.643e+11
     49.02  6.779e+11
     51.02  6.932e+11
     53.02   7.06e+11
     55.02  7.203e+11
     57.02  7.332e+11
     59.02  7.461e+11
     61.02  7.577e+11
     63.02  7.702e+11
     65.03  7.813e+11
     67.03  7.928e+11
     69.03  8.036e+11
     71.03  8.151e+11
     73.03  8.257e+11
     75.03  8.358e+11
     77.03  8.477e+11
     79.03  8.621e+11
     81.03  8.754e+11
     83.03  8.867e+11
     85.03  8.994e+11
     87.03  9.107e+11
     89.04  9.205e+11
     91.04  9.309e+11
     93.04    9.4e+11
     95.04  9.488e+11
     97.04  9.584e+11
     99.04  9.679e+11
       101   9.77e+11
       103   9.86e+11
       105   9.95e+11
       107  1.006e+12
       109  1.015e+12
       111  1.024e+12
       113  1.032e+12
       115   1.04e+12
       117  1.047e+12
       119  1.055e+12
       121  1.063e+12
       123   1.07e+12
       125  1.078e+12
     127.1  1.084e+12
     129.1  1.091e+12
     131.1  1.097e+12
     133.1  1.103e+12
     135.1  1.109e+12
     137.1  1.114e+12
     139.1   1.12e+12
     141.1  1.125e+12
     143.1  1.131e+12
     145.1  1.137e+12
     147.1  1.143e+12
     149.1  1.148e+12
     151.1  1.154e+12
     153.1  1.159e+12
     155.1  1.164e+12
     157.1  1.169e+12
     159.1  1.175e+12
     161.1  1.179e+12
     163.1  1.183e+12
     165.1  1.188e+12
     167.1  1.194e+12
     169.1  1.199e+12
     171.1  1.205e+12
     173.1   1.21e+12
     175.1  1.215e+12
     177.1  1.219e+12
     179.1  1.223e+12
     181.1  1.227e+12
     183.1  1.232e+12
     185.1  1.236e+12
     187.1   1.24e+12
     189.1  1.245e+12
     191.1  1.249e+12
     193.1  1.254e+12
     195.1  1.259e+12
     197.1  1.264e+12
     199.1  1.268e+12
     201.1  1.273e+12
     203.1  1.277e+12
     205.1  1.281e+12
     207.1  1.285e+12
     209.1  1.289e+12
     211.1  1.293e+12
     213.1  1.298e+12
     215.1  1.301e+12
     217.1  1.306e+12
     219.1  1.311e+12
     221.1  1.316e+12
     223.1   1.32e+12
     225.1  1.324e+12
     227.1  1.327e+12
     229.1  1.331e+12
     231.1  1.335e+12
     233.1  1.339e+12
     235.1  1.343e+12
     237.1  1.348e+12
     239.1  1.353e+12
     241.1  1.357e+12
     243.1  1.361e+12
     245.1  1.364e+12
     247.1  1.368e+12
     249.1  1.374e+12
     251.1  1.379e+12
     253.1  1.382e+12
     255.1  1.385e+12
     257.1  1.387e+12
     259.1   1.39e+12
     261.1  1.392e+12
     263.1  1.394e+12
     265.1  1.396e+12
     267.1  1.397e+12
     269.1  1.399e+12
     271.1    1.4e+12
     273.1  1.402e+12
     275.1  1.403e+12
     277.1  1.404e+12
     279.1  1.405e+12
     281.1  1.406e+12
     283.1  1.407e+12
     285.1  1.408e+12
     287.1  1.409e+12
     289.1   1.41e+12
     291.1  1.411e+12
     293.1  1.412e+12
     295.1  1.412e+12
     297.1  1.413e+12
     299.1  1.414e+12
     301.1  1.415e+12
     303.1  1.415e+12
     305.1  1.416e+12
     307.1  1.416e+12
     309.1  1.417e+12
     311.1  1.417e+12
     313.1  1.417e+12
     315.1  1.418e+12
     317.1  1.418e+12
     319.1  1.419e+12
     321.1  1.419e+12
     323.1  1.419e+12
     325.1  1.419e+12
     327.1  1.419e+12
     329.1   1.42e+12
     331.1   1.42e+12
     333.1   1.42e+12
     335.1   1.42e+12
     337.1   1.42e+12
     339.1   1.42e+12
     341.1   1.42e+12
     343.1   1.42e+12
     345.1   1.42e+12
     347.1   1.42e+12
     349.1  1.421e+12
     351.1  1.421e+12
