     1.006  3.322e+10
     3.017  7.843e+10
     5.028  9.827e+10
     7.039  1.162e+11
      9.05  1.333e+11
     11.06  1.492e+11
     13.07  1.629e+11
     15.08   1.75e+11
     17.09  1.853e+11
     19.11  1.963e+11
     21.12  2.047e+11
     23.13  2.118e+11
     25.14  2.201e+11
     27.15  2.267e+11
     29.16  2.333e+11
     31.17  2.402e+11
     33.18  2.463e+11
     35.19  2.532e+11
     37.21  2.604e+11
     39.22  2.676e+11
     41.23  2.754e+11
     43.24  2.821e+11
     45.25  2.908e+11
     47.26  2.966e+11
     49.27  3.035e+11
     51.28  3.117e+11
     53.29  3.191e+11
     55.31  3.281e+11
     57.32  3.378e+11
     59.33  3.456e+11
     61.34  3.524e+11
     63.35  3.607e+11
     65.36  3.691e+11
     67.37  3.767e+11
     69.38  3.842e+11
     71.39  3.914e+11
     73.41  3.977e+11
     75.42  4.053e+11
     77.43  4.112e+11
     79.44  4.162e+11
     81.45  4.217e+11
     83.46  4.274e+11
     85.47  4.322e+11
     87.48  4.371e+11
     89.49  4.422e+11
      91.5  4.476e+11
     93.52  4.534e+11
     95.53  4.583e+11
     97.54  4.628e+11
     99.55  4.672e+11
     101.6  4.717e+11
     103.6   4.76e+11
     105.6  4.793e+11
     107.6  4.842e+11
     109.6  4.877e+11
     111.6  4.914e+11
     113.6  4.959e+11
     115.6  5.016e+11
     117.6  5.065e+11
     119.7  5.111e+11
     121.7  5.155e+11
     123.7  5.185e+11
     125.7  5.209e+11
     127.7  5.235e+11
     129.7  5.258e+11
     131.7  5.279e+11
     133.7  5.303e+11
     135.7  5.332e+11
     137.8  5.359e+11
     139.8  5.403e+11
     141.8  5.431e+11
     143.8  5.455e+11
     145.8  5.485e+11
     147.8  5.507e+11
     149.8  5.531e+11
     151.8  5.547e+11
     153.8  5.564e+11
     155.9  5.578e+11
     157.9  5.594e+11
     159.9  5.605e+11
     161.9  5.613e+11
     163.9  5.621e+11
     165.9  5.628e+11
     167.9  5.637e+11
     169.9  5.645e+11
     171.9  5.656e+11
       174  5.661e+11
       176  5.668e+11
       178  5.673e+11
       180  5.682e+11
       182  5.692e+11
       184  5.701e+11
       186  5.709e+11
       188  5.717e+11
       190  5.722e+11
     192.1  5.728e+11
     194.1  5.735e+11
     196.1  5.741e+11
     198.1  5.747e+11
     200.1   5.75e+11
     202.1  5.754e+11
     204.1  5.757e+11
     206.1   5.76e+11
     208.1  5.763e+11
     210.2  5.766e+11
     212.2  5.767e+11
     214.2  5.769e+11
     216.2   5.77e+11
     218.2  5.775e+11
     220.2  5.778e+11
     222.2  5.779e+11
     224.2  5.782e+11
     226.2  5.785e+11
     228.3  5.787e+11
     230.3  5.788e+11
     232.3  5.791e+11
     234.3  5.792e+11
     236.3  5.793e+11
     238.3  5.796e+11
     240.3  5.797e+11
     242.3  5.799e+11
     244.3  5.799e+11
     246.4  5.801e+11
     248.4  5.802e+11
     250.4  5.803e+11
     252.4  5.804e+11
     254.4  5.804e+11
     256.4  5.805e+11
     258.4  5.807e+11
     260.4  5.808e+11
     262.4  5.808e+11
     264.5   5.81e+11
     266.5  5.811e+11
     268.5  5.811e+11
     270.5  5.813e+11
     272.5  5.813e+11
     274.5  5.814e+11
     276.5  5.814e+11
     278.5  5.814e+11
     280.5  5.815e+11
     282.6  5.816e+11
     284.6  5.816e+11
     286.6  5.816e+11
     288.6  5.816e+11
     290.6  5.816e+11
     292.6  5.816e+11
     294.6  5.817e+11
     296.6  5.818e+11
     298.6  5.818e+11
     300.7  5.818e+11
     302.7  5.819e+11
     304.7  5.819e+11
     306.7  5.819e+11
     308.7  5.819e+11
     310.7   5.82e+11
     312.7   5.82e+11
     314.7   5.82e+11
     316.7   5.82e+11
     318.8  5.821e+11
     320.8  5.821e+11
     322.8  5.822e+11
     324.8  5.822e+11
     326.8  5.822e+11
     328.8  5.822e+11
     330.8  5.822e+11
     332.8  5.823e+11
     334.8  5.823e+11
     336.9  5.823e+11
     338.9  5.823e+11
     340.9  5.823e+11
     342.9  5.823e+11
     344.9  5.823e+11
     346.9  5.823e+11
     348.9  5.823e+11
     350.9  5.823e+11
