     2.023   6.22e+10
     6.068  1.074e+11
     10.11  1.424e+11
     14.16  1.699e+11
      18.2  1.915e+11
     22.25  2.088e+11
     26.29  2.241e+11
     30.34  2.373e+11
     34.39  2.504e+11
     38.43  2.647e+11
     42.48  2.797e+11
     46.52  2.945e+11
     50.57  3.085e+11
     54.61  3.247e+11
     58.66  3.435e+11
      62.7  3.584e+11
     66.75  3.748e+11
     70.79  3.894e+11
     74.84  4.023e+11
     78.88  4.144e+11
     82.93  4.257e+11
     86.97  4.356e+11
     91.02  4.467e+11
     95.06  4.571e+11
     99.11  4.663e+11
     103.2  4.754e+11
     107.2  4.834e+11
     111.2  4.908e+11
     115.3  5.009e+11
     119.3  5.103e+11
     123.4  5.182e+11
     127.4  5.232e+11
     131.5  5.277e+11
     135.5  5.326e+11
     139.6    5.4e+11
     143.6  5.453e+11
     147.7  5.505e+11
     151.7  5.546e+11
     155.7  5.578e+11
     159.8  5.605e+11
     163.8   5.62e+11
     167.9  5.637e+11
     171.9  5.655e+11
       176  5.668e+11
       180  5.682e+11
     184.1  5.701e+11
     188.1  5.717e+11
     192.2  5.728e+11
     196.2  5.741e+11
     200.2  5.752e+11
     204.3  5.757e+11
     208.3  5.763e+11
     212.4  5.767e+11
     216.4  5.771e+11
     220.5  5.779e+11
     224.5  5.783e+11
     228.6  5.787e+11
     232.6  5.791e+11
     236.7  5.794e+11
     240.7  5.797e+11
     244.7  5.799e+11
     248.8  5.802e+11
     252.8  5.804e+11
     256.9  5.806e+11
     260.9  5.808e+11
       265   5.81e+11
       269  5.812e+11
     273.1  5.813e+11
     277.1  5.814e+11
     281.1  5.815e+11
     285.2  5.816e+11
     289.2  5.816e+11
     293.3  5.816e+11
     297.3  5.818e+11
     301.4  5.819e+11
     305.4  5.819e+11
     309.5  5.819e+11
     313.5   5.82e+11
     317.6   5.82e+11
     321.6  5.822e+11
     325.6  5.822e+11
     329.7  5.822e+11
     333.7  5.823e+11
     337.8  5.823e+11
     341.8  5.823e+11
     345.9  5.823e+11
     349.9  5.823e+11
