     2.023      18.13
     6.068      19.47
     10.11       20.1
     14.16      20.75
      18.2       21.2
     22.25      21.73
     26.29      22.18
     30.34      22.33
     34.39      22.54
     38.43      22.55
     42.48      22.95
     46.52       23.4
     50.57       23.3
     54.61      23.49
     58.66      23.58
      62.7      23.57
     66.75      24.33
     70.79      24.84
     74.84      25.54
     78.88      25.77
     82.93      27.24
     86.97      27.86
     91.02         28
     95.06      28.18
     99.11      29.15
     103.2      30.82
     107.2      31.73
     111.2      31.87
     115.3      33.46
     119.3       34.9
     123.4      35.62
     127.4      37.85
     131.5       38.9
     135.5      38.52
     139.6      38.98
     143.6      37.99
     147.7      38.47
     151.7       40.7
     155.7      41.33
     159.8      42.18
     163.8      43.41
     167.9      43.57
     171.9      43.96
       176      44.72
       180      44.41
     184.1      44.93
     188.1      45.68
     192.2      45.66
     196.2      45.56
     200.2      46.84
     204.3      47.41
     208.3       47.5
     212.4      48.27
     216.4      48.04
     220.5      47.68
     224.5      48.64
     228.6      48.57
     232.6       48.8
     236.7      48.91
     240.7         49
     244.7      49.14
     248.8       49.3
     252.8       49.4
     256.9      48.92
     260.9      49.12
       265      49.22
       269      49.37
     273.1      49.37
     277.1      49.36
     281.1      49.34
     285.2      49.54
     289.2      49.72
     293.3      49.22
     297.3      49.09
     301.4      49.23
     305.4      49.61
     309.5      49.28
     313.5      48.98
     317.6      48.58
     321.6      48.04
     325.6      49.39
     329.7       49.4
     333.7      49.87
     337.8         50
     341.8         50
     345.9         50
     349.9         50
