     2.023      18.38
     6.068      19.62
     10.11      20.23
     14.16      20.89
      18.2      21.34
     22.25      21.87
     26.29      22.33
     30.34      22.48
     34.39       22.7
     38.43      22.71
     42.48      23.14
     46.52      23.59
     50.57      23.46
     54.61      23.67
     58.66      23.75
      62.7      23.75
     66.75      24.49
     70.79      25.01
     74.84      25.68
     78.88      25.92
     82.93      27.39
     86.97      27.99
     91.02      28.16
     95.06      28.32
     99.11      29.27
     103.2      30.93
     107.2      31.84
     111.2         32
     115.3      33.57
     119.3         35
     123.4      35.72
     127.4      37.95
     131.5      39.04
     135.5      38.65
     139.6      39.07
     143.6      38.07
     147.7      38.59
     151.7      40.86
     155.7      41.39
     159.8      42.24
     163.8      43.47
     167.9      43.61
     171.9      43.99
       176      44.76
       180      44.45
     184.1      44.96
     188.1      45.82
     192.2       45.9
     196.2      45.75
     200.2      47.05
     204.3      47.58
     208.3      47.58
     212.4      48.29
     216.4      48.05
     220.5       47.7
     224.5      48.65
     228.6      48.58
     232.6      48.81
     236.7      48.92
     240.7      49.01
     244.7      49.14
     248.8       49.3
     252.8       49.4
     256.9      48.93
     260.9      49.12
       265      49.23
       269      49.38
     273.1      49.38
     277.1      49.37
     281.1      49.34
     285.2      49.54
     289.2      49.72
     293.3      49.23
     297.3       49.1
     301.4      49.23
     305.4      49.61
     309.5      49.29
     313.5      48.99
     317.6      48.59
     321.6      48.06
     325.6      49.39
     329.7       49.4
     333.7      49.88
     337.8         50
     341.8         50
     345.9         50
     349.9         50
