     2.001  3.059e+10
     6.002  1.044e+11
        10  2.134e+11
        14  3.243e+11
        18  4.363e+11
     22.01  5.466e+11
     26.01  6.594e+11
     30.01  7.636e+11
     34.01  8.654e+11
     38.01  9.659e+11
     42.01  1.066e+12
     46.01   1.16e+12
     50.01   1.25e+12
     54.01  1.338e+12
     58.02  1.425e+12
     62.02  1.508e+12
     66.02  1.593e+12
     70.02  1.675e+12
     74.02  1.757e+12
     78.02  1.838e+12
     82.02  1.914e+12
     86.02  1.987e+12
     90.02  2.065e+12
     94.03  2.137e+12
     98.03  2.209e+12
       102  2.279e+12
       106  2.348e+12
       110   2.42e+12
       114  2.488e+12
       118  2.553e+12
       122  2.617e+12
       126  2.689e+12
       130  2.752e+12
       134  2.812e+12
       138  2.867e+12
       142  2.922e+12
       146   2.98e+12
       150  3.036e+12
       154   3.09e+12
       158  3.144e+12
       162  3.193e+12
       166  3.244e+12
       170  3.295e+12
       174  3.346e+12
       178  3.399e+12
     182.1  3.449e+12
     186.1  3.497e+12
     190.1  3.544e+12
     194.1  3.589e+12
     198.1  3.633e+12
     202.1  3.682e+12
     206.1  3.731e+12
     210.1  3.775e+12
     214.1  3.817e+12
     218.1  3.857e+12
     222.1  3.897e+12
     226.1  3.936e+12
     230.1   3.98e+12
     234.1  4.019e+12
     238.1  4.056e+12
     242.1  4.093e+12
     246.1  4.129e+12
     250.1  4.164e+12
     254.1  4.191e+12
     258.1  4.211e+12
     262.1  4.232e+12
     266.1  4.246e+12
     270.1  4.259e+12
     274.1   4.27e+12
     278.1  4.279e+12
     282.1   4.29e+12
     286.1  4.299e+12
     290.1  4.306e+12
     294.1  4.313e+12
     298.1  4.318e+12
     302.1  4.323e+12
     306.1  4.327e+12
     310.1  4.331e+12
     314.1  4.334e+12
     318.1  4.337e+12
     322.1  4.339e+12
     326.1  4.341e+12
     330.1  4.343e+12
     334.1  4.344e+12
     338.1  4.347e+12
     342.1  4.351e+12
     346.1  4.352e+12
     350.1  4.352e+12
