         1  2.272e+10
     3.001  4.348e+10
     5.001  8.189e+10
     7.002    1.3e+11
     9.002   1.85e+11
        11  2.414e+11
        13  2.982e+11
        15  3.527e+11
        17   4.08e+11
     19.01  4.645e+11
     21.01  5.186e+11
     23.01  5.742e+11
     25.01  6.328e+11
     27.01   6.84e+11
     29.01  7.375e+11
     31.01   7.89e+11
     33.01  8.395e+11
     35.01  8.916e+11
     37.01  9.394e+11
     39.01  9.908e+11
     41.01  1.041e+12
     43.01   1.09e+12
     45.01  1.136e+12
     47.01  1.183e+12
     49.01  1.228e+12
     51.01  1.274e+12
     53.01  1.315e+12
     55.02   1.36e+12
     57.02  1.403e+12
     59.02  1.446e+12
     61.02  1.487e+12
     63.02   1.53e+12
     65.02  1.573e+12
     67.02  1.614e+12
     69.02  1.655e+12
     71.02  1.696e+12
     73.02  1.736e+12
     75.02  1.777e+12
     77.02  1.818e+12
     79.02  1.857e+12
     81.02  1.895e+12
     83.02  1.932e+12
     85.02  1.969e+12
     87.02  2.007e+12
     89.02  2.046e+12
     91.03  2.083e+12
     93.03  2.119e+12
     95.03  2.155e+12
     97.03   2.19e+12
     99.03  2.227e+12
       101  2.261e+12
       103  2.295e+12
       105  2.331e+12
       107  2.366e+12
       109  2.401e+12
       111  2.437e+12
       113  2.472e+12
       115  2.504e+12
       117  2.536e+12
       119  2.569e+12
       121  2.601e+12
       123  2.636e+12
       125  2.672e+12
       127  2.706e+12
       129  2.737e+12
       131  2.767e+12
       133  2.797e+12
       135  2.826e+12
       137  2.853e+12
       139  2.881e+12
       141  2.908e+12
       143  2.937e+12
       145  2.966e+12
       147  2.993e+12
       149  3.021e+12
       151   3.05e+12
       153  3.078e+12
       155  3.105e+12
       157  3.131e+12
       159  3.156e+12
       161  3.181e+12
       163  3.206e+12
       165  3.231e+12
       167  3.256e+12
       169  3.282e+12
       171  3.308e+12
       173  3.333e+12
       175  3.359e+12
       177  3.386e+12
       179  3.414e+12
       181  3.438e+12
     183.1  3.462e+12
     185.1  3.485e+12
     187.1  3.509e+12
     189.1  3.533e+12
     191.1  3.555e+12
     193.1  3.578e+12
     195.1    3.6e+12
     197.1  3.622e+12
     199.1  3.644e+12
     201.1  3.669e+12
     203.1  3.696e+12
     205.1   3.72e+12
     207.1  3.744e+12
     209.1  3.764e+12
     211.1  3.786e+12
     213.1  3.807e+12
     215.1  3.826e+12
     217.1  3.846e+12
     219.1  3.866e+12
     221.1  3.887e+12
     223.1  3.906e+12
     225.1  3.927e+12
     227.1  3.947e+12
     229.1   3.97e+12
     231.1   3.99e+12
     233.1   4.01e+12
     235.1  4.028e+12
     237.1  4.047e+12
     239.1  4.066e+12
     241.1  4.085e+12
     243.1  4.103e+12
     245.1  4.121e+12
     247.1  4.138e+12
     249.1  4.155e+12
     251.1  4.173e+12
     253.1  4.185e+12
     255.1  4.196e+12
     257.1  4.206e+12
     259.1  4.216e+12
     261.1  4.227e+12
     263.1  4.236e+12
     265.1  4.243e+12
     267.1   4.25e+12
     269.1  4.256e+12
     271.1  4.262e+12
     273.1  4.268e+12
     275.1  4.272e+12
     277.1  4.277e+12
     279.1  4.282e+12
     281.1  4.287e+12
     283.1  4.292e+12
     285.1  4.297e+12
     287.1  4.301e+12
     289.1  4.304e+12
     291.1  4.308e+12
     293.1  4.311e+12
     295.1  4.314e+12
     297.1  4.317e+12
     299.1  4.319e+12
     301.1  4.321e+12
     303.1  4.324e+12
     305.1  4.326e+12
     307.1  4.328e+12
     309.1   4.33e+12
     311.1  4.331e+12
     313.1  4.333e+12
     315.1  4.335e+12
     317.1  4.336e+12
     319.1  4.337e+12
     321.1  4.338e+12
     323.1  4.339e+12
     325.1   4.34e+12
     327.1  4.341e+12
     329.1  4.342e+12
     331.1  4.343e+12
     333.1  4.344e+12
     335.1  4.344e+12
     337.1  4.346e+12
     339.1  4.348e+12
     341.1   4.35e+12
     343.1  4.351e+12
     345.1  4.352e+12
     347.1  4.352e+12
     349.1  4.352e+12
     351.1  4.352e+12
