     2.001      18.12
     6.002      20.14
        10      20.53
        14      20.78
        18      21.14
     22.01      21.32
     26.01      21.58
     30.01      21.75
     34.01      21.95
     38.01      22.06
     42.01      22.19
     46.01      22.33
     50.01      22.46
     54.01      22.63
     58.02      22.74
     62.02       22.8
     66.02      22.92
     70.02      22.99
     74.02      23.08
     78.02       23.2
     82.02      23.27
     86.02      23.32
     90.02      23.39
     94.03      23.47
     98.03      23.59
       102      23.67
       106      23.72
       110      23.82
       114      23.89
       118      23.98
       122      24.07
       126      24.11
       130      24.24
       134       24.3
       138      24.43
       142      24.41
       146      24.46
       150       24.6
       154      24.76
       158      24.82
       162      24.93
       166      25.03
       170      24.98
       174      25.04
       178      25.07
     182.1      25.27
     186.1      25.44
     190.1      25.51
     194.1      25.52
     198.1      25.48
     202.1      25.53
     206.1      25.74
     210.1      25.54
     214.1      25.59
     218.1      25.84
     222.1      25.95
     226.1      25.93
     230.1      26.02
     234.1      26.32
     238.1      26.46
     242.1      26.54
     246.1      26.74
     250.1      27.09
     254.1       27.4
     258.1      27.23
     262.1      27.37
     266.1       27.5
     270.1      27.46
     274.1      27.06
     278.1      27.06
     282.1      27.73
     286.1      28.35
     290.1      28.15
     294.1       28.1
     298.1      28.77
     302.1      28.38
     306.1      28.29
     310.1      28.71
     314.1      29.02
     318.1      30.09
     322.1      29.07
     326.1      28.89
     330.1      31.01
     334.1      31.82
     338.1       30.7
     342.1      30.35
     346.1      33.98
     350.1      37.06
