         1      14.49
     3.001      20.29
     5.001      20.35
     7.002      20.51
     9.002      20.71
        11      20.95
        13      20.89
        15       21.2
        17       21.3
     19.01      21.59
     21.01      21.59
     23.01      21.69
     25.01      21.81
     27.01      21.99
     29.01      22.02
     31.01      22.09
     33.01      22.22
     35.01      22.31
     37.01      22.32
     39.01      22.41
     41.01      22.47
     43.01      22.54
     45.01      22.63
     47.01      22.66
     49.01      22.72
     51.01      22.82
     53.01       22.9
     55.02         23
     57.02      23.03
     59.02       23.1
     61.02       23.1
     63.02      23.14
     65.02       23.2
     67.02      23.29
     69.02      23.31
     71.02      23.32
     73.02      23.37
     75.02      23.43
     77.02       23.5
     79.02      23.57
     81.02      23.59
     83.02      23.58
     85.02      23.62
     87.02      23.67
     89.02      23.66
     91.03      23.77
     93.03      23.76
     95.03      23.82
     97.03       23.9
     99.03      23.93
       101         24
       103      23.99
       105      24.03
       107      24.07
       109      24.17
       111      24.18
       113      24.21
       115      24.25
       117      24.29
       119      24.37
       121      24.45
       123       24.4
       125      24.44
       127      24.49
       129      24.61
       131      24.57
       133      24.61
       135      24.69
       137      24.79
       139      24.78
       141      24.78
       143      24.75
       145      24.77
       147      24.83
       149      24.86
       151      25.05
       153      25.12
       155      25.14
       157      25.12
       159      25.24
       161      25.24
       163      25.35
       165      25.41
       167       25.4
       169      25.32
       171      25.39
       173      25.44
       175      25.38
       177       25.4
       179      25.47
       181      25.65
     183.1      25.61
     185.1      25.77
     187.1      25.84
     189.1      25.93
     191.1      25.84
     193.1      25.85
     195.1      25.94
     197.1       25.9
     199.1      25.82
     201.1      25.79
     203.1      26.01
     205.1      26.19
     207.1      26.03
     209.1      26.02
     211.1       25.8
     213.1      25.88
     215.1      26.04
     217.1      26.18
     219.1      26.23
     221.1      26.39
     223.1      26.25
     225.1      26.23
     227.1      26.38
     229.1      26.39
     231.1       26.4
     233.1      26.64
     235.1      26.75
     237.1      26.92
     239.1      26.73
     241.1      26.92
     243.1       26.9
     245.1      27.06
     247.1      27.17
     249.1      27.39
     251.1      27.53
     253.1      27.69
     255.1      27.84
     257.1      27.62
     259.1      27.59
     261.1      27.77
     263.1       27.7
     265.1       27.8
     267.1      27.94
     269.1      27.82
     271.1      27.83
     273.1      27.41
     275.1      27.46
     277.1      27.33
     279.1      27.54
     281.1      27.83
     283.1      28.39
     285.1      28.43
     287.1      29.06
     289.1      28.66
     291.1      28.37
     293.1      28.21
     295.1       28.7
     297.1         29
     299.1      29.28
     301.1      28.95
     303.1      28.77
     305.1      28.88
     307.1      28.48
     309.1      28.87
     311.1       29.3
     313.1         30
     315.1      28.62
     317.1       29.6
     319.1      31.11
     321.1      29.17
     323.1      29.66
     325.1      29.12
     327.1      29.39
     329.1      31.11
     331.1      31.71
     333.1      31.85
     335.1      32.61
     337.1       30.8
     339.1      31.32
     341.1      29.23
     343.1      31.59
     345.1      32.53
     347.1      35.42
     349.1      36.66
     351.1      38.22
