         1  6.544e+09
     3.001  1.422e+10
     5.001  2.723e+10
     7.002   4.43e+10
     9.002  6.594e+10
        11  9.007e+10
        13  1.142e+11
        15  1.403e+11
        17   1.66e+11
     19.01  1.903e+11
     21.01  2.158e+11
     23.01  2.415e+11
     25.01  2.686e+11
     27.01  2.955e+11
     29.01   3.21e+11
     31.01  3.458e+11
     33.01    3.7e+11
     35.01  3.914e+11
     37.01  4.135e+11
     39.01  4.339e+11
     41.01  4.551e+11
     43.01  4.763e+11
     45.01  4.969e+11
     47.01  5.166e+11
     49.01  5.355e+11
     51.01  5.541e+11
     53.01  5.709e+11
     55.02  5.913e+11
     57.02  6.122e+11
     59.02  6.312e+11
     61.02  6.493e+11
     63.02  6.685e+11
     65.02  6.864e+11
     67.02  7.041e+11
     69.02  7.214e+11
     71.02  7.395e+11
     73.02   7.55e+11
     75.02  7.701e+11
     77.02  7.844e+11
     79.02  8.011e+11
     81.02  8.158e+11
     83.02  8.325e+11
     85.02  8.488e+11
     87.02  8.648e+11
     89.02  8.797e+11
     91.03  8.946e+11
     93.03  9.121e+11
     95.03  9.291e+11
     97.03  9.439e+11
     99.03  9.612e+11
       101  9.767e+11
       103   9.92e+11
       105  1.006e+12
       107  1.019e+12
       109  1.032e+12
       111  1.045e+12
       113  1.057e+12
       115   1.07e+12
       117  1.082e+12
       119  1.092e+12
       121  1.105e+12
       123  1.116e+12
       125  1.127e+12
       127   1.14e+12
       129   1.15e+12
       131  1.161e+12
       133  1.173e+12
       135  1.183e+12
       137  1.194e+12
       139  1.206e+12
       141  1.217e+12
       143  1.228e+12
       145  1.239e+12
       147  1.248e+12
       149  1.258e+12
       151  1.268e+12
       153  1.278e+12
       155  1.288e+12
       157  1.299e+12
       159  1.309e+12
       161   1.32e+12
       163  1.329e+12
       165  1.339e+12
       167  1.349e+12
       169  1.359e+12
       171  1.367e+12
       173  1.377e+12
       175  1.386e+12
       177  1.396e+12
       179  1.405e+12
       181  1.413e+12
     183.1  1.422e+12
     185.1   1.43e+12
     187.1  1.438e+12
     189.1  1.446e+12
     191.1  1.454e+12
     193.1  1.461e+12
     195.1  1.468e+12
     197.1  1.475e+12
     199.1  1.483e+12
     201.1  1.491e+12
     203.1  1.498e+12
     205.1  1.505e+12
     207.1  1.512e+12
     209.1  1.519e+12
     211.1  1.526e+12
     213.1  1.532e+12
     215.1  1.538e+12
     217.1  1.544e+12
     219.1  1.549e+12
     221.1  1.555e+12
     223.1   1.56e+12
     225.1  1.565e+12
     227.1  1.571e+12
     229.1  1.577e+12
     231.1  1.581e+12
     233.1  1.587e+12
     235.1  1.592e+12
     237.1  1.597e+12
     239.1  1.602e+12
     241.1  1.607e+12
     243.1  1.612e+12
     245.1  1.618e+12
     247.1  1.623e+12
     249.1  1.629e+12
     251.1  1.634e+12
     253.1  1.639e+12
     255.1  1.643e+12
     257.1  1.647e+12
     259.1   1.65e+12
     261.1  1.653e+12
     263.1  1.656e+12
     265.1  1.658e+12
     267.1   1.66e+12
     269.1  1.661e+12
     271.1  1.663e+12
     273.1  1.665e+12
     275.1  1.666e+12
     277.1  1.667e+12
     279.1  1.668e+12
     281.1   1.67e+12
     283.1  1.671e+12
     285.1  1.672e+12
     287.1  1.673e+12
     289.1  1.674e+12
     291.1  1.674e+12
     293.1  1.675e+12
     295.1  1.676e+12
     297.1  1.677e+12
     299.1  1.678e+12
     301.1  1.679e+12
     303.1  1.679e+12
     305.1  1.679e+12
     307.1   1.68e+12
     309.1   1.68e+12
     311.1  1.681e+12
     313.1  1.681e+12
     315.1  1.682e+12
     317.1  1.683e+12
     319.1  1.683e+12
     321.1  1.683e+12
     323.1  1.684e+12
     325.1  1.684e+12
     327.1  1.685e+12
     329.1  1.687e+12
     331.1   1.69e+12
     333.1  1.691e+12
     335.1  1.691e+12
     337.1  1.691e+12
     339.1  1.691e+12
     341.1  1.691e+12
     343.1  1.691e+12
     345.1  1.691e+12
     347.1  1.691e+12
     349.1  1.692e+12
     351.1  1.692e+12
