         1      21.73
     3.001      21.69
     5.001      21.88
     7.002      21.99
     9.002      22.04
        11      22.19
        13      22.25
        15      22.42
        17       22.6
     19.01      22.66
     21.01       22.8
     23.01      22.81
     25.01      22.91
     27.01      22.92
     29.01      23.06
     31.01      23.14
     33.01      23.23
     35.01      23.31
     37.01      23.43
     39.01      23.63
     41.01      23.65
     43.01       23.7
     45.01      23.82
     47.01      23.94
     49.01         24
     51.01      24.04
     53.01      24.13
     55.02      24.15
     57.02      24.16
     59.02      24.28
     61.02      24.35
     63.02      24.39
     65.02      24.43
     67.02      24.52
     69.02      24.49
     71.02      24.63
     73.02       24.7
     75.02      24.87
     77.02      24.94
     79.02      24.89
     81.02      24.93
     83.02      24.95
     85.02      25.01
     87.02      25.11
     89.02       25.2
     91.03      25.17
     93.03      25.16
     95.03      25.25
     97.03      25.33
     99.03      25.27
       101      25.33
       103      25.35
       105      25.52
       107      25.61
       109      25.56
       111      25.54
       113       25.8
       115      25.78
       117      25.73
       119      25.79
       121      25.93
       123      25.79
       125      25.76
       127      25.94
       129      26.07
       131      26.26
       133       26.7
       135      26.62
       137      26.48
       139      26.64
       141      26.43
       143      26.92
       145      27.03
       147      27.36
       149      27.01
       151      27.46
       153      27.69
       155      27.71
       157      27.41
       159      27.39
       161      27.68
       163      27.91
       165      28.21
       167      28.71
       169      28.91
       171      29.03
       173      29.34
       175      29.25
       177      29.36
       179      28.75
       181      28.99
     183.1      29.74
     185.1      30.19
     187.1      30.25
     189.1      31.09
     191.1      31.48
     193.1       31.4
     195.1      30.64
     197.1      29.98
     199.1      30.34
     201.1       30.6
     203.1      31.06
     205.1      30.87
     207.1      30.69
     209.1      31.09
     211.1      31.41
     213.1      31.83
     215.1      32.69
     217.1      33.29
     219.1      33.09
     221.1      33.19
     223.1      33.22
     225.1      32.89
     227.1      32.77
     229.1      33.35
     231.1      34.08
     233.1      34.76
     235.1      34.26
     237.1      34.03
     239.1      33.66
     241.1      33.74
     243.1      33.64
     245.1      33.27
     247.1      32.92
     249.1      33.67
     251.1      33.78
     253.1      34.74
     255.1       35.2
     257.1      36.05
     259.1      35.36
     261.1      34.82
     263.1      35.66
     265.1      36.73
     267.1      36.86
     269.1      36.23
     271.1      36.24
     273.1      36.41
     275.1      36.91
     277.1      38.76
     279.1      37.37
     281.1      37.04
     283.1      37.25
     285.1      37.93
     287.1      39.58
     289.1      39.06
     291.1       37.4
     293.1      38.36
     295.1       37.4
     297.1      39.17
     299.1      39.08
     301.1      40.21
     303.1      40.24
     305.1      41.23
     307.1      41.73
     309.1       40.8
     311.1      38.94
     313.1       37.7
     315.1      37.68
     317.1      38.36
     319.1      39.11
     321.1      40.31
     323.1      39.38
     325.1      38.79
     327.1         37
     329.1      37.92
     331.1      37.66
     333.1      37.85
     335.1      39.71
     337.1      41.15
     339.1      44.96
     341.1      45.81
     343.1      45.82
     345.1      45.54
     347.1      42.94
     349.1      42.74
     351.1      42.61
