     2.001  3.681e+10
     6.003  4.692e+10
        10  5.122e+10
     14.01  5.635e+10
     18.01  6.042e+10
     22.01  6.634e+10
     26.01  7.117e+10
     30.01  7.659e+10
     34.01  8.307e+10
     38.02  9.322e+10
     42.02  1.018e+11
     46.02  1.093e+11
     50.02  1.151e+11
     54.02  1.201e+11
     58.03  1.252e+11
     62.03  1.305e+11
     66.03  1.353e+11
     70.03  1.405e+11
     74.03  1.448e+11
     78.03  1.491e+11
     82.04   1.54e+11
     86.04  1.577e+11
     90.04  1.625e+11
     94.04  1.665e+11
     98.04  1.722e+11
       102  1.784e+11
       106  1.829e+11
       110  1.891e+11
       114  1.958e+11
     118.1  2.023e+11
     122.1  2.082e+11
     126.1  2.146e+11
     130.1  2.205e+11
     134.1  2.257e+11
     138.1   2.35e+11
     142.1  2.406e+11
     146.1  2.461e+11
     150.1  2.519e+11
     154.1  2.576e+11
     158.1  2.638e+11
     162.1  2.702e+11
     166.1  2.764e+11
     170.1  2.839e+11
     174.1  2.913e+11
     178.1  2.966e+11
     182.1  3.011e+11
     186.1  3.055e+11
     190.1  3.103e+11
     194.1  3.182e+11
     198.1  3.239e+11
     202.1  3.272e+11
     206.1  3.304e+11
     210.1  3.331e+11
     214.1   3.35e+11
     218.1  3.375e+11
     222.1  3.404e+11
     226.1  3.434e+11
     230.1  3.458e+11
     234.1  3.483e+11
     238.1  3.503e+11
     242.1  3.524e+11
     246.1  3.546e+11
     250.1   3.56e+11
     254.1  3.573e+11
     258.1  3.585e+11
     262.1  3.592e+11
     266.1  3.598e+11
     270.1    3.6e+11
     274.1  3.603e+11
     278.1  3.605e+11
     282.1  3.606e+11
     286.1  3.607e+11
     290.1  3.607e+11
     294.1  3.607e+11
     298.1  3.608e+11
     302.1  3.608e+11
     306.1  3.609e+11
     310.1   3.61e+11
     314.1  3.611e+11
     318.1  3.611e+11
     322.1  3.611e+11
     326.1  3.611e+11
     330.1  3.611e+11
     334.1  3.611e+11
     338.1  3.611e+11
     342.1  3.611e+11
     346.2  3.611e+11
     350.2  3.611e+11
