     2.001      19.56
     6.003      21.88
        10      22.31
     14.01      22.64
     18.01      22.79
     22.01      22.89
     26.01      23.44
     30.01      23.54
     34.01      23.58
     38.02      24.99
     42.02      25.49
     46.02      25.46
     50.02      27.26
     54.02      28.56
     58.03      28.37
     62.03      29.36
     66.03      29.19
     70.03      31.65
     74.03      33.36
     78.03      32.35
     82.04      33.78
     86.04      34.21
     90.04      33.92
     94.04      34.48
     98.04      35.45
       102      35.98
       106      35.76
       110      34.83
       114      34.19
     118.1      34.81
     122.1      34.57
     126.1      35.21
     130.1      37.11
     134.1       38.5
     138.1      39.47
     142.1      39.23
     146.1      38.66
     150.1       39.8
     154.1      40.61
     158.1      40.64
     162.1      41.56
     166.1      41.21
     170.1      41.22
     174.1      41.34
     178.1      42.03
     182.1      42.17
     186.1      42.93
     190.1      43.15
     194.1      42.84
     198.1      42.75
     202.1      43.54
     206.1      43.61
     210.1      44.61
     214.1      44.92
     218.1      44.98
     222.1      44.62
     226.1      44.67
     230.1      44.28
     234.1      44.73
     238.1      45.31
     242.1      44.96
     246.1      45.42
     250.1      45.75
     254.1      46.02
     258.1      46.09
     262.1      46.48
     266.1      47.26
     270.1      47.83
     274.1      48.23
     278.1      48.88
     282.1      48.53
     286.1      49.23
     290.1      49.86
     294.1      49.47
     298.1      49.01
     302.1      48.58
     306.1      47.75
     310.1      48.42
     314.1      49.72
     318.1      49.57
     322.1      49.34
     326.1         50
     330.1      49.93
     334.1      48.92
     338.1      49.38
     342.1         50
     346.2         50
     350.2      49.17
