     2.001      19.84
     6.003      22.08
        10      22.49
     14.01       22.8
     18.01      22.93
     22.01      23.02
     26.01      23.59
     30.01      23.68
     34.01      23.74
     38.02      25.32
     42.02      25.64
     46.02      25.67
     50.02      28.08
     54.02      28.82
     58.03      28.45
     62.03      29.47
     66.03      29.46
     70.03      31.94
     74.03       33.8
     78.03       32.6
     82.04      34.08
     86.04      34.45
     90.04      34.17
     94.04      34.77
     98.04      35.57
       102      36.06
       106      35.84
       110      34.92
       114      34.29
     118.1      34.93
     122.1      34.73
     126.1      35.41
     130.1      37.27
     134.1      38.62
     138.1      39.55
     142.1      39.37
     146.1      38.73
     150.1       39.9
     154.1      40.67
     158.1      40.73
     162.1      41.64
     166.1      41.27
     170.1      41.27
     174.1      41.39
     178.1      42.08
     182.1      42.22
     186.1      42.98
     190.1       43.2
     194.1      42.89
     198.1       42.8
     202.1      43.58
     206.1      43.65
     210.1      44.66
     214.1      44.97
     218.1      45.05
     222.1      44.65
     226.1      44.73
     230.1      44.42
     234.1      44.92
     238.1      45.55
     242.1      45.21
     246.1      45.65
     250.1      45.92
     254.1      46.11
     258.1      46.23
     262.1      46.64
     266.1       47.4
     270.1      47.92
     274.1      48.26
     278.1      48.88
     282.1      48.63
     286.1      49.27
     290.1      49.91
     294.1      49.71
     298.1       49.6
     302.1      49.34
     306.1      48.26
     310.1      48.74
     314.1      49.72
     318.1      49.57
     322.1      49.34
     326.1         50
     330.1      49.93
     334.1      48.92
     338.1      49.38
     342.1         50
     346.2         50
     350.2         50
