         1      18.22
     3.001      19.23
     5.002      19.39
     7.003      19.78
     9.004      20.06
        11      20.32
     13.01      20.63
     15.01      20.78
     17.01      21.13
     19.01      21.22
     21.01      21.38
     23.01       21.6
     25.01      21.74
     27.01      21.89
     29.01      21.94
     31.01      21.92
     33.01      22.02
     35.01      22.15
     37.01      22.23
     39.02      22.25
     41.02      22.35
     43.02      22.46
     45.02      22.44
     47.02      22.52
     49.02      22.79
     51.02      22.95
     53.02      22.98
     55.02      22.93
     57.02      23.07
     59.02      23.21
     61.02       23.2
     63.02      23.43
     65.03      23.49
     67.03      23.56
     69.03       23.6
     71.03      23.73
     73.03      23.73
     75.03      23.71
     77.03       23.8
     79.03      24.03
     81.03      24.18
     83.03      24.18
     85.03      24.47
     87.03      24.48
     89.04      24.21
     91.04      24.27
     93.04      24.45
     95.04       24.8
     97.04      24.72
     99.04      24.77
       101      25.27
       103      25.19
       105      24.96
       107      25.04
       109      25.26
       111      25.51
       113      25.57
       115      25.39
       117      25.87
       119      26.03
       121      26.17
       123      25.82
       125      26.04
     127.1      26.08
     129.1      26.38
     131.1      26.29
     133.1      26.65
     135.1      26.74
     137.1      27.27
     139.1      27.19
     141.1      27.51
     143.1      27.65
     145.1      27.65
     147.1      28.34
     149.1      28.95
     151.1       28.6
     153.1      28.62
     155.1      29.11
     157.1       28.6
     159.1      28.37
     161.1      28.75
     163.1      29.66
     165.1      29.18
     167.1      29.93
     169.1      30.45
     171.1      29.94
     173.1       29.6
     175.1      30.12
     177.1      30.73
     179.1      31.08
     181.1      30.97
     183.1      31.97
     185.1      32.71
     187.1       31.6
     189.1       31.6
     191.1      31.94
     193.1      32.62
     195.1      33.64
     197.1      33.56
     199.1      33.23
     201.1      33.52
     203.1      33.71
     205.1      34.38
     207.1      33.89
     209.1      34.33
     211.1      35.06
     213.1      35.05
     215.1      35.75
     217.1       35.8
     219.1      35.68
     221.1      36.15
     223.1      36.39
     225.1      37.29
     227.1      38.03
     229.1      38.51
     231.1      38.72
     233.1       39.3
     235.1      39.82
     237.1      39.07
     239.1      39.09
     241.1      39.61
     243.1      40.13
     245.1      40.24
     247.1      40.28
     249.1      41.29
     251.1       41.2
     253.1      40.89
     255.1      40.73
     257.1      41.63
     259.1      41.17
     261.1      41.71
     263.1       42.2
     265.1      42.45
     267.1      41.19
     269.1      41.71
     271.1      42.38
     273.1      42.31
     275.1      41.52
     277.1      40.57
     279.1      41.27
     281.1      41.67
     283.1      42.68
     285.1      42.54
     287.1      43.14
     289.1         43
     291.1      43.85
     293.1      43.46
     295.1      44.05
     297.1      43.01
     299.1      42.49
     301.1      42.63
     303.1      43.16
     305.1      43.71
     307.1      43.78
     309.1      44.39
     311.1       44.7
     313.1      44.99
     315.1      45.89
     317.1      46.81
     319.1      45.61
     321.1      45.32
     323.1      45.01
     325.1      42.89
     327.1       42.6
     329.1      42.89
     331.1      43.95
     333.1      43.67
     335.1      44.33
     337.1      45.07
     339.1      45.29
     341.1      44.17
     343.1      44.62
     345.1      44.83
     347.1      44.08
     349.1      38.72
     351.1      37.57
