     1.006  3.599e+09
     3.017  1.995e+10
     5.028  4.215e+10
     7.039  6.826e+10
      9.05  9.337e+10
     11.06  1.228e+11
     13.07  1.448e+11
     15.08  1.617e+11
      17.1  1.759e+11
     19.11  1.887e+11
     21.12  1.995e+11
     23.13  2.098e+11
     25.14  2.203e+11
     27.15   2.31e+11
     29.16  2.402e+11
     31.17  2.497e+11
     33.18  2.616e+11
      35.2   2.86e+11
     37.21  3.064e+11
     39.22  3.168e+11
     41.23  3.243e+11
     43.24  3.318e+11
     45.25   3.38e+11
     47.26  3.444e+11
     49.27  3.494e+11
     51.29  3.541e+11
      53.3  3.593e+11
     55.31  3.636e+11
     57.32  3.676e+11
     59.33  3.722e+11
     61.34  3.766e+11
     63.35  3.806e+11
     65.36  3.846e+11
     67.37  3.889e+11
     69.39  3.931e+11
      71.4  3.975e+11
     73.41  4.038e+11
     75.42  4.162e+11
     77.43  4.334e+11
     79.44  4.454e+11
     81.45  4.553e+11
     83.46  4.679e+11
     85.48   4.76e+11
     87.49  4.826e+11
      89.5   4.95e+11
     91.51  5.047e+11
     93.52  5.105e+11
     95.53  5.132e+11
     97.54  5.161e+11
     99.55  5.185e+11
     101.6  5.212e+11
     103.6  5.231e+11
     105.6   5.25e+11
     107.6  5.272e+11
     109.6   5.29e+11
     111.6  5.313e+11
     113.6  5.335e+11
     115.6  5.354e+11
     117.7  5.379e+11
     119.7  5.408e+11
     121.7  5.438e+11
     123.7  5.457e+11
     125.7  5.475e+11
     127.7  5.489e+11
     129.7  5.503e+11
     131.7  5.524e+11
     133.7  5.539e+11
     135.8  5.555e+11
     137.8  5.581e+11
     139.8  5.601e+11
     141.8  5.621e+11
     143.8  5.644e+11
     145.8  5.663e+11
     147.8  5.685e+11
     149.8  5.709e+11
     151.8  5.737e+11
     153.9   5.79e+11
     155.9  5.929e+11
     157.9  6.077e+11
     159.9   6.22e+11
     161.9  6.338e+11
     163.9  6.382e+11
     165.9  6.447e+11
     167.9  6.583e+11
     169.9  6.642e+11
       172  6.661e+11
       174  6.672e+11
       176  6.683e+11
       178   6.69e+11
       180  6.703e+11
       182  6.722e+11
       184   6.73e+11
       186  6.738e+11
       188  6.747e+11
     190.1  6.753e+11
     192.1  6.761e+11
     194.1  6.773e+11
     196.1  6.805e+11
     198.1  6.817e+11
     200.1   6.82e+11
     202.1  6.824e+11
     204.1  6.828e+11
     206.1   6.83e+11
     208.2  6.835e+11
     210.2  6.839e+11
     212.2  6.842e+11
     214.2  6.845e+11
     216.2  6.848e+11
     218.2  6.852e+11
     220.2  6.857e+11
     222.2  6.862e+11
     224.2  6.867e+11
     226.3  6.871e+11
     228.3  6.875e+11
     230.3  6.879e+11
     232.3  6.884e+11
     234.3  6.889e+11
     236.3  6.895e+11
     238.3    6.9e+11
     240.3  6.904e+11
     242.3  6.906e+11
     244.4  6.913e+11
     246.4  6.918e+11
     248.4   6.92e+11
     250.4  6.922e+11
     252.4  6.924e+11
     254.4   6.93e+11
     256.4  6.932e+11
     258.4  6.932e+11
     260.4  6.933e+11
     262.5  6.935e+11
     264.5  6.937e+11
     266.5  6.937e+11
     268.5  6.938e+11
     270.5   6.94e+11
     272.5   6.94e+11
     274.5   6.94e+11
     276.5  6.941e+11
     278.5  6.942e+11
     280.6  6.942e+11
     282.6  6.943e+11
     284.6  6.943e+11
     286.6  6.944e+11
     288.6  6.946e+11
     290.6  6.946e+11
     292.6  6.948e+11
     294.6  6.951e+11
     296.6  6.953e+11
     298.7  6.961e+11
     300.7  6.971e+11
     302.7  6.975e+11
     304.7  6.985e+11
     306.7      7e+11
     308.7  7.003e+11
     310.7  7.006e+11
     312.7  7.007e+11
     314.7  7.008e+11
     316.8  7.008e+11
     318.8  7.008e+11
     320.8  7.009e+11
     322.8  7.009e+11
     324.8   7.01e+11
     326.8   7.01e+11
     328.8  7.011e+11
     330.8  7.011e+11
     332.8  7.011e+11
     334.9  7.012e+11
     336.9  7.012e+11
     338.9  7.012e+11
     340.9  7.012e+11
     342.9  7.013e+11
     344.9  7.013e+11
     346.9  7.013e+11
     348.9  7.013e+11
       351  7.013e+11
