         1  8.985e+09
     3.001  2.835e+10
     5.001  6.123e+10
     7.002  9.855e+10
     9.002  1.402e+11
        11   1.85e+11
        13  2.302e+11
        15  2.754e+11
        17  3.189e+11
     19.01  3.622e+11
     21.01  4.025e+11
     23.01   4.45e+11
     25.01  4.882e+11
     27.01  5.303e+11
     29.01  5.695e+11
     31.01  6.084e+11
     33.01  6.469e+11
     35.01  6.841e+11
     37.01  7.202e+11
     39.01  7.555e+11
     41.01  7.923e+11
     43.01  8.313e+11
     45.01  8.659e+11
     47.01  9.006e+11
     49.01  9.334e+11
     51.01   9.67e+11
     53.01  9.983e+11
     55.02  1.031e+12
     57.02  1.066e+12
     59.02  1.104e+12
     61.02  1.139e+12
     63.02   1.17e+12
     65.02  1.198e+12
     67.02  1.225e+12
     69.02   1.25e+12
     71.02  1.276e+12
     73.02  1.303e+12
     75.02   1.33e+12
     77.02  1.357e+12
     79.02  1.387e+12
     81.02  1.415e+12
     83.02  1.442e+12
     85.02  1.464e+12
     87.02  1.486e+12
     89.02  1.508e+12
     91.03   1.53e+12
     93.03  1.554e+12
     95.03  1.584e+12
     97.03  1.617e+12
     99.03  1.649e+12
       101  1.682e+12
       103  1.714e+12
       105  1.744e+12
       107  1.768e+12
       109  1.788e+12
       111  1.807e+12
       113  1.825e+12
       115  1.843e+12
       117  1.862e+12
       119   1.88e+12
       121  1.898e+12
       123  1.914e+12
       125  1.932e+12
       127  1.952e+12
       129  1.974e+12
       131  2.002e+12
       133  2.024e+12
       135  2.042e+12
       137  2.059e+12
       139  2.074e+12
       141  2.088e+12
       143  2.103e+12
       145  2.117e+12
       147  2.131e+12
       149  2.145e+12
       151  2.159e+12
       153  2.174e+12
       155  2.188e+12
       157  2.205e+12
       159  2.223e+12
       161  2.241e+12
       163  2.257e+12
       165  2.269e+12
       167  2.281e+12
       169  2.293e+12
       171  2.305e+12
       173  2.316e+12
       175  2.327e+12
       177  2.338e+12
       179  2.349e+12
       181  2.363e+12
     183.1  2.381e+12
     185.1    2.4e+12
     187.1  2.416e+12
     189.1  2.432e+12
     191.1  2.447e+12
     193.1  2.464e+12
     195.1  2.483e+12
     197.1  2.502e+12
     199.1   2.52e+12
     201.1   2.54e+12
     203.1  2.562e+12
     205.1  2.577e+12
     207.1  2.587e+12
     209.1  2.598e+12
     211.1  2.609e+12
     213.1  2.618e+12
     215.1  2.627e+12
     217.1  2.636e+12
     219.1  2.647e+12
     221.1   2.66e+12
     223.1  2.672e+12
     225.1  2.683e+12
     227.1  2.695e+12
     229.1  2.712e+12
     231.1  2.726e+12
     233.1  2.738e+12
     235.1  2.748e+12
     237.1  2.759e+12
     239.1  2.769e+12
     241.1  2.779e+12
     243.1  2.791e+12
     245.1  2.806e+12
     247.1  2.825e+12
     249.1  2.841e+12
     251.1  2.853e+12
     253.1  2.866e+12
     255.1  2.884e+12
     257.1  2.908e+12
     259.1  2.934e+12
     261.1  2.955e+12
     263.1  2.968e+12
     265.1  2.978e+12
     267.1  2.985e+12
     269.1  2.993e+12
     271.1  3.002e+12
     273.1  3.012e+12
     275.1  3.019e+12
     277.1  3.023e+12
     279.1  3.027e+12
     281.1   3.03e+12
     283.1  3.033e+12
     285.1  3.035e+12
     287.1  3.037e+12
     289.1  3.039e+12
     291.1  3.041e+12
     293.1  3.042e+12
     295.1  3.044e+12
     297.1  3.045e+12
     299.1  3.046e+12
     301.1  3.047e+12
     303.1  3.048e+12
     305.1  3.049e+12
     307.1  3.052e+12
     309.1  3.055e+12
     311.1  3.056e+12
     313.1  3.056e+12
     315.1  3.057e+12
     317.1  3.058e+12
     319.1  3.058e+12
     321.1  3.058e+12
     323.1  3.059e+12
     325.1  3.059e+12
     327.1   3.06e+12
     329.1   3.06e+12
     331.1   3.06e+12
     333.1   3.06e+12
     335.1  3.061e+12
     337.1  3.061e+12
     339.1  3.061e+12
     341.1  3.061e+12
     343.1  3.061e+12
     345.1  3.061e+12
     347.1  3.061e+12
     349.1  3.062e+12
     351.1  3.062e+12
