         1      19.44
     3.001      20.62
     5.001      20.91
     7.002       21.1
     9.002      21.11
        11      21.26
        13       21.4
        15      21.55
        17      21.64
     19.01      21.83
     21.01      21.86
     23.01       21.9
     25.01      22.12
     27.01      22.28
     29.01      22.38
     31.01      22.53
     33.01      22.64
     35.01      22.75
     37.01       22.8
     39.01      22.86
     41.01      22.89
     43.01       22.9
     45.01      23.08
     47.01      23.16
     49.01      23.28
     51.01      23.39
     53.01       23.4
     55.02      23.39
     57.02      23.41
     59.02      23.48
     61.02      23.56
     63.02      23.69
     65.02       23.8
     67.02      23.89
     69.02      23.98
     71.02      24.04
     73.02      24.03
     75.02      24.06
     77.02      24.13
     79.02      24.27
     81.02      24.31
     83.02      24.39
     85.02      24.46
     87.02      24.54
     89.02      24.57
     91.03      24.62
     93.03      24.61
     95.03      24.54
     97.03      24.58
     99.03      24.63
       101      24.76
       103      24.75
       105      24.91
       107      25.12
       109      25.09
       111      25.13
       113      25.25
       115      25.24
       117      25.32
       119      25.42
       121      25.63
       123      25.54
       125       25.4
       127       25.4
       129      25.54
       131      25.68
       133      25.74
       135       25.6
       137      25.75
       139      26.01
       141      26.02
       143      26.13
       145      26.48
       147      26.31
       149      26.32
       151      26.22
       153       26.4
       155      26.75
       157      26.38
       159      26.29
       161      26.61
       163      26.69
       165      26.71
       167       26.8
       169      26.84
       171      26.92
       173      27.08
       175      27.44
       177      27.31
       179      27.36
       181      27.55
     183.1      27.97
     185.1      28.03
     187.1      28.31
     189.1      28.01
     191.1      27.71
     193.1      28.01
     195.1         28
     197.1      28.17
     199.1      28.11
     201.1      28.02
     203.1      28.09
     205.1       28.3
     207.1      28.12
     209.1      28.13
     211.1      28.14
     213.1       28.6
     215.1      28.86
     217.1      28.95
     219.1      28.78
     221.1      28.82
     223.1      29.16
     225.1      29.23
     227.1      29.38
     229.1      29.89
     231.1      30.13
     233.1       30.2
     235.1      30.29
     237.1      30.34
     239.1      30.44
     241.1      30.28
     243.1      30.45
     245.1      30.26
     247.1      30.34
     249.1      31.52
     251.1      31.11
     253.1         31
     255.1      30.88
     257.1      30.86
     259.1      31.76
     261.1      31.62
     263.1      30.95
     265.1      31.03
     267.1      31.09
     269.1      31.75
     271.1      31.71
     273.1       31.5
     275.1      31.09
     277.1      30.12
     279.1      30.42
     281.1      31.47
     283.1      32.25
     285.1      32.59
     287.1       31.8
     289.1      32.44
     291.1       32.6
     293.1       34.1
     295.1      32.95
     297.1      33.79
     299.1      34.25
     301.1      34.18
     303.1      34.98
     305.1      34.56
     307.1      34.54
     309.1      33.62
     311.1      34.64
     313.1      36.83
     315.1      37.38
     317.1      36.27
     319.1      37.63
     321.1      36.28
     323.1         37
     325.1      38.87
     327.1      39.44
     329.1      40.37
     331.1      41.25
     333.1      38.99
     335.1      37.86
     337.1      36.25
     339.1      36.77
     341.1      38.11
     343.1       36.8
     345.1      37.04
     347.1      37.18
     349.1      41.32
     351.1      44.91
