     1.005  3.172e+09
     3.016  1.072e+10
     5.027  2.411e+10
     7.038  4.163e+10
     9.049  6.025e+10
     11.06  8.071e+10
     13.07  1.005e+11
     15.08  1.186e+11
     17.09  1.363e+11
      19.1  1.535e+11
     21.11   1.69e+11
     23.13  1.851e+11
     25.14  1.998e+11
     27.15  2.149e+11
     29.16  2.285e+11
     31.17  2.425e+11
     33.18  2.555e+11
     35.19  2.672e+11
      37.2  2.785e+11
     39.21  2.907e+11
     41.22   3.01e+11
     43.24  3.123e+11
     45.25  3.225e+11
     47.26  3.319e+11
     49.27  3.413e+11
     51.28  3.502e+11
     53.29  3.604e+11
      55.3  3.688e+11
     57.31  3.776e+11
     59.32  3.871e+11
     61.33  3.959e+11
     63.34  4.046e+11
     65.36  4.128e+11
     67.37  4.205e+11
     69.38  4.278e+11
     71.39   4.36e+11
      73.4   4.44e+11
     75.41  4.518e+11
     77.42  4.588e+11
     79.43   4.67e+11
     81.44  4.736e+11
     83.45  4.821e+11
     85.46  4.896e+11
     87.48   4.97e+11
     89.49  5.046e+11
      91.5  5.123e+11
     93.51  5.199e+11
     95.52  5.264e+11
     97.53  5.331e+11
     99.54  5.404e+11
     101.6  5.471e+11
     103.6  5.538e+11
     105.6  5.607e+11
     107.6  5.667e+11
     109.6  5.725e+11
     111.6   5.77e+11
     113.6  5.817e+11
     115.6  5.858e+11
     117.6  5.908e+11
     119.7  5.955e+11
     121.7  6.001e+11
     123.7  6.044e+11
     125.7  6.081e+11
     127.7  6.134e+11
     129.7  6.181e+11
     131.7  6.224e+11
     133.7   6.27e+11
     135.7  6.321e+11
     137.7   6.36e+11
     139.8  6.397e+11
     141.8  6.453e+11
     143.8  6.494e+11
     145.8  6.541e+11
     147.8  6.587e+11
     149.8  6.636e+11
     151.8  6.685e+11
     153.8  6.741e+11
     155.8  6.781e+11
     157.9  6.821e+11
     159.9  6.863e+11
     161.9  6.904e+11
     163.9  6.937e+11
     165.9  6.969e+11
     167.9      7e+11
     169.9  7.043e+11
     171.9  7.076e+11
     173.9  7.106e+11
       176  7.135e+11
       178  7.167e+11
       180    7.2e+11
       182  7.227e+11
       184   7.25e+11
       186  7.275e+11
       188  7.302e+11
       190  7.325e+11
       192   7.36e+11
     194.1  7.386e+11
     196.1  7.414e+11
     198.1  7.438e+11
     200.1  7.473e+11
     202.1  7.507e+11
     204.1   7.54e+11
     206.1  7.564e+11
     208.1  7.593e+11
     210.1  7.618e+11
     212.2  7.642e+11
     214.2  7.664e+11
     216.2  7.683e+11
     218.2  7.709e+11
     220.2  7.728e+11
     222.2  7.744e+11
     224.2  7.766e+11
     226.2  7.786e+11
     228.2  7.802e+11
     230.3  7.827e+11
     232.3  7.851e+11
     234.3  7.881e+11
     236.3   7.91e+11
     238.3   7.93e+11
     240.3  7.949e+11
     242.3  7.972e+11
     244.3  7.992e+11
     246.3  8.009e+11
     248.4  8.033e+11
     250.4  8.052e+11
     252.4  8.074e+11
     254.4  8.092e+11
     256.4  8.109e+11
     258.4  8.127e+11
     260.4  8.146e+11
     262.4  8.161e+11
     264.4  8.176e+11
     266.4  8.188e+11
     268.5  8.202e+11
     270.5  8.216e+11
     272.5  8.227e+11
     274.5   8.24e+11
     276.5  8.248e+11
     278.5  8.255e+11
     280.5  8.264e+11
     282.5  8.274e+11
     284.5  8.287e+11
     286.6  8.297e+11
     288.6  8.308e+11
     290.6  8.316e+11
     292.6  8.327e+11
     294.6  8.332e+11
     296.6   8.34e+11
     298.6  8.346e+11
     300.6  8.351e+11
     302.6  8.356e+11
     304.7   8.36e+11
     306.7  8.366e+11
     308.7  8.371e+11
     310.7  8.374e+11
     312.7  8.378e+11
     314.7  8.379e+11
     316.7   8.38e+11
     318.7  8.381e+11
     320.7  8.385e+11
     322.8  8.388e+11
     324.8  8.389e+11
     326.8  8.391e+11
     328.8  8.392e+11
     330.8  8.393e+11
     332.8  8.393e+11
     334.8  8.394e+11
     336.8  8.395e+11
     338.8  8.395e+11
     340.9  8.396e+11
     342.9  8.396e+11
     344.9  8.397e+11
     346.9  8.398e+11
     348.9  8.398e+11
     350.9  8.398e+11
