     2.022   6.35e+09
     6.067  3.302e+10
     10.11  7.115e+10
     14.16  1.105e+11
      18.2  1.455e+11
     22.25  1.781e+11
     26.29  2.087e+11
     30.34  2.368e+11
     34.38  2.625e+11
     38.43  2.857e+11
     42.47  3.082e+11
     46.52  3.289e+11
     50.56  3.474e+11
     54.61  3.657e+11
     58.65  3.841e+11
      62.7  4.016e+11
     66.74  4.185e+11
     70.79  4.334e+11
     74.83  4.494e+11
     78.88  4.644e+11
     82.92  4.797e+11
     86.97   4.95e+11
     91.01  5.105e+11
     95.06   5.25e+11
      99.1   5.39e+11
     103.1  5.525e+11
     107.2  5.658e+11
     111.2  5.762e+11
     115.3  5.852e+11
     119.3  5.948e+11
     123.4  6.039e+11
     127.4  6.126e+11
     131.5  6.218e+11
     135.5  6.316e+11
     139.6  6.393e+11
     143.6  6.489e+11
     147.6  6.584e+11
     151.7  6.682e+11
     155.7  6.778e+11
     159.8  6.862e+11
     163.8  6.936e+11
     167.9      7e+11
     171.9  7.075e+11
       176  7.135e+11
       180    7.2e+11
       184  7.253e+11
     188.1  7.303e+11
     192.1  7.362e+11
     196.2  7.418e+11
     200.2  7.477e+11
     204.3  7.543e+11
     208.3  7.595e+11
     212.4  7.645e+11
     216.4  7.686e+11
     220.5  7.729e+11
     224.5  7.768e+11
     228.5  7.805e+11
     232.6  7.856e+11
     236.6  7.914e+11
     240.7  7.953e+11
     244.7  7.996e+11
     248.8  8.036e+11
     252.8  8.079e+11
     256.9  8.113e+11
     260.9   8.15e+11
     264.9  8.178e+11
       269  8.206e+11
       273   8.23e+11
     277.1  8.249e+11
     281.1  8.266e+11
     285.2  8.289e+11
     289.2  8.309e+11
     293.3  8.327e+11
     297.3  8.342e+11
     301.4  8.353e+11
     305.4  8.361e+11
     309.4  8.373e+11
     313.5  8.378e+11
     317.5   8.38e+11
     321.6  8.386e+11
     325.6  8.391e+11
     329.7  8.393e+11
     333.7  8.393e+11
     337.8  8.395e+11
     341.8  8.396e+11
     345.8  8.397e+11
     349.9  8.398e+11
