     2.022      21.46
     6.067      22.02
     10.11      22.37
     14.16      22.78
      18.2      23.09
     22.25      23.38
     26.29       23.5
     30.34      23.81
     34.38      24.01
     38.43      24.26
     42.47      24.55
     46.52      24.76
     50.56      24.87
     54.61      25.13
     58.65      25.25
      62.7      25.42
     66.74      25.73
     70.79      25.97
     74.83      26.07
     78.88      26.17
     82.92      26.32
     86.97      26.58
     91.01      26.46
     95.06      27.16
      99.1      27.95
     103.1      27.78
     107.2       28.1
     111.2      28.72
     115.3      29.36
     119.3      29.25
     123.4      30.39
     127.4      30.95
     131.5      31.82
     135.5      31.46
     139.6      31.73
     143.6      32.13
     147.6       32.4
     151.7      32.89
     155.7      31.93
     159.8      33.29
     163.8      34.53
     167.9      33.65
     171.9      34.63
       176      35.88
       180       36.4
       184      37.48
     188.1      37.74
     192.1      37.89
     196.2      38.42
     200.2      38.05
     204.3      38.57
     208.3      38.15
     212.4      38.84
     216.4      39.06
     220.5      39.27
     224.5      39.62
     228.5      39.15
     232.6      39.28
     236.6      40.38
     240.7       40.6
     244.7      40.44
     248.8      40.58
     252.8      40.65
     256.9      39.56
     260.9      39.61
     264.9       40.3
       269      39.61
       273      40.48
     277.1      40.75
     281.1      39.58
     285.2      39.38
     289.2      40.55
     293.3      40.25
     297.3       41.3
     301.4      41.84
     305.4         41
     309.4      41.78
     313.5      44.59
     317.5      43.54
     321.6      42.52
     325.6      44.28
     329.7      46.36
     333.7       45.3
     337.8      43.97
     341.8      44.65
     345.8      42.14
     349.9      42.07
