     2.022       21.1
     6.067      21.62
     10.11      21.97
     14.16       22.4
      18.2      22.72
     22.25         23
     26.29      23.14
     30.34      23.44
     34.38      23.65
     38.43      23.89
     42.47      24.18
     46.52      24.39
     50.56      24.49
     54.61      24.75
     58.65      24.88
      62.7      25.04
     66.74      25.35
     70.79       25.6
     74.83      25.69
     78.88      25.78
     82.92      25.94
     86.97       26.2
     91.01      26.07
     95.06      26.78
      99.1      27.58
     103.1      27.42
     107.2      27.75
     111.2      28.37
     115.3      29.01
     119.3       28.9
     123.4      30.06
     127.4      30.63
     131.5      31.51
     135.5      31.15
     139.6      31.42
     143.6      31.82
     147.6       32.1
     151.7       32.6
     155.7      31.62
     159.8         33
     163.8      34.26
     167.9      33.37
     171.9      34.36
       176      35.63
       180      36.15
       184      37.26
     188.1      37.52
     192.1      37.67
     196.2      38.21
     200.2      37.83
     204.3      38.37
     208.3      37.94
     212.4      38.64
     216.4      38.86
     220.5      39.08
     224.5      39.43
     228.5      38.95
     232.6      39.06
     236.6      40.18
     240.7      40.42
     244.7      40.28
     248.8      40.41
     252.8      40.48
     256.9      39.37
     260.9      39.43
     264.9      40.13
       269      39.42
       273       40.3
     277.1      40.57
     281.1      39.39
     285.2      39.19
     289.2      40.38
     293.3      40.08
     297.3      41.15
     301.4       41.7
     305.4      40.84
     309.4      41.62
     313.5      44.48
     317.5      43.42
     321.6      42.39
     325.6      44.17
     329.7       46.3
     333.7      45.21
     337.8      43.85
     341.8      44.54
     345.8      41.98
     349.9      41.93
