     2.001      17.53
     6.003      19.07
        10      19.96
     14.01      20.31
     18.01      20.72
     22.01      21.12
     26.01      21.66
     30.01      21.97
     34.01      22.34
     38.02      22.52
     42.02      22.67
     46.02      23.36
     50.02      23.81
     54.02      24.78
     58.03      25.39
     62.03      26.41
     66.03      26.76
     70.03      27.74
     74.03      28.85
     78.03      28.43
     82.04      29.58
     86.04      29.83
     90.04      28.66
     94.04      28.69
     98.04      29.22
       102      32.35
       106      33.17
       110      32.17
       114      33.68
     118.1      33.94
     122.1      35.18
     126.1      36.19
     130.1      35.44
     134.1      35.96
     138.1      38.03
     142.1      39.91
     146.1      39.78
     150.1      38.48
     154.1       39.1
     158.1      40.04
     162.1      40.76
     166.1      41.64
     170.1      41.54
     174.1      42.37
     178.1      42.81
     182.1      41.69
     186.1      41.49
     190.1      42.08
     194.1      41.82
     198.1      42.76
     202.1      43.25
     206.1      43.01
     210.1      43.07
     214.1      43.54
     218.1      43.47
     222.1      44.18
     226.1      43.74
     230.1      43.98
     234.1      45.28
     238.1       46.1
     242.1      46.59
     246.1      46.13
     250.1      45.95
     254.1      46.34
     258.1      46.35
     262.1      46.25
     266.1      46.79
     270.1      47.33
     274.1      47.42
     278.1      47.06
     282.1      47.04
     286.1      47.62
     290.1      47.73
     294.1      46.89
     298.1      46.79
     302.1      47.39
     306.1      47.65
     310.1      48.35
     314.1       47.7
     318.1      47.76
     322.1      48.34
     326.1      48.14
     330.1      48.56
     334.1      48.74
     338.1      49.33
     342.1      48.02
     346.2      48.56
     350.2      45.15
