         1  2.034e+11
     3.001  1.209e+12
     5.001   2.15e+12
     7.002  2.779e+12
     9.002  3.245e+12
        11  3.625e+12
        13  3.962e+12
        15  4.258e+12
        17  4.533e+12
     19.01  4.776e+12
     21.01  5.015e+12
     23.01  5.232e+12
     25.01  5.443e+12
     27.01   5.64e+12
     29.01  5.828e+12
     31.01   6.01e+12
     33.01  6.183e+12
     35.01  6.355e+12
     37.01  6.522e+12
     39.01   6.68e+12
     41.01  6.831e+12
     43.01  6.979e+12
     45.01  7.128e+12
     47.01  7.274e+12
     49.01  7.415e+12
     51.01   7.55e+12
     53.01   7.68e+12
     55.02  7.813e+12
     57.02  7.938e+12
     59.02  8.061e+12
     61.02  8.183e+12
     63.02    8.3e+12
     65.02  8.416e+12
     67.02  8.532e+12
     69.02  8.645e+12
     71.02  8.755e+12
     73.02  8.865e+12
     75.02  8.971e+12
     77.02  9.074e+12
     79.02  9.175e+12
     81.02  9.278e+12
     83.02  9.373e+12
     85.02  9.467e+12
     87.02  9.561e+12
     89.02  9.658e+12
     91.03  9.748e+12
     93.03  9.839e+12
     95.03  9.931e+12
     97.03  1.002e+13
     99.03   1.01e+13
       101  1.018e+13
       103  1.027e+13
       105  1.035e+13
       107  1.043e+13
       109  1.051e+13
       111  1.059e+13
       113  1.066e+13
       115  1.074e+13
       117  1.082e+13
       119  1.089e+13
       121  1.096e+13
       123  1.102e+13
       125  1.109e+13
       127  1.115e+13
       129  1.121e+13
       131  1.128e+13
       133  1.134e+13
       135   1.14e+13
       137  1.146e+13
       139  1.152e+13
       141  1.159e+13
       143  1.165e+13
       145  1.171e+13
       147  1.176e+13
       149  1.182e+13
       151  1.187e+13
       153  1.192e+13
       155  1.197e+13
       157  1.202e+13
       159  1.207e+13
       161  1.213e+13
       163  1.218e+13
       165  1.223e+13
       167  1.228e+13
       169  1.233e+13
       171  1.238e+13
       173  1.243e+13
       175  1.248e+13
       177  1.253e+13
       179  1.257e+13
       181  1.261e+13
     183.1  1.266e+13
     185.1   1.27e+13
     187.1  1.274e+13
     189.1  1.278e+13
     191.1  1.281e+13
     193.1  1.285e+13
     195.1  1.288e+13
     197.1  1.292e+13
     199.1  1.295e+13
     201.1  1.298e+13
     203.1  1.302e+13
     205.1  1.305e+13
     207.1  1.308e+13
     209.1   1.31e+13
     211.1  1.313e+13
     213.1  1.316e+13
     215.1  1.319e+13
     217.1  1.322e+13
     219.1  1.325e+13
     221.1  1.328e+13
     223.1  1.331e+13
     225.1  1.333e+13
     227.1  1.336e+13
     229.1  1.338e+13
     231.1  1.341e+13
     233.1  1.343e+13
     235.1  1.346e+13
     237.1  1.348e+13
     239.1   1.35e+13
     241.1  1.352e+13
     243.1  1.354e+13
     245.1  1.357e+13
     247.1  1.359e+13
     249.1  1.361e+13
     251.1  1.363e+13
     253.1  1.365e+13
     255.1  1.366e+13
     257.1  1.368e+13
     259.1  1.369e+13
     261.1  1.371e+13
     263.1  1.373e+13
     265.1  1.375e+13
     267.1  1.377e+13
     269.1  1.378e+13
     271.1  1.379e+13
     273.1  1.381e+13
     275.1  1.381e+13
     277.1  1.382e+13
     279.1  1.383e+13
     281.1  1.384e+13
     283.1  1.384e+13
     285.1  1.385e+13
     287.1  1.385e+13
     289.1  1.386e+13
     291.1  1.386e+13
     293.1  1.387e+13
     295.1  1.387e+13
     297.1  1.388e+13
     299.1  1.388e+13
     301.1  1.388e+13
     303.1  1.389e+13
     305.1  1.389e+13
     307.1  1.389e+13
     309.1   1.39e+13
     311.1   1.39e+13
     313.1   1.39e+13
     315.1   1.39e+13
     317.1   1.39e+13
     319.1  1.391e+13
     321.1  1.391e+13
     323.1  1.391e+13
     325.1  1.391e+13
     327.1  1.391e+13
     329.1  1.391e+13
     331.1  1.391e+13
     333.1  1.392e+13
     335.1  1.392e+13
     337.1  1.392e+13
     339.1  1.392e+13
     341.1  1.392e+13
     343.1  1.392e+13
     345.1  1.392e+13
     347.1  1.392e+13
     349.1  1.392e+13
     351.1  1.392e+13
