         1      14.39
     3.001         16
     5.001      17.34
     7.002      18.37
     9.002      18.82
        11      19.23
        13      19.59
        15      19.87
        17       20.2
     19.01      20.42
     21.01      20.59
     23.01      20.75
     25.01      20.79
     27.01      20.96
     29.01      21.07
     31.01      21.19
     33.01      21.27
     35.01      21.34
     37.01      21.46
     39.01      21.54
     41.01      21.58
     43.01      21.64
     45.01       21.7
     47.01      21.73
     49.01      21.82
     51.01      21.92
     53.01      22.05
     55.02      22.11
     57.02      22.17
     59.02      22.24
     61.02       22.3
     63.02      22.39
     65.02      22.44
     67.02      22.46
     69.02       22.5
     71.02      22.56
     73.02      22.56
     75.02       22.6
     77.02      22.72
     79.02      22.74
     81.02      22.84
     83.02      22.84
     85.02      22.85
     87.02      22.92
     89.02      22.98
     91.03      23.07
     93.03       23.1
     95.03      23.11
     97.03      23.23
     99.03      23.24
       101      23.27
       103      23.33
       105      23.36
       107       23.4
       109      23.38
       111      23.46
       113       23.5
       115      23.54
       117      23.57
       119      23.58
       121      23.69
       123      23.77
       125      23.76
       127      23.82
       129      23.88
       131      23.97
       133         24
       135         24
       137      23.98
       139      23.95
       141      24.01
       143      24.05
       145      24.13
       147      24.19
       149      24.24
       151      24.27
       153      24.35
       155      24.36
       157      24.31
       159      24.38
       161      24.46
       163      24.46
       165      24.44
       167      24.46
       169      24.57
       171      24.59
       173      24.72
       175      24.73
       177      24.77
       179      24.83
       181      24.86
     183.1      24.85
     185.1      24.93
     187.1      25.02
     189.1      25.09
     191.1      25.15
     193.1      25.26
     195.1      25.28
     197.1      25.47
     199.1      25.46
     201.1      25.39
     203.1      25.41
     205.1      25.49
     207.1      25.59
     209.1      25.65
     211.1       25.7
     213.1      25.75
     215.1      25.81
     217.1       26.1
     219.1      25.86
     221.1      25.84
     223.1      25.98
     225.1      26.03
     227.1      26.16
     229.1      26.14
     231.1         26
     233.1      26.23
     235.1      26.29
     237.1      26.52
     239.1      26.61
     241.1       26.6
     243.1      26.67
     245.1       26.5
     247.1      26.78
     249.1      27.06
     251.1      27.29
     253.1      27.21
     255.1      27.42
     257.1      27.52
     259.1      27.67
     261.1      27.79
     263.1      27.63
     265.1      27.47
     267.1      27.32
     269.1         28
     271.1      27.71
     273.1      27.65
     275.1      28.01
     277.1      28.62
     279.1      28.62
     281.1      28.41
     283.1      28.72
     285.1      29.51
     287.1      30.23
     289.1      29.56
     291.1      29.58
     293.1      29.68
     295.1      29.76
     297.1      29.44
     299.1      29.53
     301.1      29.09
     303.1       28.7
     305.1      28.85
     307.1      30.49
     309.1      31.19
     311.1       30.5
     313.1      30.28
     315.1      29.25
     317.1      28.81
     319.1      29.28
     321.1      30.75
     323.1      31.73
     325.1      31.96
     327.1      32.43
     329.1      33.52
     331.1      35.08
     333.1      35.85
     335.1      36.26
     337.1      36.17
     339.1      36.34
     341.1      35.01
     343.1      32.69
     345.1      33.17
     347.1      32.72
     349.1      32.81
     351.1       32.2
