         1  1.883e+10
     3.001  9.783e+10
     5.001  1.476e+11
     7.002  1.848e+11
     9.002  2.156e+11
        11   2.44e+11
        13  2.722e+11
        15  2.995e+11
        17  3.236e+11
        19  3.454e+11
        21  3.677e+11
     23.01   3.87e+11
     25.01  4.116e+11
     27.01   4.33e+11
     29.01  4.483e+11
     31.01  4.593e+11
     33.01  4.706e+11
     35.01  4.813e+11
     37.01  4.909e+11
     39.01  4.993e+11
     41.01  5.074e+11
     43.01  5.171e+11
     45.01  5.261e+11
     47.01   5.38e+11
     49.01  5.486e+11
     51.01  5.566e+11
     53.01  5.635e+11
     55.01  5.697e+11
     57.01  5.752e+11
     59.01  5.805e+11
     61.01  5.859e+11
     63.01  5.912e+11
     65.02  5.969e+11
     67.02  6.021e+11
     69.02  6.082e+11
     71.02  6.139e+11
     73.02  6.186e+11
     75.02  6.237e+11
     77.02  6.276e+11
     79.02   6.32e+11
     81.02   6.36e+11
     83.02  6.401e+11
     85.02  6.446e+11
     87.02  6.488e+11
     89.02  6.528e+11
     91.02  6.584e+11
     93.02  6.638e+11
     95.02   6.69e+11
     97.02  6.744e+11
     99.02  6.795e+11
       101   6.85e+11
       103  6.916e+11
       105  6.969e+11
       107  7.011e+11
       109  7.053e+11
       111  7.094e+11
       113  7.153e+11
       115  7.216e+11
       117  7.271e+11
       119   7.32e+11
       121  7.363e+11
       123  7.415e+11
       125  7.466e+11
       127  7.508e+11
       129  7.577e+11
       131  7.626e+11
       133  7.666e+11
       135  7.714e+11
       137  7.747e+11
       139  7.786e+11
       141  7.819e+11
       143  7.852e+11
       145  7.875e+11
       147  7.902e+11
       149  7.926e+11
       151  7.946e+11
       153  7.971e+11
       155  7.998e+11
       157  8.022e+11
       159  8.048e+11
       161  8.075e+11
       163  8.099e+11
       165  8.121e+11
       167  8.145e+11
       169  8.173e+11
       171  8.194e+11
       173  8.216e+11
       175  8.234e+11
       177  8.252e+11
       179  8.271e+11
       181  8.291e+11
       183  8.305e+11
       185  8.322e+11
       187   8.34e+11
       189  8.358e+11
       191  8.379e+11
       193  8.398e+11
       195  8.413e+11
       197  8.425e+11
       199  8.442e+11
       201  8.455e+11
       203  8.474e+11
       205  8.485e+11
       207    8.5e+11
       209  8.512e+11
       211  8.527e+11
     213.1  8.543e+11
     215.1  8.557e+11
     217.1   8.57e+11
     219.1  8.579e+11
     221.1  8.592e+11
     223.1  8.606e+11
     225.1  8.616e+11
     227.1  8.624e+11
     229.1  8.635e+11
     231.1  8.646e+11
     233.1  8.658e+11
     235.1  8.669e+11
     237.1  8.681e+11
     239.1  8.694e+11
     241.1  8.705e+11
     243.1  8.723e+11
     245.1  8.745e+11
     247.1  8.768e+11
     249.1  8.786e+11
     251.1  8.794e+11
     253.1  8.805e+11
     255.1  8.811e+11
     257.1  8.816e+11
     259.1  8.823e+11
     261.1  8.827e+11
     263.1  8.833e+11
     265.1  8.836e+11
     267.1  8.841e+11
     269.1  8.842e+11
     271.1  8.846e+11
     273.1   8.85e+11
     275.1  8.854e+11
     277.1  8.856e+11
     279.1  8.859e+11
     281.1  8.862e+11
     283.1  8.865e+11
     285.1  8.867e+11
     287.1  8.868e+11
     289.1  8.871e+11
     291.1  8.871e+11
     293.1  8.872e+11
     295.1  8.873e+11
     297.1  8.874e+11
     299.1  8.877e+11
     301.1  8.878e+11
     303.1  8.879e+11
     305.1   8.88e+11
     307.1  8.881e+11
     309.1  8.883e+11
     311.1  8.887e+11
     313.1  8.888e+11
     315.1  8.889e+11
     317.1  8.891e+11
     319.1  8.895e+11
     321.1  8.895e+11
     323.1  8.897e+11
     325.1  8.898e+11
     327.1  8.898e+11
     329.1    8.9e+11
     331.1  8.902e+11
     333.1  8.903e+11
     335.1  8.905e+11
     337.1  8.906e+11
     339.1  8.907e+11
     341.1  8.908e+11
     343.1  8.908e+11
     345.1  8.908e+11
     347.1  8.908e+11
     349.1  8.908e+11
     351.1  8.908e+11
