         1      17.41
     3.001      18.29
     5.001      19.03
     7.002      19.49
     9.002      19.66
        11         20
        13      20.07
        15      20.45
        17      20.55
        19      20.58
        21      20.85
     23.01      20.94
     25.01      21.17
     27.01       21.5
     29.01      21.78
     31.01       21.9
     33.01      21.95
     35.01      22.11
     37.01      22.37
     39.01      22.56
     41.01      22.71
     43.01      22.77
     45.01      22.81
     47.01      22.89
     49.01      23.16
     51.01      23.33
     53.01      23.57
     55.01      23.59
     57.01       23.8
     59.01      23.98
     61.01      24.41
     63.01      25.19
     65.02      24.82
     67.02      24.77
     69.02      24.49
     71.02      24.81
     73.02      24.91
     75.02      25.13
     77.02      25.42
     79.02      25.98
     81.02      25.89
     83.02       25.7
     85.02      25.91
     87.02      26.58
     89.02      27.54
     91.02      26.79
     93.02      27.15
     95.02       27.7
     97.02       28.7
     99.02      29.23
       101      28.91
       103      29.13
       105      29.88
       107      29.42
       109      30.62
       111      29.88
       113      29.55
       115      29.05
       117      29.35
       119      30.62
       121      31.21
       123      32.65
       125      31.96
       127      31.39
       129      30.94
       131      30.72
       133      31.48
       135       32.4
       137      32.98
       139      33.29
       141      32.91
       143      34.04
       145         34
       147      35.07
       149      35.78
       151      35.42
       153      35.87
       155      34.84
       157      34.03
       159      34.64
       161      35.69
       163         37
       165      37.16
       167      37.31
       169      36.46
       171      36.85
       173       37.3
       175      37.44
       177      37.62
       179      37.47
       181         38
       183      38.55
       185      38.64
       187      39.28
       189      39.07
       191      39.58
       193      39.45
       195      40.14
       197      40.42
       199      39.96
       201      39.87
       203      39.92
       205      40.81
       207      41.22
       209      40.46
       211      39.96
     213.1      39.37
     215.1      40.62
     217.1      41.69
     219.1      42.13
     221.1       41.1
     223.1      41.78
     225.1       42.7
     227.1      43.38
     229.1      42.36
     231.1      42.35
     233.1       42.5
     235.1      42.93
     237.1      42.31
     239.1      42.74
     241.1       43.3
     243.1      43.37
     245.1      43.57
     247.1      43.07
     249.1      43.94
     251.1      44.02
     253.1      44.11
     255.1      44.17
     257.1      45.47
     259.1      45.31
     261.1      44.48
     263.1       44.6
     265.1      45.19
     267.1       45.6
     269.1      46.13
     271.1      45.24
     273.1      45.02
     275.1      44.93
     277.1      45.58
     279.1      45.13
     281.1      45.29
     283.1      45.51
     285.1      45.98
     287.1      46.03
     289.1      47.33
     291.1      48.13
     293.1      47.78
     295.1       46.6
     297.1      45.84
     299.1      46.43
     301.1      46.24
     303.1      47.53
     305.1      47.26
     307.1      46.59
     309.1      45.67
     311.1      45.98
     313.1      46.29
     315.1      44.55
     317.1      44.07
     319.1      43.59
     321.1      44.98
     323.1      46.44
     325.1       46.3
     327.1      46.67
     329.1      44.91
     331.1       44.4
     333.1      43.07
     335.1      43.26
     337.1      42.94
     339.1      44.54
     341.1      44.47
     343.1      46.99
     345.1      48.16
     347.1         50
     349.1         50
     351.1         50
