     2.022  6.717e+10
     6.066    1.1e+11
     10.11  1.407e+11
     14.15  1.697e+11
      18.2  2.004e+11
     22.24  2.453e+11
     26.29  2.742e+11
     30.33  2.958e+11
     34.37  3.158e+11
     38.42    3.3e+11
     42.46  3.437e+11
     46.51  3.545e+11
     50.55  3.651e+11
     54.59  3.788e+11
     58.64  3.923e+11
     62.68  4.025e+11
     66.73  4.119e+11
     70.77  4.195e+11
     74.81  4.267e+11
     78.86  4.359e+11
      82.9   4.47e+11
     86.95  4.546e+11
     90.99  4.608e+11
     95.03  4.652e+11
     99.08  4.682e+11
     103.1  4.716e+11
     107.2  4.735e+11
     111.2  4.755e+11
     115.3  4.774e+11
     119.3   4.79e+11
     123.3  4.807e+11
     127.4  4.819e+11
     131.4  4.838e+11
     135.5   4.86e+11
     139.5  4.872e+11
     143.6  4.881e+11
     147.6  4.894e+11
     151.7   4.91e+11
     155.7  4.922e+11
     159.7   4.93e+11
     163.8  4.941e+11
     167.8  4.948e+11
     171.9  4.953e+11
     175.9  4.958e+11
       180  4.962e+11
       184  4.969e+11
       188  4.975e+11
     192.1  4.981e+11
     196.1  4.983e+11
     200.2  4.984e+11
     204.2  4.988e+11
     208.3  4.991e+11
     212.3  4.992e+11
     216.4  4.994e+11
     220.4  4.997e+11
     224.4  4.998e+11
     228.5  5.002e+11
     232.5  5.002e+11
     236.6  5.003e+11
     240.6  5.004e+11
     244.7  5.006e+11
     248.7  5.006e+11
     252.8  5.007e+11
     256.8  5.007e+11
     260.8  5.007e+11
     264.9  5.007e+11
     268.9  5.008e+11
       273  5.008e+11
       277  5.008e+11
     281.1  5.008e+11
     285.1  5.008e+11
     289.1  5.009e+11
     293.2  5.009e+11
     297.2   5.01e+11
     301.3   5.01e+11
     305.3   5.01e+11
     309.4   5.01e+11
     313.4   5.01e+11
     317.5   5.01e+11
     321.5   5.01e+11
     325.5   5.01e+11
     329.6   5.01e+11
     333.6   5.01e+11
     337.7   5.01e+11
     341.7   5.01e+11
     345.8   5.01e+11
     349.8   5.01e+11
