     1.005  3.183e+10
     3.016  8.211e+10
     5.026  1.016e+11
     7.037   1.18e+11
     9.047  1.324e+11
     11.06  1.481e+11
     13.07  1.623e+11
     15.08  1.761e+11
     17.09  1.908e+11
      19.1  2.098e+11
     21.11  2.338e+11
     23.12   2.53e+11
     25.13  2.664e+11
     27.14  2.786e+11
     29.15   2.89e+11
     31.16  3.005e+11
     33.17  3.102e+11
     35.18   3.19e+11
     37.19  3.255e+11
      39.2  3.331e+11
     41.21  3.398e+11
     43.22  3.462e+11
     45.24  3.511e+11
     47.25   3.56e+11
     49.26  3.615e+11
     51.27  3.671e+11
     53.28  3.737e+11
     55.29  3.813e+11
      57.3  3.881e+11
     59.31  3.939e+11
     61.32  3.991e+11
     63.33  4.042e+11
     65.34  4.087e+11
     67.35  4.131e+11
     69.36  4.166e+11
     71.37  4.204e+11
     73.38  4.245e+11
     75.39  4.279e+11
      77.4   4.32e+11
     79.41  4.371e+11
     81.42  4.426e+11
     83.43  4.479e+11
     85.44   4.52e+11
     87.45  4.555e+11
     89.47  4.587e+11
     91.48  4.612e+11
     93.49  4.636e+11
      95.5  4.657e+11
     97.51  4.675e+11
     99.52  4.685e+11
     101.5  4.704e+11
     103.5  4.718e+11
     105.5  4.729e+11
     107.6  4.738e+11
     109.6  4.747e+11
     111.6  4.757e+11
     113.6  4.766e+11
     115.6  4.776e+11
     117.6  4.783e+11
     119.6  4.792e+11
     121.6    4.8e+11
     123.6  4.808e+11
     125.7  4.816e+11
     127.7  4.821e+11
     129.7  4.832e+11
     131.7   4.84e+11
     133.7  4.852e+11
     135.7  4.863e+11
     137.7  4.868e+11
     139.7  4.873e+11
     141.7  4.877e+11
     143.7  4.881e+11
     145.8  4.888e+11
     147.8  4.895e+11
     149.8  4.904e+11
     151.8  4.911e+11
     153.8  4.916e+11
     155.8  4.922e+11
     157.8  4.927e+11
     159.8   4.93e+11
     161.8  4.936e+11
     163.9  4.942e+11
     165.9  4.945e+11
     167.9  4.948e+11
     169.9  4.952e+11
     171.9  4.953e+11
     173.9  4.955e+11
     175.9  4.958e+11
     177.9   4.96e+11
     179.9  4.962e+11
     181.9  4.965e+11
       184  4.969e+11
       186  4.973e+11
       188  4.975e+11
       190  4.978e+11
       192  4.981e+11
       194  4.981e+11
       196  4.983e+11
       198  4.984e+11
       200  4.984e+11
     202.1  4.986e+11
     204.1  4.988e+11
     206.1  4.989e+11
     208.1  4.991e+11
     210.1  4.992e+11
     212.1  4.992e+11
     214.1  4.993e+11
     216.1  4.994e+11
     218.1  4.995e+11
     220.1  4.996e+11
     222.2  4.997e+11
     224.2  4.997e+11
     226.2      5e+11
     228.2  5.001e+11
     230.2  5.002e+11
     232.2  5.002e+11
     234.2  5.002e+11
     236.2  5.003e+11
     238.2  5.003e+11
     240.2  5.004e+11
     242.3  5.005e+11
     244.3  5.006e+11
     246.3  5.006e+11
     248.3  5.006e+11
     250.3  5.006e+11
     252.3  5.007e+11
     254.3  5.007e+11
     256.3  5.007e+11
     258.3  5.007e+11
     260.4  5.007e+11
     262.4  5.007e+11
     264.4  5.007e+11
     266.4  5.008e+11
     268.4  5.008e+11
     270.4  5.008e+11
     272.4  5.008e+11
     274.4  5.008e+11
     276.4  5.008e+11
     278.4  5.008e+11
     280.5  5.008e+11
     282.5  5.008e+11
     284.5  5.008e+11
     286.5  5.009e+11
     288.5  5.009e+11
     290.5  5.009e+11
     292.5  5.009e+11
     294.5  5.009e+11
     296.5   5.01e+11
     298.6   5.01e+11
     300.6   5.01e+11
     302.6   5.01e+11
     304.6   5.01e+11
     306.6   5.01e+11
     308.6   5.01e+11
     310.6   5.01e+11
     312.6   5.01e+11
     314.6   5.01e+11
     316.6   5.01e+11
     318.7   5.01e+11
     320.7   5.01e+11
     322.7   5.01e+11
     324.7   5.01e+11
     326.7   5.01e+11
     328.7   5.01e+11
     330.7   5.01e+11
     332.7   5.01e+11
     334.7   5.01e+11
     336.8   5.01e+11
     338.8   5.01e+11
     340.8   5.01e+11
     342.8   5.01e+11
     344.8   5.01e+11
     346.8   5.01e+11
     348.8   5.01e+11
     350.8   5.01e+11
