     2.022      18.41
     6.066      19.85
     10.11      20.38
     14.15      20.86
      18.2      21.21
     22.24      21.51
     26.29      21.98
     30.33      22.15
     34.37       22.6
     38.42       22.8
     42.46       23.2
     46.51      23.89
     50.55       24.1
     54.59      23.87
     58.64      25.42
     62.68      25.28
     66.73      25.87
     70.77      27.21
     74.81      27.57
     78.86      28.45
      82.9      29.39
     86.95      31.69
     90.99      34.75
     95.03      37.36
     99.08      39.03
     103.1      39.26
     107.2      40.93
     111.2      41.54
     115.3      41.95
     119.3      42.01
     123.3       43.3
     127.4      43.22
     131.4         44
     135.5      44.76
     139.5      45.93
     143.6      45.75
     147.6      44.57
     151.7      44.87
     155.7      45.58
     159.7      46.23
     163.8      46.35
     167.8       47.3
     171.9      47.76
     175.9      47.48
       180      47.73
       184       47.1
       188      47.78
     192.1      48.54
     196.1      49.14
     200.2      48.85
     204.2      48.93
     208.3      49.12
     212.3      49.36
     216.4      48.97
     220.4      49.22
     224.4      48.79
     228.5      49.09
     232.5      49.84
     236.6      49.56
     240.6      49.37
     244.7       49.7
     248.7      49.74
     252.8      49.71
     256.8      49.92
     260.8      49.98
     264.9      49.68
     268.9       49.8
       273         50
       277      49.87
     281.1      49.76
     285.1       49.7
     289.1      49.59
     293.2      49.61
     297.2      49.37
     301.3      49.98
     305.3         50
     309.4         50
     313.4      49.72
     317.5      48.85
     321.5      49.78
     325.5         50
     329.6         50
     333.6         50
     337.7         50
     341.7         50
     345.8         50
     349.8         50
