     2.022      18.18
     6.066      19.69
     10.11      20.23
     14.15       20.7
      18.2      21.03
     22.24      21.33
     26.29       21.8
     30.33      21.98
     34.37      22.43
     38.42      22.64
     42.46      23.04
     46.51      23.72
     50.55      23.92
     54.59       23.7
     58.64      25.25
     62.68      25.05
     66.73      25.64
     70.77      27.05
     74.81      27.35
     78.86      28.23
      82.9      29.23
     86.95      31.55
     90.99      34.63
     95.03      37.26
     99.08      38.94
     103.1      39.15
     107.2      40.85
     111.2      41.47
     115.3      41.86
     119.3      41.91
     123.3      43.25
     127.4      43.16
     131.4      43.95
     135.5      44.71
     139.5       45.9
     143.6      45.71
     147.6      44.52
     151.7      44.82
     155.7      45.54
     159.7       46.2
     163.8      46.32
     167.8      47.27
     171.9      47.74
     175.9      47.46
       180       47.7
       184      47.06
       188      47.76
     192.1      48.52
     196.1      49.13
     200.2      48.84
     204.2      48.93
     208.3      49.12
     212.3      49.36
     216.4      48.96
     220.4      49.21
     224.4      48.78
     228.5      49.09
     232.5      49.83
     236.6      49.56
     240.6      49.37
     244.7       49.7
     248.7      49.74
     252.8      49.71
     256.8      49.92
     260.8      49.98
     264.9      49.68
     268.9      49.79
       273         50
       277      49.87
     281.1      49.75
     285.1       49.7
     289.1      49.59
     293.2       49.6
     297.2      49.36
     301.3      49.98
     305.3         50
     309.4         50
     313.4      49.72
     317.5      48.84
     321.5      49.78
     325.5         50
     329.6         50
     333.6         50
     337.7         50
     341.7         50
     345.8         50
     349.8         50
