     2.001  4.527e+10
     6.002   1.62e+11
        10  2.355e+11
     14.01  2.978e+11
     18.01  3.542e+11
     22.01  4.061e+11
     26.01  4.533e+11
     30.01  4.983e+11
     34.01  5.428e+11
     38.02  5.847e+11
     42.02  6.331e+11
     46.02  6.772e+11
     50.02  7.179e+11
     54.02  7.576e+11
     58.02  7.898e+11
     62.02  8.175e+11
     66.03  8.449e+11
     70.03  8.736e+11
     74.03  9.034e+11
     78.03  9.329e+11
     82.03  9.583e+11
     86.03  9.812e+11
     90.04  1.002e+12
     94.04  1.019e+12
     98.04  1.039e+12
       102   1.06e+12
       106  1.076e+12
       110  1.094e+12
       114  1.111e+12
       118  1.127e+12
       122  1.148e+12
       126  1.165e+12
     130.1  1.179e+12
     134.1  1.192e+12
     138.1  1.206e+12
     142.1  1.216e+12
     146.1  1.227e+12
     150.1  1.236e+12
     154.1  1.245e+12
     158.1  1.252e+12
     162.1  1.259e+12
     166.1  1.266e+12
     170.1  1.272e+12
     174.1  1.278e+12
     178.1  1.284e+12
     182.1   1.29e+12
     186.1  1.295e+12
     190.1    1.3e+12
     194.1  1.305e+12
     198.1  1.309e+12
     202.1  1.314e+12
     206.1  1.318e+12
     210.1  1.321e+12
     214.1  1.325e+12
     218.1  1.328e+12
     222.1  1.333e+12
     226.1  1.336e+12
     230.1  1.339e+12
     234.1  1.342e+12
     238.1  1.345e+12
     242.1  1.347e+12
     246.1   1.35e+12
     250.1  1.352e+12
     254.1  1.354e+12
     258.1  1.355e+12
     262.1  1.356e+12
     266.1  1.357e+12
     270.1  1.358e+12
     274.1  1.359e+12
     278.1   1.36e+12
     282.1   1.36e+12
     286.1  1.362e+12
     290.1  1.363e+12
     294.1  1.363e+12
     298.1  1.364e+12
     302.1  1.364e+12
     306.1  1.365e+12
     310.1  1.365e+12
     314.1  1.366e+12
     318.1  1.366e+12
     322.1  1.366e+12
     326.1  1.366e+12
     330.1  1.366e+12
     334.1  1.366e+12
     338.1  1.366e+12
     342.1  1.366e+12
     346.1  1.366e+12
     350.1  1.366e+12
