         1  1.488e+10
     3.001   7.92e+10
     5.002  1.369e+11
     7.003  1.827e+11
     9.004  2.191e+11
        11  2.512e+11
     13.01  2.837e+11
     15.01  3.114e+11
     17.01  3.406e+11
     19.01  3.681e+11
     21.01   3.94e+11
     23.01  4.188e+11
     25.01  4.423e+11
     27.01  4.643e+11
     29.01  4.867e+11
     31.01  5.093e+11
     33.01  5.323e+11
     35.01  5.531e+11
     37.01  5.736e+11
     39.02  5.967e+11
     41.02  6.208e+11
     43.02  6.448e+11
     45.02  6.674e+11
     47.02  6.876e+11
     49.02  7.077e+11
     51.02  7.287e+11
     53.02  7.485e+11
     55.02  7.667e+11
     57.02  7.823e+11
     59.02  7.967e+11
     61.02  8.106e+11
     63.02  8.249e+11
     65.03  8.384e+11
     67.03  8.521e+11
     69.03  8.661e+11
     71.03   8.81e+11
     73.03  8.958e+11
     75.03  9.102e+11
     77.03  9.248e+11
     79.03  9.398e+11
     81.03  9.523e+11
     83.03  9.635e+11
     85.03  9.748e+11
     87.03  9.872e+11
     89.04  9.968e+11
     91.04  1.005e+12
     93.04  1.014e+12
     95.04  1.024e+12
     97.04  1.033e+12
     99.04  1.045e+12
       101  1.056e+12
       103  1.064e+12
       105  1.072e+12
       107   1.08e+12
       109  1.089e+12
       111  1.099e+12
       113  1.108e+12
       115  1.115e+12
       117  1.123e+12
       119  1.132e+12
       121  1.143e+12
       123  1.153e+12
       125  1.161e+12
     127.1  1.168e+12
     129.1  1.176e+12
     131.1  1.182e+12
     133.1  1.188e+12
     135.1  1.197e+12
     137.1  1.203e+12
     139.1  1.209e+12
     141.1  1.214e+12
     143.1  1.219e+12
     145.1  1.224e+12
     147.1  1.229e+12
     149.1  1.234e+12
     151.1  1.239e+12
     153.1  1.242e+12
     155.1  1.247e+12
     157.1   1.25e+12
     159.1  1.254e+12
     161.1  1.258e+12
     163.1  1.261e+12
     165.1  1.264e+12
     167.1  1.267e+12
     169.1   1.27e+12
     171.1  1.274e+12
     173.1  1.277e+12
     175.1   1.28e+12
     177.1  1.283e+12
     179.1  1.286e+12
     181.1  1.289e+12
     183.1  1.292e+12
     185.1  1.294e+12
     187.1  1.297e+12
     189.1  1.299e+12
     191.1  1.301e+12
     193.1  1.303e+12
     195.1  1.306e+12
     197.1  1.308e+12
     199.1  1.311e+12
     201.1  1.313e+12
     203.1  1.315e+12
     205.1  1.317e+12
     207.1  1.319e+12
     209.1   1.32e+12
     211.1  1.322e+12
     213.1  1.324e+12
     215.1  1.326e+12
     217.1  1.328e+12
     219.1   1.33e+12
     221.1  1.331e+12
     223.1  1.333e+12
     225.1  1.335e+12
     227.1  1.336e+12
     229.1  1.338e+12
     231.1   1.34e+12
     233.1  1.341e+12
     235.1  1.343e+12
     237.1  1.344e+12
     239.1  1.345e+12
     241.1  1.347e+12
     243.1  1.348e+12
     245.1  1.349e+12
     247.1  1.351e+12
     249.1  1.352e+12
     251.1  1.353e+12
     253.1  1.353e+12
     255.1  1.354e+12
     257.1  1.354e+12
     259.1  1.355e+12
     261.1  1.356e+12
     263.1  1.356e+12
     265.1  1.357e+12
     267.1  1.357e+12
     269.1  1.357e+12
     271.1  1.358e+12
     273.1  1.358e+12
     275.1  1.359e+12
     277.1  1.359e+12
     279.1   1.36e+12
     281.1   1.36e+12
     283.1  1.361e+12
     285.1  1.361e+12
     287.1  1.362e+12
     289.1  1.363e+12
     291.1  1.363e+12
     293.1  1.363e+12
     295.1  1.364e+12
     297.1  1.364e+12
     299.1  1.364e+12
     301.1  1.364e+12
     303.1  1.364e+12
     305.1  1.365e+12
     307.1  1.365e+12
     309.1  1.365e+12
     311.1  1.365e+12
     313.1  1.365e+12
     315.1  1.366e+12
     317.1  1.366e+12
     319.1  1.366e+12
     321.1  1.366e+12
     323.1  1.366e+12
     325.1  1.366e+12
     327.1  1.366e+12
     329.1  1.366e+12
     331.1  1.366e+12
     333.1  1.366e+12
     335.1  1.366e+12
     337.1  1.366e+12
     339.1  1.366e+12
     341.1  1.366e+12
     343.1  1.366e+12
     345.1  1.366e+12
     347.1  1.366e+12
     349.1  1.366e+12
     351.1  1.366e+12
