         1      18.48
     3.001      19.38
     5.002      19.74
     7.003      20.25
     9.004      20.63
        11      20.91
     13.01      21.06
     15.01      21.26
     17.01      21.36
     19.01      21.54
     21.01      21.64
     23.01      21.73
     25.01      21.94
     27.01      22.01
     29.01      22.11
     31.01      22.24
     33.01      22.28
     35.01      22.41
     37.01      22.37
     39.02      22.36
     41.02      22.43
     43.02       22.6
     45.02      22.74
     47.02      22.82
     49.02      22.91
     51.02      22.97
     53.02      23.08
     55.02      23.13
     57.02      23.27
     59.02      23.38
     61.02       23.5
     63.02      23.54
     65.03      23.66
     67.03      23.76
     69.03      23.91
     71.03      23.78
     73.03      23.92
     75.03      24.12
     77.03      24.12
     79.03       24.2
     81.03      24.33
     83.03      24.45
     85.03      24.41
     87.03      24.57
     89.04      24.81
     91.04      24.93
     93.04      24.95
     95.04      24.81
     97.04      24.74
     99.04      24.87
       101      25.19
       103      25.38
       105      25.67
       107      25.74
       109      25.75
       111      25.45
       113      25.83
       115      25.84
       117      26.14
       119      26.33
       121      26.42
       123      26.16
       125      26.37
     127.1      26.76
     129.1      27.23
     131.1      27.48
     133.1      27.32
     135.1      26.93
     137.1      27.31
     139.1      28.07
     141.1      29.03
     143.1      28.76
     145.1      29.41
     147.1      29.79
     149.1      29.94
     151.1      30.67
     153.1       30.8
     155.1      31.37
     157.1      31.96
     159.1      32.22
     161.1      32.49
     163.1      32.32
     165.1      32.88
     167.1      32.86
     169.1      33.67
     171.1      34.68
     173.1      34.65
     175.1      33.79
     177.1      33.78
     179.1      34.33
     181.1      35.27
     183.1      35.78
     185.1      36.45
     187.1      36.88
     189.1      36.67
     191.1      37.03
     193.1      37.38
     195.1      37.66
     197.1      37.39
     199.1      37.27
     201.1      38.05
     203.1       39.1
     205.1      38.64
     207.1      38.93
     209.1      39.18
     211.1      39.95
     213.1      39.97
     215.1      40.52
     217.1      41.18
     219.1      40.74
     221.1      40.29
     223.1      40.68
     225.1      40.92
     227.1      41.27
     229.1      40.88
     231.1      41.17
     233.1      40.57
     235.1      40.71
     237.1      41.66
     239.1      42.19
     241.1      41.98
     243.1      41.83
     245.1      41.98
     247.1       41.9
     249.1      42.85
     251.1      43.51
     253.1       44.9
     255.1      44.74
     257.1      45.26
     259.1      44.86
     261.1      44.55
     263.1      44.14
     265.1       44.3
     267.1       44.4
     269.1      44.36
     271.1      43.36
     273.1      43.49
     275.1      43.41
     277.1      44.67
     279.1      44.73
     281.1      43.65
     283.1      43.31
     285.1      42.26
     287.1      42.64
     289.1      43.35
     291.1      44.85
     293.1       44.5
     295.1      45.02
     297.1      44.21
     299.1      44.21
     301.1      44.12
     303.1      45.21
     305.1      45.48
     307.1      44.96
     309.1      45.59
     311.1      45.64
     313.1      44.68
     315.1      46.83
     317.1      47.27
     319.1      47.95
     321.1       46.6
     323.1      48.23
     325.1      47.69
     327.1      48.31
     329.1      46.81
     331.1      47.51
     333.1      47.34
     335.1      47.37
     337.1      46.44
     339.1      44.44
     341.1      46.19
     343.1      44.16
     345.1      44.55
     347.1      45.92
     349.1         50
     351.1         50
