     2.001      18.68
     6.002      19.67
        10      20.47
     14.01      20.87
     18.01      21.17
     22.01       21.4
     26.01       21.7
     30.01       21.9
     34.01      22.07
     38.02       22.1
     42.02      22.24
     46.02      22.51
     50.02      22.66
     54.02      22.83
     58.02      23.07
     62.02      23.25
     66.03      23.44
     70.03      23.56
     74.03      23.73
     78.03      23.87
     82.03      24.09
     86.03       24.2
     90.04      24.57
     94.04       24.6
     98.04      24.52
       102      24.99
       106      25.41
       110       25.3
       114      25.53
       118      25.93
       122      25.98
       126      26.26
     130.1      27.06
     134.1      26.82
     138.1      27.39
     142.1      28.62
     146.1      29.32
     150.1      30.03
     154.1      30.83
     158.1      31.85
     162.1      32.16
     166.1      32.64
     170.1      33.95
     174.1      34.03
     178.1      33.86
     182.1      35.35
     186.1      36.48
     190.1      36.67
     194.1      37.34
     198.1      37.16
     202.1      38.42
     206.1      38.64
     210.1      39.42
     214.1      40.11
     218.1      40.84
     222.1      40.36
     226.1      40.98
     230.1       40.9
     234.1      40.48
     238.1      41.81
     242.1      41.79
     246.1      41.76
     250.1      43.04
     254.1      44.75
     258.1      44.99
     262.1      44.28
     266.1      44.27
     270.1      43.77
     274.1      43.35
     278.1      44.62
     282.1       43.4
     286.1      42.33
     290.1      43.99
     294.1       44.7
     298.1      44.12
     302.1      44.58
     306.1      45.17
     310.1      45.55
     314.1      45.57
     318.1      47.41
     322.1      47.21
     326.1      47.81
     330.1      46.98
     334.1      47.31
     338.1      45.52
     342.1      44.84
     346.1      45.31
     350.1         50
