     2.001  2.448e+10
     6.002  9.054e+10
        10  1.589e+11
     14.01  2.216e+11
     18.01  2.795e+11
     22.01  3.332e+11
     26.01  3.797e+11
     30.01  4.194e+11
     34.01  4.557e+11
     38.02  4.941e+11
     42.02  5.249e+11
     46.02  5.532e+11
     50.02  5.801e+11
     54.02   6.04e+11
     58.02  6.252e+11
     62.02  6.445e+11
     66.03   6.63e+11
     70.03   6.78e+11
     74.03  6.919e+11
     78.03  7.054e+11
     82.03  7.177e+11
     86.03  7.291e+11
     90.04  7.409e+11
     94.04  7.532e+11
     98.04  7.675e+11
       102  7.839e+11
       106  7.955e+11
       110  8.047e+11
       114  8.148e+11
       118  8.232e+11
       122  8.311e+11
       126  8.404e+11
     130.1  8.521e+11
     134.1  8.618e+11
     138.1  8.691e+11
     142.1  8.793e+11
     146.1  8.875e+11
     150.1  8.955e+11
     154.1   9.07e+11
     158.1  9.148e+11
     162.1  9.214e+11
     166.1  9.264e+11
     170.1   9.32e+11
     174.1   9.37e+11
     178.1  9.423e+11
     182.1  9.473e+11
     186.1  9.527e+11
     190.1  9.568e+11
     194.1  9.611e+11
     198.1  9.659e+11
     202.1  9.702e+11
     206.1  9.739e+11
     210.1   9.77e+11
     214.1  9.806e+11
     218.1  9.839e+11
     222.1  9.871e+11
     226.1  9.904e+11
     230.1  9.948e+11
     234.1  9.974e+11
     238.1  1.001e+12
     242.1  1.003e+12
     246.1  1.006e+12
     250.1  1.008e+12
     254.1   1.01e+12
     258.1  1.012e+12
     262.1  1.014e+12
     266.1  1.015e+12
     270.1  1.016e+12
     274.1  1.017e+12
     278.1  1.018e+12
     282.1  1.018e+12
     286.1  1.019e+12
     290.1   1.02e+12
     294.1   1.02e+12
     298.1  1.021e+12
     302.1  1.022e+12
     306.1  1.022e+12
     310.1  1.022e+12
     314.1  1.023e+12
     318.1  1.023e+12
     322.1  1.023e+12
     326.1  1.023e+12
     330.1  1.023e+12
     334.1  1.023e+12
     338.1  1.024e+12
     342.1  1.024e+12
     346.1  1.024e+12
     350.1  1.024e+12
