     2.001      18.68
     6.002      20.31
        10       20.8
     14.01      21.23
     18.01       21.6
     22.01      21.75
     26.01      22.05
     30.01      22.43
     34.01      22.57
     38.02      22.81
     42.02      23.04
     46.02      23.18
     50.02      23.43
     54.02      23.64
     58.02      23.83
     62.02      24.07
     66.03      24.35
     70.03      24.63
     74.03      24.78
     78.03      24.99
     82.03      25.27
     86.03      25.16
     90.04       25.3
     94.04      25.58
     98.04      25.37
       102      25.73
       106      26.15
       110      26.62
       114       27.1
       118      28.24
       122      27.87
       126      27.96
     130.1      27.57
     134.1      28.11
     138.1       29.2
     142.1      29.16
     146.1      29.81
     150.1      29.97
     154.1      29.98
     158.1      30.85
     162.1      31.42
     166.1      32.53
     170.1      32.33
     174.1      32.63
     178.1      33.24
     182.1      34.18
     186.1      35.28
     190.1      36.12
     194.1      35.74
     198.1      36.22
     202.1       37.4
     206.1      39.08
     210.1      38.87
     214.1      38.57
     218.1      39.51
     222.1      40.26
     226.1      41.52
     230.1      41.61
     234.1      40.55
     238.1      40.82
     242.1      42.29
     246.1      42.02
     250.1      43.28
     254.1      43.33
     258.1      43.47
     262.1      44.26
     266.1      44.17
     270.1      43.25
     274.1      43.94
     278.1      44.68
     282.1      44.47
     286.1      43.98
     290.1      44.24
     294.1      45.26
     298.1      45.55
     302.1      45.58
     306.1       45.1
     310.1      46.03
     314.1      46.02
     318.1      46.93
     322.1      47.05
     326.1      46.97
     330.1         48
     334.1      46.69
     338.1      47.87
     342.1      48.62
     346.1         50
     350.1         50
