     2.001    5.6e+10
     6.002  2.091e+11
        10   3.19e+11
     14.01  4.076e+11
     18.01  4.851e+11
     22.01    5.6e+11
     26.01  6.388e+11
     30.01  7.249e+11
     34.01  7.991e+11
     38.02  8.729e+11
     42.02  9.288e+11
     46.02  9.938e+11
     50.02  1.041e+12
     54.02  1.084e+12
     58.02  1.125e+12
     62.02  1.172e+12
     66.03  1.216e+12
     70.03  1.251e+12
     74.03  1.286e+12
     78.03  1.317e+12
     82.03  1.367e+12
     86.03  1.402e+12
     90.04  1.436e+12
     94.04  1.461e+12
     98.04  1.486e+12
       102  1.511e+12
       106  1.538e+12
       110  1.577e+12
       114  1.637e+12
       118  1.685e+12
       122  1.737e+12
       126  1.763e+12
     130.1  1.794e+12
     134.1  1.827e+12
     138.1  1.849e+12
     142.1  1.872e+12
     146.1  1.905e+12
     150.1  1.927e+12
     154.1  1.981e+12
     158.1  2.016e+12
     162.1  2.047e+12
     166.1  2.089e+12
     170.1   2.15e+12
     174.1  2.175e+12
     178.1  2.192e+12
     182.1  2.206e+12
     186.1   2.22e+12
     190.1  2.246e+12
     194.1  2.282e+12
     198.1  2.301e+12
     202.1  2.317e+12
     206.1  2.348e+12
     210.1  2.369e+12
     214.1   2.39e+12
     218.1  2.417e+12
     222.1  2.443e+12
     226.1  2.468e+12
     230.1  2.482e+12
     234.1  2.493e+12
     238.1  2.504e+12
     242.1  2.527e+12
     246.1  2.553e+12
     250.1  2.583e+12
     254.1  2.597e+12
     258.1  2.604e+12
     262.1  2.611e+12
     266.1  2.616e+12
     270.1  2.621e+12
     274.1  2.632e+12
     278.1  2.641e+12
     282.1  2.647e+12
     286.1   2.65e+12
     290.1  2.654e+12
     294.1  2.663e+12
     298.1  2.665e+12
     302.1  2.666e+12
     306.1  2.668e+12
     310.1  2.669e+12
     314.1   2.67e+12
     318.1  2.672e+12
     322.1  2.672e+12
     326.1  2.673e+12
     330.1  2.674e+12
     334.1  2.674e+12
     338.1  2.674e+12
     342.1  2.675e+12
     346.1  2.675e+12
     350.1  2.675e+12
