     2.001      18.16
     6.002      19.53
        10      20.11
     14.01      20.55
     18.01      20.97
     22.01      21.18
     26.01       21.4
     30.01      21.58
     34.01      21.96
     38.02       22.2
     42.02      22.33
     46.02      22.53
     50.02      22.79
     54.02      22.92
     58.02      23.12
     62.02      23.29
     66.03      23.51
     70.03      23.64
     74.03      23.72
     78.03      23.83
     82.03      23.84
     86.03      24.07
     90.04      24.21
     94.04      24.39
     98.04      24.31
       102      24.51
       106      24.65
       110      24.94
       114      24.91
       118      25.28
       122      25.22
       126      25.28
     130.1      25.57
     134.1      25.62
     138.1      26.21
     142.1      26.36
     146.1      26.26
     150.1       26.5
     154.1         26
     158.1      26.71
     162.1      27.34
     166.1         28
     170.1      28.57
     174.1      28.99
     178.1      29.29
     182.1      29.76
     186.1      29.94
     190.1      29.39
     194.1      29.93
     198.1      31.32
     202.1      31.04
     206.1      31.01
     210.1      31.44
     214.1      31.19
     218.1      32.21
     222.1      31.65
     226.1      31.95
     230.1       32.8
     234.1      32.35
     238.1      32.82
     242.1      33.39
     246.1      33.53
     250.1      34.48
     254.1      35.11
     258.1      33.95
     262.1      35.41
     266.1      35.67
     270.1      35.14
     274.1      35.59
     278.1      35.91
     282.1      37.09
     286.1      36.25
     290.1      37.07
     294.1      38.81
     298.1      38.34
     302.1      37.41
     306.1      38.73
     310.1      39.23
     314.1      37.88
     318.1      37.78
     322.1       40.3
     326.1      39.97
     330.1      38.89
     334.1      39.94
     338.1      41.48
     342.1      41.21
     346.1      39.84
     350.1      40.55
