     -666.666         664       1
        -1      -0.065107         0.0000        0.34724         4.5786     6.5418e-05         0.0000     5.4359e+07     3.4096e+07        -666.67
        -1        0.13021       0.086809        0.10851         4.4508      0.0020611         0.0000     5.5074e+07     3.4457e+07        -666.67
        -1       -0.28213       -0.36894      -0.065107         4.2711      0.0099978         0.0000     5.8627e+07     3.6405e+07        -666.67
        -1       -0.36894       -0.36894         0.0000         4.5638     0.00020947         0.0000     5.4392e+07     3.4116e+07        -666.67
        -1       -0.23873       -0.43405        0.69448         3.2698       0.033520         0.0000     7.3547e+07     4.6188e+07        -666.67
        -1        0.36894       -0.65107      -0.021702         3.7262       0.031204         0.0000     7.0491e+07     4.3974e+07        -666.67
        -1         0.0000         0.0000         0.0000         3.6280       0.031236         0.0000     7.0376e+07     4.3961e+07        -666.67
        -1        0.10851       -0.43405        0.78129         4.4641      0.0018280         0.0000     5.5019e+07     3.4433e+07        -666.67
        -1        0.34724       -0.52086        0.47745         4.3777      0.0049474         0.0000     5.6238e+07     3.5006e+07        -666.67
        -1         0.0000       -0.75958        0.86809         2.6159       0.048014         0.0000     8.6180e+07     5.4777e+07        -666.67
        -1        0.80299       0.043405        0.60767         3.5230       0.032740         0.0000     7.2637e+07     4.5441e+07        -666.67
        -1        0.49915       -0.32554        0.99831         4.1458       0.014730         0.0000     6.1161e+07     3.8004e+07        -666.67
        -1       -0.43405       -0.10851        0.93320         4.0567       0.019795         0.0000     6.4032e+07     3.9798e+07        -666.67
        -1       -0.88980       -0.71618        0.56426         3.2868       0.046998         0.0000     8.5419e+07     5.3629e+07        -666.67
        -1        0.15192       -0.93320        0.49915         3.2399       0.015782         0.0000     6.0960e+07     3.8336e+07        -666.67
        -1       -0.47745        -1.0634        0.13021         4.0330      0.0055529         0.0000     5.6694e+07     3.5400e+07        -666.67
        -1       -0.32554      -0.021702        0.26043         4.6126         0.0000         0.0000     5.4329e+07     3.4303e+07        -666.67
        -1       -0.52086       -0.67277       -0.62937         2.5101       0.063557         0.0000     1.0997e+08     7.0062e+07        -666.67
        -1       -0.19532       -0.80299        0.71618         4.0437       0.020752         0.0000     6.4247e+07     3.9933e+07        -666.67
        -1        0.52086       -0.67277        0.52086         3.2863       0.029902         0.0000     7.0277e+07     4.4123e+07        -666.67
        -1        0.23873       -0.13021       -0.78129         4.0729       0.018923         0.0000     6.3680e+07     3.9577e+07        -666.67
        -1       -0.21702         1.0200       -0.39064         2.9464       0.030302         0.0000     6.9868e+07     4.4121e+07        -666.67
        -1       -0.15192       0.021702         1.0851         4.0985       0.016192         0.0000     6.2224e+07     3.8676e+07        -666.67
        -1       -0.19532      -0.021702        0.49915         2.9057       0.035097         0.0000     7.3096e+07     4.6194e+07        -666.67
        -1       -0.62937       -0.60767      -0.086809         4.4160      0.0031094         0.0000     5.5535e+07     3.4683e+07        -666.67
        -1       -0.67277       -0.97661        0.73788         4.4928      0.0012730         0.0000     5.4786e+07     3.4315e+07        -666.67
        -1        0.15192       -0.75958       -0.80299         3.4987       0.034716         0.0000     7.3568e+07     4.6040e+07        -666.67
        -1       -0.67277       -0.80299       -0.43405         4.1797       0.011051         0.0000     5.9471e+07     3.6959e+07        -666.67
        -1        0.43405       -0.47745         1.3672         2.5084       0.049571         0.0000     8.9068e+07     5.6746e+07        -666.67
        -1        0.28213       -0.71618       -0.58596         2.9659       0.023300         0.0000     6.5264e+07     4.1199e+07        -666.67
        -1       -0.39064        0.41235        0.73788         4.0953       0.016988         0.0000     6.2668e+07     3.8949e+07        -666.67
        -1        0.56426        -1.4758       0.086809         4.3860      0.0042778         0.0000     5.5938e+07     3.4860e+07        -666.67
        -1       -0.13021        -1.3672       -0.28213         4.3997      0.0040673         0.0000     5.5901e+07     3.4847e+07        -666.67
        -1       -0.82469       -0.28213        0.15192         3.2549       0.024946         0.0000     6.7234e+07     4.2234e+07        -666.67
        -1        0.62937        0.47745        0.19532         3.0110       0.043055         0.0000     7.9642e+07     5.0234e+07        -666.67
        -1         1.1936       0.043405       -0.43405         3.4864       0.037602         0.0000     7.6325e+07     4.7774e+07        -666.67
        -1        -1.0634       -0.62937      -0.021702         2.4915       0.053512         0.0000     9.3662e+07     5.9695e+07        -666.67
        -1        0.32554       -0.93320         1.1285         4.4402         0.0000         0.0000     5.4329e+07     3.4350e+07        -666.67
        -1       -0.60767       -0.41235       -0.26043         4.2192       0.010865         0.0000     5.9359e+07     3.6875e+07        -666.67
        -1        -1.1068       -0.93320         1.0851         4.0953       0.010474         0.0000     5.8797e+07     3.6579e+07        -666.67
        -1         1.3672       -0.28213        0.34724         3.8617       0.020007         0.0000     6.3620e+07     3.9636e+07        -666.67
        -1        0.86809       -0.56426        0.13021         3.7531       0.017548         0.0000     6.2726e+07     3.9147e+07        -666.67
        -1        0.32554        -1.1936        0.34724         3.3146       0.033227         0.0000     7.3100e+07     4.5874e+07        -666.67
        -1       -0.28213        0.21702       -0.23873         4.4079      0.0035400         0.0000     5.5648e+07     3.4725e+07        -666.67
        -1       -0.52086       0.021702        0.82469         3.4793       0.024599         0.0000     6.5626e+07     4.1081e+07        -666.67
        -1       -0.82469       -0.54256         1.1502         3.3481       0.027952         0.0000     6.9083e+07     4.3331e+07        -666.67
        -1       -0.43405       -0.88980        0.19532         3.5621       0.045652         0.0000     8.1932e+07     5.1227e+07        -666.67
        -1        0.10851        -1.8013        0.84639         3.8080       0.020049         0.0000     6.3471e+07     3.9570e+07        -666.67
        -1      -0.065107       -0.71618        0.60767         3.1301       0.049734         0.0000     8.9242e+07     5.6173e+07        -666.67
        -1        0.41235       -0.88980        0.82469         2.9942       0.045877         0.0000     8.5208e+07     5.3761e+07        -666.67
        -1       -0.99831        -1.4107        0.49915         4.4281      0.0030520         0.0000     5.5502e+07     3.4663e+07        -666.67
        -1        0.41235        0.80299       -0.32554         4.2371      0.0049399         0.0000     5.6047e+07     3.4936e+07        -666.67
        -1        0.54256       -0.30383         1.1936         3.4191       0.021654         0.0000     6.5044e+07     4.0762e+07        -666.67
        -1       -0.15192        0.65107        0.54256         3.1127       0.053101         0.0000     8.9171e+07     5.6146e+07        -666.67
        -1        0.41235       -0.56426       -0.60767         3.5301       0.027371         0.0000     6.8876e+07     4.3084e+07        -666.67
        -1         1.1068        -1.0851      -0.021702         4.2842      0.0062491         0.0000     5.7041e+07     3.5505e+07        -666.67
        -1         1.0417       0.065107         1.1068         3.2052       0.031507         0.0000     7.0625e+07     4.4400e+07        -666.67
        -1        0.39064       -0.95490         1.1719         4.2972      0.0080753         0.0000     5.7746e+07     3.5890e+07        -666.67
        -1       -0.60767       -0.71618       -0.13021         3.7816       0.019936         0.0000     6.3530e+07     3.9621e+07        -666.67
        -1       0.065107       -0.56426      -0.086809         3.7083       0.023731         0.0000     6.6074e+07     4.1229e+07        -666.67
        -1         1.2804        -1.1285        0.36894         3.8528       0.021819         0.0000     6.5253e+07     4.0648e+07        -666.67
        -1       -0.93320       -0.13021      -0.043405         4.0890       0.017621         0.0000     6.2872e+07     3.9075e+07        -666.67
        -1       -0.47745        -1.2804        0.75958         4.4079      0.0039815         0.0000     5.5835e+07     3.4810e+07        -666.67
        -1       0.043405       -0.88980        0.82469         2.7010       0.037461         0.0000     7.7815e+07     4.9373e+07        -666.67
        -1       -0.58596       -0.91150        0.88980         3.6358       0.024026         0.0000     6.6636e+07     4.1621e+07        -666.67
        -1         1.2587      -0.065107         1.3021         3.4149       0.023089         0.0000     6.4692e+07     4.0536e+07        -666.67
        -1         1.2370        0.17362        0.30383         3.9280       0.019043         0.0000     6.3367e+07     3.9451e+07        -666.67
        -1       -0.75958       -0.45575        0.49915         4.2549      0.0086931         0.0000     5.8086e+07     3.6101e+07        -666.67
        -1        0.32554       -0.15192        0.34724         3.3727       0.029375         0.0000     6.7808e+07     4.2515e+07        -666.67
        -1         1.0851       -0.60767        0.17362         3.6085       0.024382         0.0000     6.7529e+07     4.2194e+07        -666.67
        -1        0.49915       -0.86809         1.1502         3.8377       0.025264         0.0000     6.6464e+07     4.1401e+07        -666.67
        -1        0.58596       -0.65107        0.34724         4.0858       0.011531         0.0000     5.9267e+07     3.6870e+07        -666.67
        -1         1.8230       -0.26043       -0.47745         2.6921       0.037425         0.0000     7.7702e+07     4.9310e+07        -666.67
        -1       -0.21702        0.75958        0.28213         3.7697       0.014510         0.0000     6.1151e+07     3.8172e+07        -666.67
        -1       -0.13021        -1.8013       -0.21702         4.2885      0.0090896         0.0000     5.8157e+07     3.6122e+07        -666.67
        -1         1.3455        -1.3455        0.26043         3.3341       0.032239         0.0000     7.1785e+07     4.5036e+07        -666.67
        -1       -0.71618      -0.043405         1.5192         3.7121       0.031901         0.0000     7.1122e+07     4.4376e+07        -666.67
        -1       -0.67277       -0.19532         1.8664         4.2972      0.0081145         0.0000     5.7749e+07     3.5891e+07        -666.67
        -1       -0.13021       -0.30383       -0.41235         3.2709       0.049497         0.0000     8.2135e+07     5.1580e+07        -666.67
        -1        0.95490        0.67277       -0.49915         3.1179       0.022009         0.0000     6.6310e+07     4.1753e+07        -666.67
        -1        0.23873        -1.0200       -0.73788         3.5321       0.020303         0.0000     6.3793e+07     3.9919e+07        -666.67
        -1       -0.21702       -0.91150       -0.60767         4.4548      0.0022020         0.0000     5.5156e+07     3.4498e+07        -666.67
        -1        -1.2370       -0.45575        0.19532         3.2797       0.025180         0.0000     6.7574e+07     4.2430e+07        -666.67
        -1        0.43405        -1.3238       -0.69448         2.3031       0.032910         0.0000     7.2041e+07     4.6121e+07        -666.67
        -1       -0.41235       -0.67277         2.1268         3.4915       0.036472         0.0000     7.5032e+07     4.6961e+07        -666.67
        -1         1.4758       -0.52086         1.3890         3.9588       0.016630         0.0000     6.1993e+07     3.8594e+07        -666.67
        -1        0.41235        -1.4975        0.82469         3.8608       0.022670         0.0000     6.5299e+07     4.0667e+07        -666.67
        -1        0.58596       -0.39064       -0.54256         3.2709       0.026825         0.0000     6.7190e+07     4.2195e+07        -666.67
        -1        0.13021        0.47745         1.3455         3.5908       0.019713         0.0000     6.3714e+07     3.9839e+07        -666.67
        -1        -1.3672       -0.43405        0.69448         3.7271       0.027083         0.0000     6.7352e+07     4.2015e+07        -666.67
        -1         1.2587       -0.99831      -0.043405         3.4514       0.028286         0.0000     6.8273e+07     4.2756e+07        -666.67
        -1        -1.0417       -0.43405       -0.91150         3.8350       0.024630         0.0000     6.6227e+07     4.1254e+07        -666.67
        -1        0.39064        0.26043       -0.10851         3.8350       0.022727         0.0000     6.5754e+07     4.0964e+07        -666.67
        -1        0.19532        0.28213        0.73788         3.3330       0.030812         0.0000     7.0858e+07     4.4455e+07        -666.67
        -1       -0.71618        -1.1068        0.99831         4.2267      0.0065538         0.0000     5.6728e+07     3.5323e+07        -666.67
        -1         1.1285      -0.065107       -0.56426         3.6396      0.0085244         0.0000     5.8434e+07     3.6586e+07        -666.67
        -1       0.043405       -0.93320         1.1719         2.8291       0.010944         0.0000     6.0362e+07     3.8247e+07        -666.67
        -1       -0.30383        -1.0200         1.4107         3.7550       0.023268         0.0000     6.5018e+07     4.0544e+07        -666.67
        -1        0.26043        0.39064         1.8881         3.7752       0.023546         0.0000     6.5517e+07     4.0844e+07        -666.67
        -1        0.15192       -0.43405      -0.086809         3.9314       0.016770         0.0000     6.1852e+07     3.8519e+07        -666.67
        -1       -0.84639        -1.6494        0.58596         3.0708       0.035013         0.0000     7.4459e+07     4.6916e+07        -666.67
        -1       -0.78129       -0.39064        0.13021         3.8359       0.023662         0.0000     6.6058e+07     4.1149e+07        -666.67
        -1        0.95490        -1.2587        0.21702         4.0339      0.0055374         0.0000     5.6684e+07     3.5394e+07        -666.67
        -1        -1.2153        0.30383        0.65107         3.4023       0.033599         0.0000     7.3260e+07     4.5913e+07        -666.67
        -1        0.86809        -1.1285       0.043405         3.1713       0.037331         0.0000     7.3509e+07     4.6238e+07        -666.67
        -1       -0.23873       -0.52086       -0.71618         4.1395      0.0018913         0.0000     5.5240e+07     3.4670e+07        -666.67
        -1       -0.88980        0.10851         1.4324         4.3915      0.0043940         0.0000     5.5979e+07     3.4875e+07        -666.67
        -1         1.3238        0.84639       -0.58596         3.2852       0.035709         0.0000     7.4987e+07     4.7081e+07        -666.67
        -1        -1.1285       -0.75958        0.45575         3.4946       0.019867         0.0000     6.4284e+07     4.0250e+07        -666.67
        -1        0.32554      -0.086809        0.28213         3.7401       0.014596         0.0000     6.1201e+07     3.8218e+07        -666.67
        -1        0.41235         1.5192        -1.3238         4.0890      0.0092649         0.0000     5.8370e+07     3.6329e+07        -666.67
        -1         1.1068        0.52086        0.80299         4.2900      0.0084483         0.0000     5.7875e+07     3.5963e+07        -666.67
        -1        0.95490        0.97661       -0.28213         2.4163       0.061134         0.0000     1.0522e+08     6.7181e+07        -666.67
        -1        0.71618        -1.1285        0.67277         2.3330       0.038359         0.0000     7.8238e+07     5.0051e+07        -666.67
        -1         2.1702      -0.065107      -0.065107         4.1705       0.013010         0.0000     6.0423e+07     3.7544e+07        -666.67
        -1        -1.3021        0.13021       -0.49915         3.8179       0.012756         0.0000     5.9886e+07     3.7369e+07        -666.67
        -1        -1.5409        -1.0634        0.26043         2.7415       0.044515         0.0000     8.4263e+07     5.3420e+07        -666.67
        -1        -1.3672         1.0851       -0.21702         4.3749      0.0051865         0.0000     5.6335e+07     3.5061e+07        -666.67
        -1         1.8230       -0.75958        0.60767         3.5661      0.0097765         0.0000     5.8183e+07     3.6441e+07        -666.67
        -1       -0.39064        -1.1719         0.0000         4.1736       0.011947         0.0000     5.9661e+07     3.7076e+07        -666.67
        -1      -0.043405       -0.93320         2.0617         3.7971       0.011899         0.0000     6.0466e+07     3.7745e+07        -666.67
        -1        -1.2804       -0.60767        0.69448         3.6541       0.016110         0.0000     6.1935e+07     3.8712e+07        -666.67
        -1        -1.6277       0.086809       -0.69448         3.7074       0.023788         0.0000     6.6661e+07     4.1595e+07        -666.67
        -1       -0.93320         1.0200       -0.95490         4.2929      0.0016031         0.0000     5.4938e+07     3.4449e+07        -666.67
        -1        -1.3672       -0.39064       -0.88980         2.2380       0.038248         0.0000     7.9101e+07     5.0725e+07        -666.67
        -1        -1.0851         1.2804        -1.5192         2.2326       0.025484         0.0000     6.6440e+07     4.2611e+07        -666.67
        -1        0.95490       -0.23873         1.8664         4.0074       0.012793         0.0000     5.9767e+07     3.7208e+07        -666.67
        -1         2.0617        0.15192        0.49915         4.5638     0.00022099         0.0000     5.4396e+07     3.4117e+07        -666.67
        -1         1.7362       -0.82469        0.28213         3.4452       0.015340         0.0000     6.1245e+07     3.8397e+07        -666.67
        -1       -0.36894       -0.75958         1.6060         4.4051      0.0037503         0.0000     5.5783e+07     3.4795e+07        -666.67
        -1        0.84639        -1.3238         2.1268         3.1439       0.017737         0.0000     6.2137e+07     3.9128e+07        -666.67
        -1        -1.0851        -1.3890         1.9315         3.5750       0.029137         0.0000     6.9807e+07     4.3638e+07        -666.67
        -1         2.2353       -0.95490        0.13021         4.2885      0.0086093         0.0000     5.7997e+07     3.6035e+07        -666.67
        -1       -0.78129        0.28213         1.4758         3.2780       0.040646         0.0000     7.8259e+07     4.9140e+07        -666.67
        -1        0.41235       -0.84639        0.69448         3.7420       0.021512         0.0000     6.4175e+07     4.0035e+07        -666.67
        -1       -0.78129       -0.84639       -0.75958         4.1797       0.013272         0.0000     6.0446e+07     3.7553e+07        -666.67
        -1        -1.8447       -0.13021        -1.2587         4.3159      0.0077823         0.0000     5.7560e+07     3.5775e+07        -666.67
        -1        -1.6711       -0.86809        0.56426         2.6292       0.039686         0.0000     8.0581e+07     5.1204e+07        -666.67
        -1        0.82469        0.41235       -0.65107         3.5058       0.025595         0.0000     6.7601e+07     4.2301e+07        -666.67
        -1        0.91150        0.47745        0.73788         3.0918       0.018442         0.0000     6.2587e+07     3.9442e+07        -666.67
        -1        -1.5843       -0.80299         1.6928         4.0535       0.019595         0.0000     6.3698e+07     3.9594e+07        -666.67
        -1        -1.9315        -1.2804       0.043405         3.6222       0.030084         0.0000     6.9991e+07     4.3724e+07        -666.67
        -1       0.043405        -1.3455       -0.65107         3.0555       0.041203         0.0000     8.0095e+07     5.0480e+07        -666.67
        -1        0.17362       -0.54256        0.75958         3.1347       0.031528         0.0000     7.2817e+07     4.5831e+07        -666.67
        -1        0.10851      -0.043405      -0.086809         4.3301      0.0066290         0.0000     5.7075e+07     3.5499e+07        -666.67
        -1        -1.9315       -0.82469        0.23873         3.6319       0.033872         0.0000     7.2257e+07     4.5134e+07        -666.67
        -1        0.97661        -1.7796         1.7145         3.3960       0.047788         0.0000     8.6495e+07     5.4213e+07        -666.67
        -1        0.49915        0.60767       -0.95490         3.6396       0.011708         0.0000     5.9906e+07     3.7473e+07        -666.67
        -1       -0.52086         1.6494         1.1502         3.4905       0.026498         0.0000     6.8778e+07     4.3047e+07        -666.67
        -1        -1.6277       -0.65107         2.0617         4.3832      0.0049475         0.0000     5.6263e+07     3.5020e+07        -666.67
        -1        0.69448        -1.1285         1.7362         3.0801       0.017756         0.0000     6.3272e+07     3.9885e+07        -666.67
        -1         1.1068       -0.32554        -1.8230         2.7450       0.036026         0.0000     7.3488e+07     4.6586e+07        -666.67
        -1        -1.5192        0.52086        0.91150         3.8537      0.0099668         0.0000     5.8628e+07     3.6581e+07        -666.67
        -1        -1.4541       -0.78129         2.0617         2.1854       0.032150         0.0000     7.2680e+07     4.6671e+07        -666.67
        -1       -0.80299       -0.93320       -0.71618         3.3577       0.034699         0.0000     7.1334e+07     4.4736e+07        -666.67
        -1        -1.4324       -0.75958        0.65107         4.4824      0.0015335         0.0000     5.4879e+07     3.4359e+07        -666.67
        -1        -1.4324       -0.54256        -1.3890         4.1049      0.0084563         0.0000     5.8013e+07     3.6121e+07        -666.67
        -1       -0.60767        -2.6477        0.62937         4.1644       0.014322         0.0000     6.0827e+07     3.7791e+07        -666.67
        -1        -1.6060        -1.6494       -0.58596         3.1579       0.048834         0.0000     8.6721e+07     5.4561e+07        -666.67
        -1         1.1936       -0.75958        0.26043         4.3244      0.0010255         0.0000     5.4730e+07     3.4345e+07        -666.67
        -1         1.3238         1.4541        -1.5409         2.8432       0.031952         0.0000     7.1559e+07     4.5276e+07        -666.67
        -1         1.0200        -1.2804       0.043405         4.5082      0.0010908         0.0000     5.4724e+07     3.4283e+07        -666.67
        -1        0.52086       -0.45575        0.43405         3.6828       0.024820         0.0000     6.6433e+07     4.1467e+07        -666.67
        -1        -1.3890       -0.43405       -0.47745         3.8916       0.017187         0.0000     6.1954e+07     3.8599e+07        -666.67
        -1         1.9966       -0.23873        0.21702         3.5731       0.017359         0.0000     6.2157e+07     3.8888e+07        -666.67
        -1        -1.3890        -1.7579         1.8013         3.0466       0.042499         0.0000     8.2062e+07     5.1728e+07        -666.67
        -1        0.34724       -0.34724        -1.7796         3.1951       0.049234         0.0000     8.5275e+07     5.3618e+07        -666.67
        -1        0.10851        0.60767        0.75958         4.1736       0.012614         0.0000     6.0309e+07     3.7474e+07        -666.67
        -1         2.1702        -1.2370        0.67277         3.4034       0.038100         0.0000     7.6498e+07     4.7941e+07        -666.67
        -1         1.7579      -0.065107        -1.0634         4.5613     0.00029411         0.0000     5.4412e+07     3.4124e+07        -666.67
        -1        0.67277        -1.4324        -1.8013         4.1144      0.0051494         0.0000     5.6538e+07     3.5282e+07        -666.67
        -1       -0.10851      -0.021702        0.43405         3.7318      0.0045072         0.0000     5.6332e+07     3.5334e+07        -666.67
        -1         2.2570       -0.45575        -1.1719         2.6530       0.014028         0.0000     6.1968e+07     3.9389e+07        -666.67
        -1        -1.3021        0.54256        -1.3021         2.3585       0.036321         0.0000     7.7361e+07     4.9459e+07        -666.67
        -1         1.4758        0.91150       -0.84639         3.3854       0.016347         0.0000     6.0766e+07     3.8126e+07        -666.67
        -1        -1.7579        0.78129         1.2153         3.3875       0.043239         0.0000     7.9794e+07     5.0019e+07        -666.67
        -1        -1.8013        -1.3238       -0.17362         2.9266       0.048850         0.0000     8.5479e+07     5.3999e+07        -666.67
        -1         1.4758       -0.23873        0.17362         3.0020       0.036384         0.0000     7.4774e+07     4.7172e+07        -666.67
        -1       -0.10851       -0.10851         2.1485         3.2538       0.032408         0.0000     7.1734e+07     4.5061e+07        -666.67
        -1         2.0834         1.0634       -0.23873         3.8811       0.013888         0.0000     6.1043e+07     3.8055e+07        -666.67
        -1        0.67277        -1.4107        0.84639         4.2071       0.011840         0.0000     5.9722e+07     3.7100e+07        -666.67
        -1        0.15192       -0.58596         1.3672         3.8881       0.012905         0.0000     6.0156e+07     3.7503e+07        -666.67
        -1        0.56426       0.043405        -1.4324         2.7299       0.057594         0.0000     9.7025e+07     6.1525e+07        -666.67
        -1         1.4107       -0.21702         2.1268         3.9891       0.021049         0.0000     6.4811e+07     4.0308e+07        -666.67
        -1         1.0417       -0.28213         1.6060         3.6970       0.021376         0.0000     6.4494e+07     4.0260e+07        -666.67
        -1       -0.67277        -1.7796        0.88980         4.2711       0.010033         0.0000     5.8568e+07     3.6367e+07        -666.67
        -1         1.7362        0.10851       -0.43405         3.4034      0.0097590         0.0000     5.9406e+07     3.7292e+07        -666.67
        -1       -0.78129       -0.71618         1.3021         2.4284       0.033274         0.0000     7.4931e+07     4.7826e+07        -666.67
        -1        0.47745        0.60767         1.1502         3.4690       0.032118         0.0000     7.4370e+07     4.6562e+07        -666.67
        -1        -2.3222       -0.65107      -0.086809         2.8859       0.027631         0.0000     7.0338e+07     4.4467e+07        -666.67
        -1        0.21702        -2.0617        -1.0417         4.3722     0.00060566         0.0000     5.4527e+07     3.4230e+07        -666.67
        -1        -1.5409       -0.62937         2.1702         2.2966       0.045948         0.0000     8.5720e+07     5.4887e+07        -666.67
        -1       -0.47745         1.7145       -0.23873         3.1364       0.039798         0.0000     7.7699e+07     4.8903e+07        -666.67
        -1         1.0200        0.78129      -0.086809         3.6261       0.026805         0.0000     6.8929e+07     4.3058e+07        -666.67
        -1        -1.2370        -1.6928        0.43405         3.3822       0.031197         0.0000     7.1615e+07     4.4896e+07        -666.67
        -1        -1.5409         0.0000         2.3656         3.7706       0.014591         0.0000     6.1367e+07     3.8306e+07        -666.67
        -1      -0.065107        0.21702         1.5626         4.0664       0.018712         0.0000     6.3367e+07     3.9387e+07        -666.67
        -1         1.5409       -0.86809        0.84639         4.0124       0.011336         0.0000     5.9084e+07     3.6788e+07        -666.67
        -1        0.67277         1.0200        -2.0183         2.3058       0.020858         0.0000     6.4137e+07     4.1063e+07        -666.67
        -1        -1.1285        -1.3455         1.4541         2.2116       0.020499         0.0000     6.5363e+07     4.1950e+07        -666.67
        -1        -1.1285        -1.4324        -1.5626         4.2297      0.0056921         0.0000     5.6537e+07     3.5225e+07        -666.67
        -1        0.21702        0.95490         1.3455         3.4721       0.016049         0.0000     6.1347e+07     3.8442e+07        -666.67
        -1        -1.0851        0.62937        -1.1285         4.4508      0.0021267         0.0000     5.5098e+07     3.4467e+07        -666.67
        -1       -0.23873        -1.5626        -1.0200         3.3119       0.011111         0.0000     5.7974e+07     3.6437e+07        -666.67
        -1       -0.28213         1.8230       -0.80299         4.3583      0.0060587         0.0000     5.6739e+07     3.5296e+07        -666.67
        -1       -0.80299        -2.4958         1.3890         3.3759       0.018502         0.0000     6.3476e+07     3.9821e+07        -666.67
        -1       -0.56426        -1.5409       0.086809         2.3429       0.031144         0.0000     6.9127e+07     4.4212e+07        -666.67
        -1         1.5409       -0.82469        -2.2570         4.3970     0.00025631         0.0000     5.4412e+07     3.4172e+07        -666.67
        -1       -0.47745         1.4975        -1.1936         3.6723      0.0033059         0.0000     5.5620e+07     3.4992e+07        -666.67
        -1        -1.1285         1.3238        -1.7145         4.2207      0.0068794         0.0000     5.7037e+07     3.5509e+07        -666.67
        -1         1.5192        -1.5192         2.3222         3.7280       0.023748         0.0000     6.5799e+07     4.1046e+07        -666.67
        -1       -0.26043        0.97661        -1.8447         3.7642       0.030138         0.0000     6.9714e+07     4.3467e+07        -666.67
        -1       -0.39064         1.0851        0.43405         3.7494       0.015712         0.0000     6.2173e+07     3.8814e+07        -666.67
        -1        0.43405       -0.30383        -1.1502         2.8310       0.046603         0.0000     8.4757e+07     5.3639e+07        -666.67
        -1       -0.78129      -0.086809         2.4741         3.3609       0.035766         0.0000     7.3423e+07     4.6044e+07        -666.67
        -1         1.6928        -1.9315        0.67277         2.9226       0.040438         0.0000     7.7886e+07     4.9206e+07        -666.67
        -1        0.78129        0.39064        -1.1068         4.0600       0.012259         0.0000     5.9587e+07     3.7075e+07        -666.67
        -1        0.30383        -1.1068         2.3656         2.5642       0.034435         0.0000     7.5063e+07     4.7764e+07        -666.67
        -1         1.5626        0.19532        -2.5609         4.5687     0.00013016         0.0000     5.4374e+07     3.4108e+07        -666.67
        -1         2.7562        -1.3890        0.62937         4.0921      0.0091512         0.0000     5.8358e+07     3.6323e+07        -666.67
        -1        -1.8447       -0.95490         2.1268         3.1770       0.015100         0.0000     6.0655e+07     3.8185e+07        -666.67
        -1       -0.80299        0.36894       0.043405         2.2581       0.047587         0.0000     8.8081e+07     5.6454e+07        -666.67
        -1        0.82469        0.73788       0.021702         3.4411       0.036348         0.0000     7.1814e+07     4.4981e+07        -666.67
        -1         2.4524       -0.15192         1.6277         3.2852       0.050841         0.0000     8.7391e+07     5.4869e+07        -666.67
        -1        0.65107       -0.75958       -0.45575         4.0289       0.013519         0.0000     6.0404e+07     3.7591e+07        -666.67
        -1         1.9532        -1.8013       -0.32554         2.9300       0.048831         0.0000     8.5425e+07     5.3961e+07        -666.67
        -1       -0.26043        0.82469         1.6928         3.7513       0.010630         0.0000     5.9908e+07     3.7425e+07        -666.67
        -1         2.0400       -0.91150       -0.80299         4.5159     0.00091127         0.0000     5.4673e+07     3.4260e+07        -666.67
        -1         2.3222       -0.41235         1.0417         3.3965       0.028804         0.0000     6.8201e+07     4.2746e+07        -666.67
        -1         1.7579        0.69448         1.7579         3.9177       0.019874         0.0000     6.3489e+07     3.9527e+07        -666.67
        -1       -0.97661        -1.6277       -0.36894         3.6551       0.034631         0.0000     7.3230e+07     4.5727e+07        -666.67
        -1         2.6260       -0.67277        0.58596         3.9485       0.013222         0.0000     5.9931e+07     3.7334e+07        -666.67
        -1       -0.21702        0.15192         2.8647         2.2503       0.023208         0.0000     6.5361e+07     4.1901e+07        -666.67
        -1        0.52086        -1.8447        0.52086         2.3674       0.051445         0.0000     8.9175e+07     5.7000e+07        -666.67
        -1       -0.56426       -0.93320         1.4107         4.0469       0.012401         0.0000     5.9774e+07     3.7197e+07        -666.67
        -1       -0.17362        -1.2370        0.23873         3.1951      0.0097393         0.0000     5.8474e+07     3.6824e+07        -666.67
        -1       -0.58596        -1.4758         1.2587         4.5638     0.00021976         0.0000     5.4391e+07     3.4115e+07        -666.67
        -1         1.0417       -0.82469         3.1468         3.2443      0.0068921         0.0000     5.7398e+07     3.6172e+07        -666.67
        -1        -2.0834        -1.7579         1.7796         4.2297      0.0019583         0.0000     5.5175e+07     3.4595e+07        -666.67
        -1         2.0400       -0.71618       -0.84639         4.1427      0.0073979         0.0000     5.7471e+07     3.5796e+07        -666.67
        -1         1.8013        -1.8664         1.7579         4.3187      0.0073227         0.0000     5.7156e+07     3.5535e+07        -666.67
        -1       -0.78129        0.54256        -1.4324         2.3722      0.0061189         0.0000     5.7472e+07     3.6812e+07        -666.67
        -1         2.6260       -0.41235        -1.4758         2.7701       0.014174         0.0000     6.1890e+07     3.9247e+07        -666.67
        -1         0.0000        -2.8647        -1.4975         3.5711      0.0088975         0.0000     5.7960e+07     3.6314e+07        -666.67
        -1        0.95490        -1.3238         3.2337         2.4458       0.013563         0.0000     6.0312e+07     3.8507e+07        -666.67
        -1        0.86809        0.15192        0.62937         2.6132       0.048508         0.0000     8.8155e+07     5.6036e+07        -666.67
        -1       -0.97661       -0.56426         1.1502         3.8741      0.0064071         0.0000     5.6948e+07     3.5602e+07        -666.67
        -1        -1.1936        0.32554        -1.3890         4.4241      0.0033362         0.0000     5.5644e+07     3.4732e+07        -666.67
        -1        0.43405         1.8013        0.15192         3.3727       0.039696         0.0000     7.7541e+07     4.8618e+07        -666.67
        -1         1.6060        -1.1285         2.3439         3.0223       0.019819         0.0000     6.5021e+07     4.1018e+07        -666.67
        -1       -0.15192       -0.88980        -1.6060         2.3429       0.051641         0.0000     9.3733e+07     5.9950e+07        -666.67
        -1         1.6928        -2.7128         1.6494         3.4149       0.041351         0.0000     7.7464e+07     4.8539e+07        -666.67
        -1        -1.4975       -0.47745         1.7145         2.3873       0.039209         0.0000     7.7321e+07     4.9400e+07        -666.67
        -1         2.2570       -0.91150       -0.84639         3.6377       0.017006         0.0000     6.2590e+07     3.9126e+07        -666.67
        -1        0.13021        -1.8013         1.4107         2.9927       0.047237         0.0000     8.6206e+07     5.4392e+07        -666.67
        -1         1.8881        -1.2370         2.1919         2.9480       0.025269         0.0000     6.8041e+07     4.2966e+07        -666.67
        -1        -2.3439        -1.0851         1.1285         4.2071      0.0055761         0.0000     5.6520e+07     3.5226e+07        -666.67
        -1        -1.2370       -0.86809        -1.3021         4.3485      0.0063850         0.0000     5.6762e+07     3.5305e+07        -666.67
        -1         1.4107        -2.1702         2.9298         3.8053       0.031753         0.0000     7.1746e+07     4.4709e+07        -666.67
        -1       -0.52086        -1.4107         2.8213         2.9936       0.027051         0.0000     6.7803e+07     4.2780e+07        -666.67
        -1        -2.0834         2.3222       -0.75958         2.9915       0.036431         0.0000     7.7663e+07     4.9003e+07        -666.67
        -1         1.6277       -0.71618         2.1268         2.8023       0.037165         0.0000     7.7766e+07     4.9242e+07        -666.67
        -1        0.10851        -1.3455        -1.9749         3.7531       0.026826         0.0000     6.8529e+07     4.2734e+07        -666.67
        -1        0.88980        0.58596        -2.4958         3.1792       0.041180         0.0000     8.0717e+07     5.0766e+07        -666.67
        -1       -0.41235         1.1502         1.8664         3.2521       0.048963         0.0000     8.5843e+07     5.3925e+07        -666.67
        -1        -1.9749       -0.34724       -0.49915         4.1551      0.0070086         0.0000     5.7342e+07     3.5721e+07        -666.67
        -1        -2.2136         1.0417        -1.1285         4.2601      0.0035874         0.0000     5.5538e+07     3.4702e+07        -666.67
        -1       -0.67277       -0.23873        0.56426         4.5588     0.00030732         0.0000     5.4418e+07     3.4127e+07        -666.67
        -1       -0.95490        -1.4975        -2.2787         3.4473       0.041977         0.0000     7.6953e+07     4.8195e+07        -666.67
        -1         1.7362       0.086809        0.43405         4.1112      0.0094344         0.0000     5.8483e+07     3.6386e+07        -666.67
        -1         1.1502        -1.9532        0.88980         3.5899       0.028133         0.0000     6.8589e+07     4.2868e+07        -666.67
        -1        -1.6494       -0.23873         1.2153         4.0985      0.0097813         0.0000     5.8505e+07     3.6399e+07        -666.67
        -1        0.39064         1.1936         2.4958         4.1980      0.0032267         0.0000     5.5736e+07     3.4872e+07        -666.67
        -1         1.6277        -1.4541         2.3873         3.1747       0.043716         0.0000     8.1284e+07     5.1126e+07        -666.67
        -1        0.99831        -2.4090        -1.8013         3.5078       0.024749         0.0000     6.6770e+07     4.1780e+07        -666.67
        -1        0.34724        -2.3222        -1.3890         3.8008       0.032629         0.0000     7.1993e+07     4.4866e+07        -666.67
        -1        -2.0400        -2.8647        0.47745         3.3179       0.038191         0.0000     7.5478e+07     4.7365e+07        -666.67
        -1         1.4975         1.3455        0.91150         3.6742      0.0088735         0.0000     5.8807e+07     3.6795e+07        -666.67
        -1       0.065107       -0.75958         3.2120         2.2899       0.046335         0.0000     8.5869e+07     5.4992e+07        -666.67
        -1        0.15192        -1.4324       -0.34724         3.3875       0.030287         0.0000     6.8800e+07     4.3127e+07        -666.67
        -1        0.56426       -0.52086         2.5392         4.3358      0.0072176         0.0000     5.7281e+07     3.5610e+07        -666.67
        -1      -0.043405       -0.69448        -2.3439         3.4680       0.011933         0.0000     5.9150e+07     3.7088e+07        -666.67
        -1        0.65107        0.67277         2.6043         3.5038      0.0085319         0.0000     5.7696e+07     3.6191e+07        -666.67
        -1        -1.9532         2.0183        0.49915         3.2554       0.043473         0.0000     7.9427e+07     4.9892e+07        -666.67
        -1        -1.8881       -0.45575         1.0851         3.4628       0.013309         0.0000     6.0554e+07     3.7964e+07        -666.67
        -1        0.28213        -1.3890       -0.75958         3.4782       0.032770         0.0000     7.1164e+07     4.4549e+07        -666.67
        -1        -1.6060        0.15192        -2.6043         3.6685       0.029561         0.0000     6.9834e+07     4.3598e+07        -666.67
        -1        0.67277        0.17362         1.3672         4.0000       0.010063         0.0000     5.9076e+07     3.6795e+07        -666.67
        -1        -1.3890       -0.54256         1.4541         2.6362       0.026693         0.0000     6.9905e+07     4.4414e+07        -666.67
        -1        0.99831        -2.6260         1.1285         3.0271       0.057577         0.0000     9.7233e+07     6.1313e+07        -666.67
        -1       -0.58596        -2.0400        -2.0400         3.9891       0.015680         0.0000     6.1678e+07     3.8390e+07        -666.67
        -1        0.88980        -3.3205       -0.36894         2.8234       0.032442         0.0000     7.1125e+07     4.5019e+07        -666.67
        -1        0.54256        0.15192       -0.97661         2.9906       0.020669         0.0000     6.4803e+07     4.0900e+07        -666.67
        -1        -2.3222       -0.43405        -1.3890         3.4139       0.024601         0.0000     6.7245e+07     4.2136e+07        -666.67
        -1        -2.1268       -0.86809       -0.23873         3.9672       0.012804         0.0000     6.0148e+07     3.7463e+07        -666.67
        -1        -1.1502        -1.0417         3.1034         4.2356      0.0052283         0.0000     5.6373e+07     3.5133e+07        -666.67
        -1        -1.0634        -2.7562         1.0634         3.5651       0.028812         0.0000     6.8730e+07     4.2971e+07        -666.67
        -1       -0.69448        -1.4758         1.0851         3.8916       0.025565         0.0000     6.8385e+07     4.2568e+07        -666.67
        -1        0.26043       -0.88980       -0.45575         4.1859      0.0036361         0.0000     5.5736e+07     3.4847e+07        -666.67
        -1         1.7579         1.4758        0.97661         2.7421      0.0081894         0.0000     5.8131e+07     3.6920e+07        -666.67
        -1        -2.2353        0.80299        0.82469         3.0032       0.021700         0.0000     6.5727e+07     4.1469e+07        -666.67
        -1         1.6060        -2.1051       -0.26043         2.6418       0.011942         0.0000     6.0528e+07     3.8489e+07        -666.67
        -1      -0.086809        0.65107         2.1702         3.3470       0.015569         0.0000     6.1877e+07     3.8849e+07        -666.67
        -1       -0.75958        -1.5409         1.7362         3.2830       0.010067         0.0000     5.8469e+07     3.6769e+07        -666.67
        -1      -0.043405        0.30383       -0.54256         4.2162       0.011034         0.0000     5.9471e+07     3.6945e+07        -666.67
        -1         2.3656         2.1485       -0.52086         4.3997     0.00016804         0.0000     5.4383e+07     3.4158e+07        -666.67
        -1        0.15192      -0.086809        -1.0417         4.0921       0.018094         0.0000     6.2777e+07     3.9012e+07        -666.67
        -1         3.9498        -1.0200       0.086809         3.7439      0.0093015         0.0000     5.8742e+07     3.6712e+07        -666.67
        -1        -1.3672      -0.086809         1.2370         2.5800       0.051137         0.0000     9.1558e+07     5.8241e+07        -666.67
        -1        -1.7145        0.17362        -3.4507         3.5780      0.0086143         0.0000     5.7849e+07     3.6248e+07        -666.67
        -1        -1.6928         2.9515       -0.88980         2.5029       0.016453         0.0000     6.2462e+07     3.9821e+07        -666.67
        -1         2.2136       0.065107       -0.62937         4.0600      0.0078549         0.0000     5.7671e+07     3.5941e+07        -666.67
        -1        -1.5843         1.7145         0.0000         4.1797      0.0063806         0.0000     5.6934e+07     3.5473e+07        -666.67
        -1         1.4758       -0.82469         1.9749         2.6761       0.046286         0.0000     8.6172e+07     5.4703e+07        -666.67
        -1       -0.49915       -0.23873         3.2337         3.1393       0.016604         0.0000     6.3124e+07     3.9757e+07        -666.67
        -1        0.84639         1.7362        0.49915         2.9574       0.026811         0.0000     6.7295e+07     4.2487e+07        -666.67
        -1        -3.4507       -0.97661        0.82469         3.8404       0.010969         0.0000     5.9014e+07     3.6823e+07        -666.67
        -1        -1.2370         2.2570        0.13021         4.2593      0.0025751         0.0000     5.5225e+07     3.4577e+07        -666.67
        -1        0.88980        -1.8664         3.3205         3.7871       0.015043         0.0000     6.0862e+07     3.7980e+07        -666.67
        -1        0.62937        -2.6477         3.3639         2.4656      0.0041069         0.0000     5.6204e+07     3.5984e+07        -666.67
        -1         2.1051        -1.4541        -2.9081         3.6329       0.012020         0.0000     5.9832e+07     3.7428e+07        -666.67
        -1         1.6494        0.69448         1.9749         3.0140       0.036146         0.0000     7.1911e+07     4.5356e+07        -666.67
        -1        -2.4307        -1.0200       -0.82469         3.8161       0.012595         0.0000     5.9701e+07     3.7255e+07        -666.67
        -1        0.15192        0.45575         2.1051         3.5760      0.0069578         0.0000     5.7520e+07     3.6080e+07        -666.67
        -1         1.8881        -2.1051         2.6911         3.7853       0.013164         0.0000     6.0900e+07     3.8015e+07        -666.67
        -1        -1.6494        0.93320       -0.65107         3.4118       0.029501         0.0000     6.8320e+07     4.2811e+07        -666.67
        -1         2.1051        -1.3021         1.1719         3.4782       0.023448         0.0000     6.4560e+07     4.0415e+07        -666.67
        -1        -1.2370       0.086809        -1.9098         2.9498       0.024151         0.0000     6.6621e+07     4.2068e+07        -666.67
        -1        -1.6060        -1.7362       -0.99831         3.5502       0.036062         0.0000     7.3226e+07     4.5792e+07        -666.67
        -1         3.7545        -1.3021        0.47745         3.4915       0.039880         0.0000     7.7924e+07     4.8771e+07        -666.67
        -1         1.3238       -0.19532        -3.4073         2.9906       0.026723         0.0000     6.8003e+07     4.2909e+07        -666.67
        -1        -2.6260       -0.65107         2.1268         3.9073       0.017219         0.0000     6.2353e+07     3.8840e+07        -666.67
        -1        0.41235      -0.043405         3.8413         3.8116      0.0087145         0.0000     5.7874e+07     3.6152e+07        -666.67
        -1         2.9515        0.39064       -0.15192         3.5641       0.021236         0.0000     6.4616e+07     4.0410e+07        -666.67
        -1        0.75958         2.0834         2.3005         3.6589       0.017855         0.0000     6.3216e+07     3.9501e+07        -666.67
        -1        -2.2570        -1.2587        -2.3656         3.8776       0.014449         0.0000     6.0955e+07     3.7998e+07        -666.67
        -1      -0.086809       -0.26043        0.93320         3.4967       0.013991         0.0000     6.0662e+07     3.8010e+07        -666.67
        -1        -3.2337        -1.7579       -0.73788         4.2490      0.0042463         0.0000     5.5927e+07     3.4902e+07        -666.67
        -1        0.34724        -3.4507         1.1068         4.0141      0.0084864         0.0000     5.8179e+07     3.6261e+07        -666.67
        -1       -0.15192        -1.3890        -2.4958         3.2753       0.048466         0.0000     8.6121e+07     5.4080e+07        -666.67
        -1        -2.4307        0.13021         2.4090         4.2784      0.0026345         0.0000     5.5187e+07     3.4543e+07        -666.67
        -1       -0.60767        -3.0166         1.5409         3.2089       0.034774         0.0000     7.3914e+07     4.6464e+07        -666.67
        -1        0.17362         0.0000       -0.43405         3.2747       0.027155         0.0000     6.7470e+07     4.2368e+07        -666.67
        -1        -2.6043        -1.4107         1.0417         3.4181       0.028152         0.0000     6.7817e+07     4.2492e+07        -666.67
        -1        -2.7562        -1.2587        0.56426         3.7494       0.029179         0.0000     7.1083e+07     4.4329e+07        -666.67
        -1       -0.45575        0.34724         3.3856         4.4850      0.0013827         0.0000     5.4836e+07     3.4341e+07        -666.67
        -1       -0.19532         2.1051        -1.1502         2.9103       0.018541         0.0000     6.4057e+07     4.0497e+07        -666.67
        -1        0.60767        -3.5809         1.3890         3.0807       0.024588         0.0000     6.7835e+07     4.2735e+07        -666.67
        -1        -1.7796        -1.1285       -0.91150         4.1520       0.015240         0.0000     6.1255e+07     3.8057e+07        -666.67
        -1         2.3222        -3.0600        -1.4541         3.5561       0.032975         0.0000     7.2707e+07     4.5463e+07        -666.67
        -1        0.19532        -1.5192        -1.7362         3.5431       0.015841         0.0000     6.2456e+07     3.9099e+07        -666.67
        -1         3.5158        0.91150        -2.4958         3.0484       0.037051         0.0000     7.6768e+07     4.8390e+07        -666.67
        -1        0.26043         2.4741       -0.78129         4.3230      0.0069262         0.0000     5.7079e+07     3.5497e+07        -666.67
        -1       -0.34724       -0.45575       -0.69448         3.7889       0.023709         0.0000     6.5491e+07     4.0820e+07        -666.67
        -1       -0.26043         1.2804         3.1034         3.4379       0.027246         0.0000     6.8138e+07     4.2680e+07        -666.67
        -1        0.15192        -1.3455         1.7796         4.2747      0.0025041         0.0000     5.5242e+07     3.4588e+07        -666.67
        -1         1.5626        -1.9315        -2.6911         2.4413       0.061560         0.0000     1.0373e+08     6.6188e+07        -666.67
        -1        -2.2353        -1.6494         1.0200         3.7962      0.0047795         0.0000     5.6319e+07     3.5280e+07        -666.67
        -1       0.065107        -3.0166        -1.9098         2.6807      0.0084717         0.0000     5.8215e+07     3.7012e+07        -666.67
        -1       -0.56426        -2.4741         2.4741         2.5628       0.019728         0.0000     6.5253e+07     4.1535e+07        -666.67
        -1         2.9081        -1.9315        -1.3021         3.8511       0.029597         0.0000     7.0567e+07     4.3949e+07        -666.67
        -1        -2.9298       -0.19532        -2.1485         4.2936      0.0026977         0.0000     5.5241e+07     3.4567e+07        -666.67
        -1       -0.69448        -1.5192         3.1034         2.9924       0.017132         0.0000     6.2702e+07     3.9588e+07        -666.67
        -1        0.88980        -3.3639         1.8013         3.6105       0.024187         0.0000     6.5578e+07     4.0974e+07        -666.67
        -1        -1.3455        -3.5375         1.6494         3.0071      0.0083024         0.0000     5.8474e+07     3.6961e+07        -666.67
        -1         2.2787        -3.4724         2.2570         3.3373       0.015964         0.0000     6.1212e+07     3.8435e+07        -666.67
        -1         4.3188       -0.97661        -1.8013         3.6075       0.028087         0.0000     6.8385e+07     4.2730e+07        -666.67
        -1        -1.4324       -0.19532       -0.65107         4.3273     0.00093302         0.0000     5.4693e+07     3.4326e+07        -666.67
        -1         1.6277        0.97661         3.7979         4.3555      0.0055481         0.0000     5.6552e+07     3.5194e+07        -666.67
        -1        -1.3890        -1.0634         3.9715         3.1860       0.012857         0.0000     5.9883e+07     3.7703e+07        -666.67
        -1       -0.23873        -3.0600        0.60767         2.6255       0.051596         0.0000     9.1632e+07     5.8231e+07        -666.67
        -1        -3.0817        -3.0600       -0.60767         2.1680       0.029598         0.0000     6.9068e+07     4.4373e+07        -666.67
        -1        0.84639        0.32554         3.7762         3.8278      0.0060780         0.0000     5.7173e+07     3.5770e+07        -666.67
        -1        -2.3873        -3.3422      -0.086809         3.6134       0.027808         0.0000     6.9643e+07     4.3512e+07        -666.67
        -1         1.8881        -2.2787       -0.78129         4.3471      0.0059351         0.0000     5.6648e+07     3.5246e+07        -666.67
        -1        -1.7145        -2.1485        -2.0617         4.3301      0.0054337         0.0000     5.6525e+07     3.5189e+07        -666.67
        -1        0.71618       -0.56426         2.6043         2.9146       0.038429         0.0000     7.6698e+07     4.8462e+07        -666.67
        -1        0.60767       -0.75958         4.0149         3.4504       0.022974         0.0000     6.5000e+07     4.0709e+07        -666.67
        -1       -0.15192        -1.2153       -0.43405         3.3298       0.024154         0.0000     6.6218e+07     4.1546e+07        -666.67
        -1       -0.84639         2.5609         2.2570         2.3834       0.027218         0.0000     6.9543e+07     4.4435e+07        -666.67
        -1         2.7779         1.1719         1.9098         2.4409      0.0057099         0.0000     5.6894e+07     3.6393e+07        -666.67
        -1         1.4758        -3.6243        -1.3238         4.1859       0.012928         0.0000     6.0160e+07     3.7375e+07        -666.67
        -1         1.8013       -0.26043        -1.9098         3.3663       0.027446         0.0000     6.7019e+07     4.2025e+07        -666.67
        -1         1.4758        -3.6243        0.21702         4.5031      0.0010714         0.0000     5.4718e+07     3.4282e+07        -666.67
        -1         3.6243         2.8430        -1.3238         4.2900      0.0088497         0.0000     5.7931e+07     3.5988e+07        -666.67
        -1         2.3873        -3.6894       -0.93320         3.6837      0.0066680         0.0000     5.7450e+07     3.5993e+07        -666.67
        -1        -2.3656        -3.4073       -0.21702         4.2813      0.0021991         0.0000     5.5062e+07     3.4493e+07        -666.67
        -1         1.1285        0.99831        -3.2988         3.1197      0.0035177         0.0000     5.6258e+07     3.5641e+07        -666.67
        -1        -1.1285       -0.67277       -0.78129         3.6435      0.0051580         0.0000     5.6206e+07     3.5265e+07        -666.67
        -1      -0.043405       -0.56426        -1.5843         2.8595      0.0090994         0.0000     5.9311e+07     3.7572e+07        -666.67
        -1        -1.3890         2.2353         3.1902         3.9503       0.016701         0.0000     6.2076e+07     3.8650e+07        -666.67
        -1        -1.0851        -1.4975         3.7545         3.4926      0.0091721         0.0000     5.8755e+07     3.6846e+07        -666.67
        -1        0.15192         3.7979       -0.52086         3.3992       0.027185         0.0000     6.7189e+07     4.2110e+07        -666.67
        -1       -0.80299       -0.84639         4.2971         3.0229      0.0016143         0.0000     5.5290e+07     3.5191e+07        -666.67
        -1       -0.36894        -1.9749         3.9715         2.4263       0.023259         0.0000     6.7669e+07     4.3193e+07        -666.67
        -1         2.6477        -2.3873        -1.9749         2.9568       0.043652         0.0000     7.8871e+07     4.9797e+07        -666.67
        -1        -2.9298       -0.30383         2.9949         3.2030       0.044226         0.0000     8.2137e+07     5.1638e+07        -666.67
        -1        -2.5175        -1.3021         1.8230         3.4956       0.012738         0.0000     6.0558e+07     3.7951e+07        -666.67
        -1       -0.75958      -0.021702         4.9481         3.3949       0.020264         0.0000     6.3454e+07     3.9787e+07        -666.67
        -1        0.69448       -0.30383         4.6226         2.9128       0.016525         0.0000     6.2663e+07     3.9622e+07        -666.67
        -1        -1.6928        0.99831         1.6928         3.2432       0.025250         0.0000     6.7702e+07     4.2536e+07        -666.67
        -1        -1.7579        0.10851        0.65107         3.6694      0.0094574         0.0000     5.8208e+07     3.6409e+07        -666.67
        -1        -1.3455       -0.13021        0.52086         3.3449       0.020564         0.0000     6.2600e+07     3.9280e+07        -666.67
        -1        -1.0200         2.3656        0.34724         3.9874       0.014513         0.0000     6.0802e+07     3.7852e+07        -666.67
        -1         4.6660       -0.23873         2.4958         4.1965       0.010477         0.0000     5.9257e+07     3.6823e+07        -666.67
        -1       -0.97661       -0.28213         4.8613         3.7780      0.0085333         0.0000     5.8061e+07     3.6288e+07        -666.67
        -1         2.8647       -0.26043         3.9715         3.4721      0.0096307         0.0000     5.8392e+07     3.6620e+07        -666.67
        -1        -2.3005        0.39064       -0.97661         2.7870       0.053909         0.0000     9.1451e+07     5.7925e+07        -666.67
        -1        -1.0417         1.4975         2.6911         2.5012       0.039057         0.0000     7.8044e+07     4.9730e+07        -666.67
        -1         3.3422         1.3672         1.8447         2.4583       0.022258         0.0000     6.6797e+07     4.2607e+07        -666.67
        -1         1.2804         2.3873        -3.5158         3.6075       0.013822         0.0000     6.1259e+07     3.8325e+07        -666.67
        -1        -1.0417        -1.4975        -3.4073         2.9665       0.037833         0.0000     7.5076e+07     4.7392e+07        -666.67
        -1         1.9315        -2.6911         1.4975         4.0502       0.019094         0.0000     6.3277e+07     3.9337e+07        -666.67
        -1         3.8847         2.6260         2.1485         3.8143       0.014099         0.0000     6.0003e+07     3.7436e+07        -666.67
        -1       -0.17362         1.4324         2.5175         3.8644       0.023274         0.0000     6.5502e+07     4.0788e+07        -666.67
        -1       -0.65107        -2.7996         3.0600         3.4997       0.011594         0.0000     5.9605e+07     3.7357e+07        -666.67
        -1         4.1235       -0.36894        -2.6043         3.4587       0.024678         0.0000     6.6670e+07     4.1747e+07        -666.67
        -1      -0.086809       -0.56426        -3.4290         4.1980      0.0036679         0.0000     5.5701e+07     3.4819e+07        -666.67
        -1        0.82469         2.0183         2.5609         2.5438      0.0097053         0.0000     5.8872e+07     3.7519e+07        -666.67
        -1         3.0166        -2.6043         3.5809         2.2054       0.066250         0.0000     1.1253e+08     7.2223e+07        -666.67
        -1         1.8881         3.4507         1.9966         3.5721      0.0054658         0.0000     5.7324e+07     3.5992e+07        -666.67
        -1       -0.19532        -1.4975         3.1902         3.0229       0.018319         0.0000     6.4057e+07     4.0417e+07        -666.67
        -1        -2.8430       -0.54256        -1.4975         4.3073      0.0014024         0.0000     5.4799e+07     3.4370e+07        -666.67
        -1        0.67277         2.2353         1.9966         2.8354       0.036404         0.0000     7.5221e+07     4.7600e+07        -666.67
        -1        -3.0600        0.88980         3.1468         2.6836       0.043410         0.0000     8.2404e+07     5.2303e+07        -666.67
        -1         1.2587         2.4090        -3.3205         3.1005       0.015859         0.0000     6.2524e+07     3.9408e+07        -666.67
        -1         2.1268       -0.19532         2.1702         2.3422      0.0014722         0.0000     5.5039e+07     3.5480e+07        -666.67
        -1        -1.9098       -0.19532         3.7762         3.4525       0.032251         0.0000     6.9844e+07     4.3739e+07        -666.67
        -1       -0.54256       -0.58596        -3.0383         3.8457      0.0088241         0.0000     5.8399e+07     3.6462e+07        -666.67
        -1        -3.5375         3.2771        -2.4090         3.0306       0.018103         0.0000     6.3434e+07     4.0019e+07        -666.67
        -1         3.6460        -1.2370        0.62937         4.0664       0.013273         0.0000     5.9741e+07     3.7163e+07        -666.67
        -1         1.1719        -3.8196         4.4273         3.4452       0.012187         0.0000     6.0209e+07     3.7762e+07        -666.67
        -1      -0.021702        -1.7145         5.0132         3.1735       0.013858         0.0000     6.1794e+07     3.8910e+07        -666.67
        -1        -2.4524         2.6260       -0.60767         4.3860     0.00037867         0.0000     5.4447e+07     3.4189e+07        -666.67
        -1         3.1468        -3.7762       0.043405         3.9605       0.013649         0.0000     6.0488e+07     3.7673e+07        -666.67
        -1         4.1452        -2.9298        0.26043         3.6202       0.014513         0.0000     6.1798e+07     3.8652e+07        -666.67
        -1        0.80299       -0.97661         3.1902         2.9525       0.031646         0.0000     7.0901e+07     4.4768e+07        -666.67
        -1        0.28213        -5.6426       -0.99831         2.2450       0.033590         0.0000     7.4081e+07     4.7497e+07        -666.67
        -1         2.2570        -4.4273        -1.7579         4.0697      0.0046035         0.0000     5.6457e+07     3.5272e+07        -666.67
        -1        0.73788         2.3656         2.4958         3.2852       0.030136         0.0000     7.0259e+07     4.4113e+07        -666.67
        -1         1.3455         3.4507         2.4524         3.4411       0.019012         0.0000     6.1886e+07     3.8784e+07        -666.67
        -1        -3.3856        -3.1685       -0.23873         4.2056      0.0027696         0.0000     5.5557e+07     3.4789e+07        -666.67
        -1        -1.2804        -2.1051        -3.8413         4.1520      0.0068356         0.0000     5.7248e+07     3.5668e+07        -666.67
        -1        -2.8864        -2.8430        -1.2587         2.5166       0.035430         0.0000     7.4065e+07     4.7178e+07        -666.67
        -1       -0.52086        -1.6277         1.0417         4.4641      0.0019223         0.0000     5.5049e+07     3.4446e+07        -666.67
        -1        -1.3238         1.9098        -1.8230         3.6818       0.013427         0.0000     5.9923e+07     3.7454e+07        -666.67
        -1         2.4307        -1.2153        -4.9915         3.3373       0.011667         0.0000     5.9898e+07     3.7630e+07        -666.67
        -1         3.9064         1.6060        -2.4524         4.2431      0.0053946         0.0000     5.6841e+07     3.5417e+07        -666.67
        -1         3.7328       -0.71618        -1.8230         3.6493      0.0050476         0.0000     5.6134e+07     3.5219e+07        -666.67
        -1         5.2303         1.3672         2.8647         2.2476       0.047647         0.0000     8.5420e+07     5.4763e+07        -666.67
        -1        -1.6494       -0.28213         5.0350         3.4275       0.033423         0.0000     7.2346e+07     4.5323e+07        -666.67
        -1         3.0817       -0.54256        -4.2754         4.2534      0.0042324         0.0000     5.5773e+07     3.4805e+07        -666.67
        -1       -0.47745       -0.39064         1.8230         4.4214      0.0033340         0.0000     5.5637e+07     3.4729e+07        -666.67
        -1        -1.1285        -4.6877        -2.9515         3.4987       0.029049         0.0000     6.9737e+07     4.3643e+07        -666.67
        -1         2.1919         1.9749         2.7562         2.4361       0.050256         0.0000     8.8013e+07     5.6166e+07        -666.67
        -1        -3.6026        -3.2337       -0.32554         4.4133     7.8717e-05         0.0000     5.4362e+07     3.4143e+07        -666.67
        -1         3.1902        -1.4758        -1.9749         3.5780       0.022538         0.0000     6.5269e+07     4.0804e+07        -666.67
        -1         1.4758        -1.3672         5.8596         4.3015      0.0085566         0.0000     5.7721e+07     3.5860e+07        -666.67
        -1         3.0600         1.9315         1.3238         2.4126       0.020221         0.0000     6.5237e+07     4.1663e+07        -666.67
        -1         1.7145        -3.8847        -3.0817         4.0729      0.0077020         0.0000     5.7885e+07     3.6073e+07        -666.67
        -1        -1.3455         2.8213         3.7328         4.3116      0.0012428         0.0000     5.4769e+07     3.4359e+07        -666.67
        -1         1.6494        -2.3005        0.82469         4.1582      0.0068507         0.0000     5.7294e+07     3.5693e+07        -666.67
        -1         2.3656        -3.7111       -0.43405         3.9588       0.015772         0.0000     6.1658e+07     3.8391e+07        -666.67
        -1       -0.49915        -1.0634         4.8179         4.0355       0.021321         0.0000     6.4621e+07     4.0166e+07        -666.67
        -1        0.67277        -1.1936         6.2069         3.3037       0.025010         0.0000     6.6645e+07     4.1831e+07        -666.67
        -1        -1.9532        -1.2587        -1.2804         3.9841      0.0085853         0.0000     5.7945e+07     3.6125e+07        -666.67
        -1        0.62937       -0.58596         3.3205         3.4967       0.010312         0.0000     5.8988e+07     3.6978e+07        -666.67
        -1        -1.1936       -0.65107         3.4073         3.9571       0.013311         0.0000     6.0280e+07     3.7547e+07        -666.67
        -1         5.5775       -0.88980         1.5192         3.6114       0.032053         0.0000     7.0399e+07     4.3986e+07        -666.67
        -1         3.2120        -3.1251         3.3639         3.4535       0.011113         0.0000     5.9473e+07     3.7301e+07        -666.67
        -1        -4.4056        -3.6026        0.39064         4.2871      0.0019981         0.0000     5.5061e+07     3.4503e+07        -666.67
        -1        0.78129       0.021702         2.9298         4.1644      0.0040222         0.0000     5.5925e+07     3.4945e+07        -666.67
        -1       -0.30383        -2.6911       0.065107         2.2879      0.0082166         0.0000     5.8634e+07     3.7601e+07        -666.67
        -1         4.5358        -2.6694         2.7128         4.0616      0.0079690         0.0000     5.7826e+07     3.6035e+07        -666.67
        -1        -2.3005        -2.5175         3.3422         4.3273      0.0065430         0.0000     5.7063e+07     3.5495e+07        -666.67
        -1        -2.0183         1.8664        0.73788         4.0648       0.013332         0.0000     5.9762e+07     3.7176e+07        -666.67
        -1         3.7762        -4.1886        -1.1068         2.5645       0.036811         0.0000     7.5285e+07     4.7905e+07        -666.67
        -1        -2.3439        -1.0200         3.8413         3.1439       0.015833         0.0000     6.2124e+07     3.9128e+07        -666.67
        -1       -0.71618       -0.23873        -1.4758         3.3114       0.034790         0.0000     7.3432e+07     4.6085e+07        -666.67
        -1        -1.9749        -2.1919        -2.4958         3.5261       0.018148         0.0000     6.3409e+07     3.9693e+07        -666.67
        -1         3.1251        -2.3005         2.0183         4.2754      0.0028637         0.0000     5.5372e+07     3.4643e+07        -666.67
        -1        -1.3455        -4.2103         1.0851         2.9831       0.051973         0.0000     9.0037e+07     5.6819e+07        -666.67
        -1         1.1936        0.67277        -4.7962         3.4296       0.017282         0.0000     6.2884e+07     3.9424e+07        -666.67
        -1         1.3238        -2.8213        0.41235         4.0355       0.010602         0.0000     5.8560e+07     3.6456e+07        -666.67
        -1        -2.3873        -1.8664         4.7528         4.1364      0.0053052         0.0000     5.6414e+07     3.5192e+07        -666.67
        -1         4.2320        -4.1886         2.9732         3.9468       0.011018         0.0000     5.8952e+07     3.6736e+07        -666.67
        -1         2.4958       -0.95490         1.2153         3.9228      0.0050185         0.0000     5.6994e+07     3.5644e+07        -666.67
        -1        -1.5843         1.8881       -0.47745         3.6202      0.0083413         0.0000     5.8364e+07     3.6556e+07        -666.67
        -1         7.0316       -0.73788        0.32554         2.5486       0.022501         0.0000     6.6150e+07     4.2109e+07        -666.67
        -1        -1.8013        -2.9081        -4.9915         3.1197      0.0044623         0.0000     5.6452e+07     3.5703e+07        -666.67
        -1       0.043405        -5.0350        0.49915         3.2906       0.024020         0.0000     6.6085e+07     4.1488e+07        -666.67
        -1         4.7094         2.3439         3.8413         3.9520      0.0090178         0.0000     5.7975e+07     3.6147e+07        -666.67
        -1        -2.8864         1.5843       -0.36894         3.3373       0.024734         0.0000     6.5938e+07     4.1366e+07        -666.67
        -1         1.1936       -0.88980         3.0600         4.2885      0.0019467         0.0000     5.5051e+07     3.4499e+07        -666.67
        -1         2.1919        0.49915        -3.5809         3.4160       0.018938         0.0000     6.2820e+07     3.9383e+07        -666.67
        -1         4.4273        -4.7311         2.6694         4.1081      0.0071320         0.0000     5.7402e+07     3.5773e+07        -666.67
        -1        -2.3005        0.88980        -5.4039         2.8269       0.023721         0.0000     6.7237e+07     4.2555e+07        -666.67
        -1        -1.1502        -3.2988         4.8830         4.0567      0.0081325         0.0000     5.7918e+07     3.6090e+07        -666.67
        -1        -2.6260        0.67277         2.4958         2.8769       0.020529         0.0000     6.5249e+07     4.1268e+07        -666.67
        -1        -1.2370        -6.4673        -2.3005         2.6245       0.033943         0.0000     7.3886e+07     4.6954e+07        -666.67
        -1       -0.41235         3.2988         2.4524         3.8617       0.018829         0.0000     6.3726e+07     3.9709e+07        -666.67
        -1        -4.1017         1.7579         2.6260         3.4967       0.011960         0.0000     5.9769e+07     3.7460e+07        -666.67
        -1        0.73788        -4.8179         5.7945         3.6464       0.021388         0.0000     6.4760e+07     4.0453e+07        -666.67
        -1         1.5409        -3.9281         1.0417         3.5190       0.013954         0.0000     6.0658e+07     3.7996e+07        -666.67
        -1         1.8447       -0.52086       -0.84639         3.2554       0.014587         0.0000     6.1625e+07     3.8749e+07        -666.67
        -1        -3.9064        0.93320         3.8196         3.8224       0.021462         0.0000     6.4615e+07     4.0268e+07        -666.67
        -1        -3.1685         2.2353         2.9298         3.0169       0.018948         0.0000     6.3802e+07     4.0257e+07        -666.67
        -1        -1.0417        -6.8580         1.3021         3.6512       0.015651         0.0000     6.0834e+07     3.8028e+07        -666.67
        -1         2.5392        -2.5175        -1.5626         2.6810       0.029531         0.0000     6.9898e+07     4.4368e+07        -666.67
        -1        -2.3222        -1.6494         1.8447         3.1058      0.0091949         0.0000     5.7883e+07     3.6511e+07        -666.67
        -1         4.7745        -1.2370        -2.0183         4.3860     0.00046109         0.0000     5.4475e+07     3.4202e+07        -666.67
        -1        -2.9732        -4.2320        -2.2570         3.4149       0.014688         0.0000     6.1189e+07     3.8382e+07        -666.67
        -1        -4.1452        0.39064       -0.99831         3.7899      0.0044206         0.0000     5.6371e+07     3.5340e+07        -666.67
        -1         1.3021        -1.5626        -4.2320         2.3056       0.041441         0.0000     8.2148e+07     5.2588e+07        -666.67
        -1        -1.5192         1.8013         5.1652         3.3373      0.0055232         0.0000     5.6651e+07     3.5680e+07        -666.67
        -1         3.4507        -1.1068         3.7111         4.0697      0.0049368         0.0000     5.6161e+07     3.5069e+07        -666.67
        -1        -5.7511        -3.1468         3.1902         3.5859       0.026155         0.0000     6.7458e+07     4.2163e+07        -666.67
        -1        -4.0800        -3.9715         1.8447         4.3555     0.00062956         0.0000     5.4540e+07     3.4241e+07        -666.67
        -1        -2.4090         1.1285        0.19532         4.1364      0.0075870         0.0000     5.7569e+07     3.5855e+07        -666.67
        -1         1.9098         1.4324         1.3455         2.7421       0.057936         0.0000     1.0238e+08     6.4906e+07        -666.67
        -1         4.8396        -1.1285         3.8196         3.5311       0.030191         0.0000     6.8978e+07     4.3147e+07        -666.67
        -1         4.3405        -2.7345        0.99831         3.7177      0.0019431         0.0000     5.5016e+07     3.4679e+07        -666.67
        -1        -4.4056        -2.3222        -4.7094         3.4967       0.035992         0.0000     7.4467e+07     4.6604e+07        -666.67
        -1        -3.0383        -1.7362       -0.47745         4.5185      0.0011019         0.0000     5.4724e+07     3.4279e+07        -666.67
        -1         2.7779        -1.0417         3.0600         3.0211       0.023022         0.0000     6.7231e+07     4.2399e+07        -666.67
        -1         3.3422         3.5375        -4.8613         4.4160      0.0029647         0.0000     5.5427e+07     3.4626e+07        -666.67
        -1         5.1218        -3.0817        0.93320         3.1098       0.051669         0.0000     9.1062e+07     5.7339e+07        -666.67
        -1         2.6260        0.95490         1.1285         2.7492      0.0051992         0.0000     5.6657e+07     3.6027e+07        -666.67
        -1        -4.0583         3.1251         2.8864         2.6902       0.030137         0.0000     6.9875e+07     4.4345e+07        -666.67
        -1         7.0967        -3.2988        -1.1936         3.8951       0.024325         0.0000     6.7215e+07     4.1838e+07        -666.67
        -1        -5.5775        -1.7579        -3.8196         3.7290       0.018419         0.0000     6.3438e+07     3.9599e+07        -666.67
        -1        -4.4056        -5.3605       -0.28213         3.4535       0.012217         0.0000     5.9188e+07     3.7118e+07        -666.67
        -1         1.8230        0.26043         7.5741         4.2958      0.0016628         0.0000     5.4914e+07     3.4429e+07        -666.67
        -1        0.19532      -0.065107         3.1468         3.9740       0.011250         0.0000     5.9496e+07     3.7062e+07        -666.67
        -1         5.1652         1.9966         5.4256         4.0355       0.010201         0.0000     5.8433e+07     3.6379e+07        -666.67
        -1        -2.9949      -0.043405         4.1669         2.4653      0.0025664         0.0000     5.5850e+07     3.5850e+07        -666.67
        -1         5.8596         1.8230         3.4941         3.5160       0.021004         0.0000     6.4561e+07     4.0405e+07        -666.67
        -1         2.0834       -0.15192         5.1435         4.3997      0.0041088         0.0000     5.5836e+07     3.4804e+07        -666.67
        -1        0.88980        -1.0634        -6.0550         3.5250       0.021005         0.0000     6.3262e+07     3.9587e+07        -666.67
        -1        0.80299        0.21702        -1.0200         3.3716       0.019634         0.0000     6.3859e+07     4.0058e+07        -666.67
        -1        -1.2804        -2.2570        -2.4090         4.3805      0.0045933         0.0000     5.6096e+07     3.4938e+07        -666.67
        -1        -2.2787        -1.4758         3.8413         3.0871       0.019297         0.0000     6.3756e+07     4.0178e+07        -666.67
        -1        -2.2136         6.9231       -0.86809         2.7428     0.00096974         0.0000     5.5001e+07     3.5204e+07        -666.67
        -1         8.0950         3.1685        0.60767         3.8430      0.0053888         0.0000     5.6737e+07     3.5507e+07        -666.67
        -1        -1.1068        -4.6443         7.3788         3.2170       0.011258         0.0000     5.9666e+07     3.7555e+07        -666.67
        -1        -5.2954        -1.7145        0.88980         3.7383      0.0040360         0.0000     5.6219e+07     3.5291e+07        -666.67
        -1        0.45575        -1.5843         6.5975         2.7886       0.010320         0.0000     5.9708e+07     3.7864e+07        -666.67
        -1         3.3205         1.1719        -4.6877         3.9698       0.011078         0.0000     5.9026e+07     3.6772e+07        -666.67
        -1        -3.8413        -2.8864         4.0149         4.3102      0.0012492         0.0000     5.4771e+07     3.4361e+07        -666.67
        -1         2.1485        -2.9949        -2.5826         2.6072       0.023428         0.0000     6.6963e+07     4.2570e+07        -666.67
        -1        -4.8613        -5.0784        0.45575         3.2841       0.011589         0.0000     6.0036e+07     3.7747e+07        -666.67
        -1        -2.6694        0.13021         6.2720         3.0778       0.042238         0.0000     8.0727e+07     5.0859e+07        -666.67
        -1         2.4090       -0.54256        -7.1835         4.3273      0.0071143         0.0000     5.7204e+07     3.5568e+07        -666.67
        -1        -4.6226        -1.6060         2.4090         3.2204       0.033066         0.0000     7.2098e+07     4.5314e+07        -666.67
        -1         2.2136        -7.5958         4.6877         2.6052       0.034157         0.0000     7.2488e+07     4.6085e+07        -666.67
        -1       -0.36894         4.4273         3.9715         2.9452      0.0041740         0.0000     5.6243e+07     3.5686e+07        -666.67
        -1        -6.7928       -0.36894        0.56426         3.6007       0.012694         0.0000     6.0001e+07     3.7547e+07        -666.67
        -1         6.4456         3.1468        -2.0400         2.5517      0.0018223         0.0000     5.4967e+07     3.5262e+07        -666.67
        -1        0.52086         1.9966        0.95490         4.3442     0.00085944         0.0000     5.4636e+07     3.4290e+07        -666.67
        -1         5.0132        0.73788        -1.2370         3.5908       0.012191         0.0000     6.0223e+07     3.7694e+07        -666.67
        -1        -5.9247         4.9264         3.7328         4.1520      0.0063949         0.0000     5.6870e+07     3.5443e+07        -666.67
        -1        -6.2286        -1.9315         1.4107         3.6007       0.016894         0.0000     6.2438e+07     3.9051e+07        -666.67
        -1        -4.4490        -4.9698        0.13021         3.6875      0.0063373         0.0000     5.6814e+07     3.5600e+07        -666.67
        -1        -4.8613         5.8813         4.9264         2.1598      0.0076523         0.0000     5.8080e+07     3.7373e+07        -666.67
        -1        -3.2120         3.7545       -0.36894         3.8098      0.0035450         0.0000     5.5988e+07     3.5151e+07        -666.67
        -1        -8.1167         1.9315        -5.9247         4.4147      0.0029910         0.0000     5.5434e+07     3.4629e+07        -666.67
        -1         10.612         2.1051        -3.7111         2.2311      0.0024270         0.0000     5.5251e+07     3.5658e+07        -666.67
        -1         5.0132         5.0132         6.2069         2.5073       0.051721         0.0000     9.2042e+07     5.8642e+07        -666.67
        -1        -8.0950       -0.17362         5.5775         4.2652      0.0035538         0.0000     5.5605e+07     3.4744e+07        -666.67
        -1        -8.0950       0.086809        0.71618         4.0469      0.0082395         0.0000     5.7823e+07     3.6032e+07        -666.67
        -1         7.7260       -0.30383         4.5358         2.2127       0.024634         0.0000     6.7057e+07     4.3029e+07        -666.67
        -1        -6.0550        -3.5809      -0.086809         4.3722      0.0056925         0.0000     5.6378e+07     3.5076e+07        -666.67
        -1        -4.0366        -3.8196         6.7494         3.9807      0.0075423         0.0000     5.7060e+07     3.5601e+07        -666.67
        -1         7.6175        -4.7962        -7.4656         2.1433       0.027996         0.0000     6.9590e+07     4.4738e+07        -666.67
        -1        -4.8396        -9.5924        -3.5592         3.2643      0.0095734         0.0000     5.9359e+07     3.7341e+07        -666.67
        -1        -6.2937       -0.60767        -1.8230         3.7771       0.018567         0.0000     6.2819e+07     3.9188e+07        -666.67
        -1        -2.1919         3.2120         1.2370         2.8329      0.0030706         0.0000     5.5730e+07     3.5496e+07        -666.67
        -1        -2.1051       -0.54256         6.1201         3.4463       0.013543         0.0000     6.0764e+07     3.8104e+07        -666.67
        -1        -3.9715         8.2469         3.5592         3.4181      0.0026612         0.0000     5.5590e+07     3.5125e+07        -666.67
        -1        -9.5490         4.1669      -0.065107         2.5080      0.0017922         0.0000     5.5474e+07     3.5620e+07        -666.67
        -1         1.2587       -0.65107         7.1184         3.1324       0.017584         0.0000     6.2514e+07     3.9373e+07        -666.67
        -1         8.7461        -1.3238         4.2971         2.3728       0.029754         0.0000     7.0935e+07     4.5335e+07        -666.67
        -1         8.0950        -3.3639         5.7728         4.1644      0.0080552         0.0000     5.7787e+07     3.5967e+07        -666.67
        -1        0.54256        -11.567        -1.7796         2.1261       0.062096         0.0000     1.0597e+08     6.8159e+07        -666.67
        -1         5.1218        -2.2353        -1.1936         3.3791       0.029146         0.0000     6.8137e+07     4.2717e+07        -666.67
        -1         4.2537       -0.52086         7.2486         4.0632      0.0022102         0.0000     5.5261e+07     3.4689e+07        -666.67
        -1         1.0417        -8.1818      -0.065107         4.0697      0.0036554         0.0000     5.5835e+07     3.4949e+07        -666.67
        -1        -8.2035         2.4307        -3.1685         2.1310      0.0077205         0.0000     5.7362e+07     3.6937e+07        -666.67
        -1        -4.5358        -9.7661         4.2754         4.0289      0.0095690         0.0000     5.8494e+07     3.6423e+07        -666.67
        -1        -3.4507         1.7145         4.5575         2.5686       0.051509         0.0000     9.1774e+07     5.8392e+07        -666.67
        -1         7.6175         3.9064         7.1835         2.4635      0.0049129         0.0000     5.6201e+07     3.5943e+07        -666.67
        -1        -9.7010        -7.4873         4.5358         2.5217       0.031692         0.0000     7.2510e+07     4.6183e+07        -666.67
        -1       0.086809         2.7996         12.457         4.1176      0.0053914         0.0000     5.6650e+07     3.5344e+07        -666.67
        -1        -1.1936         7.8129        -4.4273         3.9857      0.0050704         0.0000     5.7163e+07     3.5723e+07        -666.67
        -1         5.4473        -1.7145         1.6060         4.2769      0.0025537         0.0000     5.5207e+07     3.4562e+07        -666.67
        -1         1.7145         6.5758         4.0366         2.5679       0.024716         0.0000     6.6380e+07     4.2236e+07        -666.67
        -1         13.694        -1.4975         3.7762         2.7505       0.045567         0.0000     8.2685e+07     5.2410e+07        -666.67
        -1         2.7128         7.5741        -2.1485         3.5048      0.0022176         0.0000     5.5455e+07     3.5029e+07        -666.67
        -1         3.8630       -0.10851         11.264         3.4034       0.015845         0.0000     6.2019e+07     3.8904e+07        -666.67
        -1        -5.2737        -4.9047         4.9698         2.5868       0.036831         0.0000     7.4479e+07     4.7369e+07        -666.67
        -1        -7.8563        -7.4005        -9.7227         3.3070       0.010165         0.0000     5.8828e+07     3.6981e+07        -666.67
        -1       -0.28213         7.0099         11.350         3.3244      0.0090844         0.0000     5.8599e+07     3.6839e+07        -666.67
        -1        -1.0634         3.2554         10.678         3.5760      0.0038430         0.0000     5.6124e+07     3.5314e+07        -666.67
        -1         6.6626         1.5626         4.6877         2.2545       0.046564         0.0000     8.6012e+07     5.5133e+07        -666.67
        -1        -12.023        -4.5575         1.3455         4.4561     0.00032990         0.0000     5.4423e+07     3.4157e+07        -666.67
        -1       -0.78129         2.0834         9.7227         4.2681      0.0032308         0.0000     5.5441e+07     3.4663e+07        -666.67
        -1         5.6643        -2.7345         4.2971         3.5948       0.016928         0.0000     6.1223e+07     3.8294e+07        -666.67
        -1        -3.3422       -0.78129         5.4907         2.6252       0.031729         0.0000     7.1545e+07     4.5466e+07        -666.67
        -1         4.0583         3.1251         4.9264         2.7337       0.014221         0.0000     6.0610e+07     3.8463e+07        -666.67
        -1         12.023        -5.2086         10.309         2.5046       0.025062         0.0000     6.7810e+07     4.3206e+07        -666.67
        -1        -3.7111        -3.7328        -8.5290         3.4223       0.030847         0.0000     6.9905e+07     4.3797e+07        -666.67
        -1         10.352      -0.086809         12.956         3.3567      0.0030448         0.0000     5.5735e+07     3.5221e+07        -666.67
        -1         8.1384         2.8213        -4.6009         2.7065       0.017857         0.0000     6.3493e+07     4.0300e+07        -666.67
        -1        -2.8864         7.7260         4.4707         2.5268       0.026419         0.0000     6.7166e+07     4.2775e+07        -666.67
        -1         9.8312         2.7996         11.980         3.5810       0.013062         0.0000     6.0513e+07     3.7876e+07        -666.67
        -1        -3.2771         1.3890         5.1218         3.8846      0.0065755         0.0000     5.7432e+07     3.5896e+07        -666.67
        -1       -0.52086       -0.69448         8.6592         2.3339      0.0088695         0.0000     5.7953e+07     3.7114e+07        -666.67
        -1        -6.8580         3.4290       -0.80299         2.7175       0.017731         0.0000     6.3661e+07     4.0398e+07        -666.67
        -1        -3.2120       -0.32554         10.265         2.1445       0.048071         0.0000     8.8982e+07     5.7203e+07        -666.67
        -1         8.4422        -1.8447         5.7294         4.1270       0.015320         0.0000     6.1389e+07     3.8150e+07        -666.67
        -1         11.980        -8.0950        -5.7077         2.3167      0.0069827         0.0000     5.7524e+07     3.6881e+07        -666.67
        -1        -2.7128         9.7227         10.569         2.7208       0.020071         0.0000     6.4426e+07     4.0872e+07        -666.67
        -1        -4.5792         5.3605         2.2136         3.1917       0.039084         0.0000     7.9648e+07     5.0083e+07        -666.67
        -1         4.9264        -10.960        -7.3788         2.2832      0.0034277         0.0000     5.6418e+07     3.6307e+07        -666.67
        -1         6.6843        -8.9631        -8.7678         3.3518       0.025931         0.0000     6.6406e+07     4.1650e+07        -666.67
        -1        0.60767        -6.5107        0.32554         2.3731       0.029287         0.0000     6.9591e+07     4.4476e+07        -666.67
        -1        -5.2954         10.135         5.0132         3.3048      0.0063474         0.0000     5.7383e+07     3.6141e+07        -666.67
        -1        -5.9247         4.5358         8.7678         4.4092      0.0028947         0.0000     5.5370e+07     3.4597e+07        -666.67
        -1         7.7695        -5.0567        -3.2771         2.5381       0.013023         0.0000     6.0604e+07     3.8617e+07        -666.67
        -1         3.3422        -4.2537         16.125         3.0205       0.030387         0.0000     7.0540e+07     4.4486e+07        -666.67
        -1         1.3672         6.9665         3.8847         3.0755       0.035746         0.0000     7.3813e+07     4.6505e+07        -666.67
        -1         8.4856         5.2086        -7.7695         3.5190       0.019340         0.0000     6.4301e+07     4.0249e+07        -666.67
        -1         14.649       -0.41235         3.9932         3.8776       0.021633         0.0000     6.4696e+07     4.0289e+07        -666.67
        -1        -2.6477       -0.15192        -16.950         4.0858       0.016044         0.0000     6.1989e+07     3.8537e+07        -666.67
        -1        -10.851        -9.0282        -8.0082         2.2636       0.033348         0.0000     7.4226e+07     4.7567e+07        -666.67
        -1         1.5843         10.352        -11.285         2.4991       0.040448         0.0000     7.8185e+07     4.9823e+07        -666.67
        -1        -5.4690         7.0316         2.7996         4.0600       0.010143         0.0000     5.8769e+07     3.6578e+07        -666.67
        -1        -7.0533         4.2971        -7.8346         4.3611     0.00079184         0.0000     5.4590e+07     3.4260e+07        -666.67
        -1        -5.3822         13.890        -11.133         3.5391       0.020251         0.0000     6.3720e+07     3.9869e+07        -666.67
        -1        -3.2988        -1.1719         11.264         2.3464       0.037258         0.0000     7.7138e+07     4.9332e+07        -666.67
        -1         17.340        -8.8112         8.1167         3.2108       0.011114         0.0000     5.9399e+07     3.7391e+07        -666.67
        -1         8.3771        -2.0617         9.8529         3.4915       0.030004         0.0000     7.0070e+07     4.3855e+07        -666.67
        -1        -2.7996        -4.2320        -12.718         4.4588      0.0016567         0.0000     5.4950e+07     3.4403e+07        -666.67
        -1         5.2954        -16.190        -2.3873         3.9664      0.0035031         0.0000     5.5788e+07     3.4968e+07        -666.67
        -1         13.195        -17.058        -7.4873         2.4680       0.035795         0.0000     7.6011e+07     4.8472e+07        -666.67
        -1        -5.7077        -5.3171        -13.933         2.8073       0.011597         0.0000     6.0424e+07     3.8300e+07        -666.67
        -1        -2.1919        -4.3839         22.419         3.9723      0.0023334         0.0000     5.5166e+07     3.4655e+07        -666.67
        -1         2.7128        -8.7895         9.7227         4.0190       0.019311         0.0000     6.3404e+07     3.9429e+07        -666.67
        -1        -5.7728        -5.2086         1.5626         3.7196      0.0045864         0.0000     5.6252e+07     3.5283e+07        -666.67
        -1        -7.3354        -23.569        -8.1384         3.6016       0.027934         0.0000     6.8032e+07     4.2512e+07        -666.67
        -1         3.9064        -15.604         3.6460         4.0256       0.010131         0.0000     5.8354e+07     3.6334e+07        -666.67
        -1        -15.257        -6.2937         7.6609         3.8188      0.0069585         0.0000     5.7714e+07     3.6091e+07        -666.67
        -1         14.519        -13.759         3.8630         3.8134      0.0056379         0.0000     5.6660e+07     3.5465e+07        -666.67
        -1        -16.494        -20.118         4.9915         3.7816      0.0072310         0.0000     5.7807e+07     3.6159e+07        -666.67
        -1         7.7477        -23.569        -10.222         3.7420      0.0013511         0.0000     5.4836e+07     3.4591e+07        -666.67
        -1        -18.946        -11.871         1.5843         3.7494       0.017533         0.0000     6.2258e+07     3.8857e+07        -666.67
        -1         3.5809         1.8664        -1.8881         4.1520      0.0052908         0.0000     5.6546e+07     3.5269e+07        -666.67
        -1         3.1902        -8.0082         13.803         4.0223       0.010664         0.0000     5.8713e+07     3.6557e+07        -666.67
        -1         25.717        -9.7227         4.7311         3.0023       0.017575         0.0000     6.2947e+07     3.9734e+07        -666.67
        -1         7.8129        -4.0149        -7.6392         3.7336       0.016229         0.0000     6.1634e+07     3.8482e+07        -666.67
        -1        -12.696        -8.6592        -16.342         3.5411      0.0097746         0.0000     5.9582e+07     3.7330e+07        -666.67
        -1         11.003         18.859         22.419         2.8782      0.0066450         0.0000     5.7821e+07     3.6658e+07        -666.67
        -1        -19.554         10.330        -10.048         3.5472       0.015775         0.0000     6.1951e+07     3.8781e+07        -666.67
        -1         14.107        -19.359         14.063         4.0388      0.0050347         0.0000     5.6405e+07     3.5230e+07        -666.67
