         1  2.079e+11
     3.001  1.331e+12
     5.001  2.513e+12
     7.002  3.423e+12
     9.002  4.063e+12
        11  4.572e+12
        13  5.015e+12
        15   5.41e+12
        17  5.776e+12
     19.01   6.11e+12
     21.01  6.413e+12
     23.01  6.695e+12
     25.01  6.961e+12
     27.01  7.201e+12
     29.01  7.428e+12
     31.01  7.639e+12
     33.01  7.842e+12
     35.01  8.039e+12
     37.01  8.221e+12
     39.01  8.401e+12
     41.01  8.579e+12
     43.01  8.745e+12
     45.01  8.907e+12
     47.01  9.064e+12
     49.01  9.211e+12
     51.01  9.356e+12
     53.01  9.501e+12
     55.02  9.636e+12
     57.02  9.768e+12
     59.02    9.9e+12
     61.02  1.003e+13
     63.02  1.015e+13
     65.02  1.027e+13
     67.02  1.039e+13
     69.02  1.051e+13
     71.02  1.062e+13
     73.02  1.073e+13
     75.02  1.085e+13
     77.02  1.096e+13
     79.02  1.106e+13
     81.02  1.116e+13
     83.02  1.126e+13
     85.02  1.137e+13
     87.02  1.146e+13
     89.02  1.157e+13
     91.03  1.166e+13
     93.03  1.176e+13
     95.03  1.186e+13
     97.03  1.196e+13
     99.03  1.206e+13
       101  1.215e+13
       103  1.225e+13
       105  1.234e+13
       107  1.243e+13
       109  1.251e+13
       111   1.26e+13
       113  1.269e+13
       115  1.278e+13
       117  1.286e+13
       119  1.295e+13
       121  1.302e+13
       123   1.31e+13
       125  1.318e+13
       127  1.325e+13
       129  1.333e+13
       131   1.34e+13
       133  1.348e+13
       135  1.355e+13
       137  1.362e+13
       139   1.37e+13
       141  1.378e+13
       143  1.385e+13
       145  1.393e+13
       147  1.401e+13
       149  1.408e+13
       151  1.415e+13
       153  1.422e+13
       155  1.429e+13
       157  1.435e+13
       159  1.442e+13
       161  1.448e+13
       163  1.454e+13
       165  1.461e+13
       167  1.467e+13
       169  1.473e+13
       171  1.479e+13
       173  1.485e+13
       175  1.491e+13
       177  1.497e+13
       179  1.503e+13
       181  1.509e+13
     183.1  1.514e+13
     185.1   1.52e+13
     187.1  1.526e+13
     189.1  1.532e+13
     191.1  1.538e+13
     193.1  1.544e+13
     195.1  1.549e+13
     197.1  1.555e+13
     199.1  1.561e+13
     201.1  1.566e+13
     203.1  1.572e+13
     205.1  1.577e+13
     207.1  1.582e+13
     209.1  1.588e+13
     211.1  1.592e+13
     213.1  1.598e+13
     215.1  1.603e+13
     217.1  1.608e+13
     219.1  1.613e+13
     221.1  1.618e+13
     223.1  1.623e+13
     225.1  1.628e+13
     227.1  1.633e+13
     229.1  1.637e+13
     231.1  1.642e+13
     233.1  1.647e+13
     235.1  1.651e+13
     237.1  1.656e+13
     239.1  1.661e+13
     241.1  1.666e+13
     243.1   1.67e+13
     245.1  1.675e+13
     247.1   1.68e+13
     249.1  1.684e+13
     251.1  1.689e+13
     253.1  1.692e+13
     255.1  1.696e+13
     257.1  1.699e+13
     259.1  1.702e+13
     261.1  1.705e+13
     263.1  1.707e+13
     265.1  1.709e+13
     267.1  1.712e+13
     269.1  1.713e+13
     271.1  1.715e+13
     273.1  1.717e+13
     275.1  1.719e+13
     277.1   1.72e+13
     279.1  1.721e+13
     281.1  1.723e+13
     283.1  1.724e+13
     285.1  1.725e+13
     287.1  1.726e+13
     289.1  1.727e+13
     291.1  1.728e+13
     293.1  1.729e+13
     295.1   1.73e+13
     297.1  1.731e+13
     299.1  1.732e+13
     301.1  1.733e+13
     303.1  1.734e+13
     305.1  1.734e+13
     307.1  1.735e+13
     309.1  1.735e+13
     311.1  1.736e+13
     313.1  1.737e+13
     315.1  1.738e+13
     317.1  1.738e+13
     319.1  1.739e+13
     321.1  1.739e+13
     323.1  1.739e+13
     325.1   1.74e+13
     327.1   1.74e+13
     329.1   1.74e+13
     331.1   1.74e+13
     333.1   1.74e+13
     335.1  1.741e+13
     337.1  1.741e+13
     339.1  1.741e+13
     341.1  1.741e+13
     343.1  1.741e+13
     345.1  1.741e+13
     347.1  1.741e+13
     349.1  1.741e+13
     351.1  1.741e+13
