         1      14.47
     3.001      15.41
     5.001      16.09
     7.002       17.1
     9.002      18.07
        11      18.65
        13      19.14
        15      19.56
        17      19.77
     19.01      20.07
     21.01      20.19
     23.01      20.43
     25.01       20.6
     27.01      20.77
     29.01       20.9
     31.01      21.07
     33.01      21.13
     35.01      21.23
     37.01      21.32
     39.01      21.45
     41.01      21.55
     43.01      21.65
     45.01      21.76
     47.01      21.82
     49.01      21.86
     51.01       21.9
     53.01      22.04
     55.02      22.06
     57.02      22.15
     59.02      22.23
     61.02      22.31
     63.02      22.36
     65.02      22.39
     67.02      22.46
     69.02      22.53
     71.02      22.57
     73.02      22.61
     75.02      22.61
     77.02      22.69
     79.02       22.8
     81.02      22.79
     83.02      22.81
     85.02      22.86
     87.02      22.88
     89.02      22.95
     91.03      23.06
     93.03      23.07
     95.03      23.01
     97.03      23.01
     99.03      23.08
       101      23.12
       103      23.18
       105      23.21
       107      23.25
       109      23.29
       111      23.34
       113      23.36
       115      23.47
       117      23.44
       119      23.44
       121      23.54
       123      23.54
       125      23.59
       127      23.62
       129       23.6
       131      23.58
       133      23.58
       135      23.68
       137      23.69
       139      23.72
       141      23.74
       143      23.78
       145      23.84
       147      23.88
       149      23.92
       151      23.93
       153      23.91
       155      24.06
       157      24.07
       159      24.08
       161       24.1
       163      24.14
       165      24.22
       167      24.25
       169      24.27
       171      24.25
       173      24.28
       175      24.35
       177      24.34
       179      24.37
       181      24.39
     183.1       24.4
     185.1      24.38
     187.1      24.39
     189.1      24.48
     191.1      24.55
     193.1      24.57
     195.1      24.57
     197.1      24.57
     199.1      24.67
     201.1       24.7
     203.1      24.72
     205.1      24.75
     207.1      24.72
     209.1      24.77
     211.1      24.79
     213.1      24.77
     215.1      24.77
     217.1      24.82
     219.1      24.81
     221.1      24.91
     223.1      24.92
     225.1      24.98
     227.1      25.23
     229.1      25.14
     231.1      25.08
     233.1      25.08
     235.1      25.08
     237.1      25.17
     239.1      25.22
     241.1       25.2
     243.1      25.21
     245.1      25.38
     247.1      25.45
     249.1      25.41
     251.1      25.32
     253.1      25.45
     255.1      25.45
     257.1      25.43
     259.1      25.48
     261.1      25.43
     263.1      25.54
     265.1      25.44
     267.1      25.62
     269.1      25.62
     271.1      25.53
     273.1      25.61
     275.1      25.67
     277.1      25.66
     279.1      25.62
     281.1      25.52
     283.1      25.58
     285.1      25.64
     287.1      25.63
     289.1      25.74
     291.1      25.79
     293.1      25.62
     295.1      25.76
     297.1      25.66
     299.1      25.68
     301.1      25.67
     303.1      25.73
     305.1      26.01
     307.1       26.1
     309.1      25.86
     311.1      25.85
     313.1      25.84
     315.1       26.1
     317.1      26.19
     319.1      26.13
     321.1      26.97
     323.1      26.72
     325.1      26.18
     327.1      26.31
     329.1      26.22
     331.1      26.91
     333.1      27.67
     335.1      27.22
     337.1      26.01
     339.1      26.11
     341.1      25.92
     343.1      26.19
     345.1      26.43
     347.1      26.66
     349.1      26.66
     351.1      27.83
