     2.001  3.391e+10
     6.002   1.36e+11
        10  2.386e+11
     14.01  3.476e+11
     18.01  4.769e+11
     22.01  5.945e+11
     26.01  7.066e+11
     30.01  8.002e+11
     34.01  8.838e+11
     38.02  9.585e+11
     42.02  1.028e+12
     46.02  1.102e+12
     50.02  1.186e+12
     54.02  1.256e+12
     58.02  1.332e+12
     62.02  1.425e+12
     66.03  1.498e+12
     70.03  1.571e+12
     74.03  1.659e+12
     78.03  1.772e+12
     82.03  1.867e+12
     86.03  1.941e+12
     90.04  2.014e+12
     94.04  2.059e+12
     98.04  2.098e+12
       102  2.135e+12
       106  2.171e+12
       110  2.205e+12
       114  2.241e+12
       118  2.282e+12
       122  2.326e+12
       126  2.371e+12
     130.1  2.413e+12
     134.1  2.455e+12
     138.1  2.517e+12
     142.1  2.558e+12
     146.1  2.603e+12
     150.1  2.637e+12
     154.1  2.678e+12
     158.1  2.702e+12
     162.1  2.724e+12
     166.1  2.745e+12
     170.1  2.772e+12
     174.1  2.802e+12
     178.1  2.822e+12
     182.1  2.842e+12
     186.1  2.874e+12
     190.1  2.908e+12
     194.1  2.941e+12
     198.1  2.975e+12
     202.1  3.005e+12
     206.1  3.032e+12
     210.1  3.059e+12
     214.1  3.081e+12
     218.1  3.098e+12
     222.1  3.113e+12
     226.1   3.13e+12
     230.1   3.15e+12
     234.1  3.172e+12
     238.1  3.192e+12
     242.1  3.218e+12
     246.1  3.261e+12
     250.1  3.333e+12
     254.1  3.395e+12
     258.1  3.419e+12
     262.1  3.436e+12
     266.1  3.469e+12
     270.1  3.513e+12
     274.1  3.557e+12
     278.1  3.612e+12
     282.1  3.658e+12
     286.1  3.676e+12
     290.1  3.685e+12
     294.1  3.689e+12
     298.1  3.693e+12
     302.1  3.697e+12
     306.1    3.7e+12
     310.1  3.702e+12
     314.1  3.704e+12
     318.1  3.706e+12
     322.1   3.71e+12
     326.1  3.713e+12
     330.1  3.714e+12
     334.1  3.715e+12
     338.1  3.716e+12
     342.1  3.717e+12
     346.1  3.717e+12
     350.1  3.717e+12
