     2.001      18.53
     6.002      19.67
        10      20.16
     14.01      20.23
     18.01      20.48
     22.01      20.77
     26.01      21.05
     30.01      21.27
     34.01      21.53
     38.02      21.72
     42.02      21.85
     46.02      21.95
     50.02      22.16
     54.02      22.23
     58.02      22.38
     62.02      22.68
     66.03      22.86
     70.03      23.13
     74.03      23.29
     78.03       23.5
     82.03      23.51
     86.03      23.45
     90.04      23.84
     94.04      24.06
     98.04      24.03
       102      24.41
       106      24.63
       110      24.67
       114      24.77
       118       24.9
       122      24.83
       126      25.24
     130.1      25.47
     134.1      25.62
     138.1      25.94
     142.1      26.13
     146.1      26.51
     150.1         27
     154.1      26.85
     158.1      27.34
     162.1      28.22
     166.1      28.61
     170.1      28.33
     174.1      28.88
     178.1      29.96
     182.1      29.69
     186.1      29.93
     190.1      30.43
     194.1      29.99
     198.1      30.46
     202.1      31.56
     206.1      31.64
     210.1      31.92
     214.1      31.28
     218.1      32.14
     222.1      32.04
     226.1      31.79
     230.1      32.49
     234.1      33.27
     238.1      34.18
     242.1      33.74
     246.1      33.52
     250.1       34.9
     254.1      34.76
     258.1      35.15
     262.1       35.7
     266.1      35.48
     270.1      34.22
     274.1       34.2
     278.1       34.7
     282.1      34.55
     286.1      34.71
     290.1      34.38
     294.1      33.17
     298.1      33.57
     302.1      33.49
     306.1      33.56
     310.1      34.56
     314.1      36.23
     318.1       35.3
     322.1      34.86
     326.1      34.21
     330.1         36
     334.1      36.17
     338.1      38.51
     342.1       36.6
     346.1      38.82
     350.1      44.02
