     2.001      18.84
     6.002         20
        10      20.47
     14.01      20.52
     18.01      20.76
     22.01      21.05
     26.01      21.31
     30.01      21.51
     34.01      21.79
     38.02      21.97
     42.02       22.1
     46.02      22.19
     50.02      22.43
     54.02      22.49
     58.02      22.64
     62.02      22.96
     66.03      23.14
     70.03      23.42
     74.03      23.59
     78.03      23.79
     82.03       23.8
     86.03      23.73
     90.04      24.12
     94.04      24.33
     98.04       24.3
       102      24.68
       106       24.9
       110      24.94
       114      25.04
       118      25.17
       122       25.1
       126       25.5
     130.1      25.74
     134.1      25.89
     138.1      26.21
     142.1      26.39
     146.1      26.78
     150.1      27.27
     154.1      27.12
     158.1       27.6
     162.1      28.47
     166.1      28.85
     170.1      28.58
     174.1      29.12
     178.1       30.2
     182.1      29.93
     186.1      30.17
     190.1      30.67
     194.1      30.23
     198.1      30.71
     202.1      31.79
     206.1      31.85
     210.1      32.14
     214.1      31.49
     218.1      32.36
     222.1      32.29
     226.1      32.04
     230.1      32.73
     234.1       33.5
     238.1       34.4
     242.1      33.95
     246.1      33.72
     250.1      35.09
     254.1      34.95
     258.1      35.32
     262.1      35.87
     266.1      35.66
     270.1      34.41
     274.1       34.4
     278.1      34.89
     282.1      34.74
     286.1      34.91
     290.1      34.59
     294.1      33.38
     298.1      33.79
     302.1       33.7
     306.1      33.78
     310.1      34.76
     314.1      36.41
     318.1       35.5
     322.1      35.07
     326.1      34.42
     330.1      36.19
     334.1      36.35
     338.1      38.67
     342.1      36.79
     346.1      38.96
     350.1       44.1
