     2.001      18.51
     6.002      19.63
        10      20.14
     14.01      20.23
     18.01       20.5
     22.01      20.78
     26.01      21.08
     30.01      21.31
     34.01      21.57
     38.02      21.76
     42.02      21.89
     46.02         22
     50.02      22.19
     54.02      22.27
     58.02      22.42
     62.02      22.71
     66.03      22.89
     70.03      23.15
     74.03      23.31
     78.03      23.53
     82.03      23.54
     86.03      23.47
     90.04      23.87
     94.04       24.1
     98.04      24.07
       102      24.44
       106      24.67
       110       24.7
       114       24.8
       118      24.93
       122      24.86
       126      25.27
     130.1       25.5
     134.1      25.65
     138.1      25.97
     142.1      26.16
     146.1      26.53
     150.1      27.03
     154.1      26.88
     158.1      27.37
     162.1      28.25
     166.1      28.64
     170.1      28.36
     174.1      28.91
     178.1      29.99
     182.1      29.71
     186.1      29.95
     190.1      30.46
     194.1      30.02
     198.1      30.49
     202.1      31.59
     206.1      31.67
     210.1      31.95
     214.1      31.31
     218.1      32.17
     222.1      32.09
     226.1      31.84
     230.1      32.55
     234.1      33.33
     238.1      34.22
     242.1      33.78
     246.1      33.55
     250.1      34.93
     254.1      34.78
     258.1      35.17
     262.1      35.72
     266.1       35.5
     270.1      34.24
     274.1      34.22
     278.1      34.71
     282.1      34.56
     286.1      34.71
     290.1      34.39
     294.1      33.18
     298.1      33.58
     302.1      33.49
     306.1      33.57
     310.1      34.58
     314.1      36.25
     318.1       35.3
     322.1      34.85
     326.1      34.22
     330.1         36
     334.1      36.17
     338.1      38.52
     342.1      36.61
     346.1      38.84
     350.1      44.02
