         1  1.387e+11
     3.001  9.665e+11
     5.001  1.917e+12
     7.002  2.668e+12
     9.002  3.204e+12
        11  3.613e+12
        13  3.937e+12
        15  4.203e+12
        17  4.423e+12
     19.01  4.611e+12
     21.01  4.772e+12
     23.01  4.915e+12
     25.01  5.056e+12
     27.01   5.19e+12
     29.01  5.315e+12
     31.01  5.436e+12
     33.01  5.548e+12
     35.01  5.658e+12
     37.01  5.763e+12
     39.01  5.868e+12
     41.01   5.97e+12
     43.01  6.076e+12
     45.01  6.187e+12
     47.01  6.314e+12
     49.01  6.436e+12
     51.01  6.549e+12
     53.01  6.657e+12
     55.02  6.768e+12
     57.02  6.881e+12
     59.02  6.991e+12
     61.02  7.104e+12
     63.02  7.213e+12
     65.02  7.328e+12
     67.02  7.446e+12
     69.02  7.572e+12
     71.02  7.708e+12
     73.02  7.874e+12
     75.02  8.082e+12
     77.02  8.325e+12
     79.02  8.574e+12
     81.02  8.791e+12
     83.02  8.963e+12
     85.02   9.11e+12
     87.02  9.237e+12
     89.02  9.344e+12
     91.03  9.449e+12
     93.03  9.546e+12
     95.03  9.636e+12
     97.03  9.724e+12
     99.03  9.805e+12
       101  9.885e+12
       103   9.97e+12
       105  1.005e+13
       107  1.013e+13
       109   1.02e+13
       111  1.027e+13
       113  1.033e+13
       115   1.04e+13
       117  1.047e+13
       119  1.053e+13
       121  1.059e+13
       123  1.065e+13
       125  1.071e+13
       127  1.077e+13
       129  1.083e+13
       131   1.09e+13
       133  1.098e+13
       135  1.107e+13
       137  1.118e+13
       139  1.133e+13
       141  1.149e+13
       143  1.164e+13
       145  1.177e+13
       147  1.187e+13
       149  1.195e+13
       151  1.202e+13
       153  1.208e+13
       155  1.214e+13
       157  1.219e+13
       159  1.224e+13
       161  1.228e+13
       163  1.232e+13
       165  1.236e+13
       167  1.239e+13
       169  1.243e+13
       171  1.246e+13
       173  1.249e+13
       175  1.252e+13
       177  1.255e+13
       179  1.258e+13
       181  1.261e+13
     183.1  1.264e+13
     185.1  1.267e+13
     187.1   1.27e+13
     189.1  1.273e+13
     191.1  1.276e+13
     193.1  1.279e+13
     195.1  1.282e+13
     197.1  1.285e+13
     199.1  1.289e+13
     201.1  1.293e+13
     203.1  1.297e+13
     205.1  1.304e+13
     207.1  1.311e+13
     209.1  1.319e+13
     211.1  1.326e+13
     213.1  1.332e+13
     215.1  1.337e+13
     217.1  1.342e+13
     219.1  1.347e+13
     221.1  1.351e+13
     223.1  1.355e+13
     225.1   1.36e+13
     227.1  1.363e+13
     229.1  1.366e+13
     231.1   1.37e+13
     233.1  1.375e+13
     235.1  1.382e+13
     237.1  1.391e+13
     239.1  1.399e+13
     241.1  1.407e+13
     243.1  1.413e+13
     245.1  1.417e+13
     247.1  1.421e+13
     249.1  1.424e+13
     251.1  1.427e+13
     253.1  1.429e+13
     255.1  1.432e+13
     257.1  1.434e+13
     259.1  1.436e+13
     261.1  1.437e+13
     263.1  1.438e+13
     265.1  1.439e+13
     267.1   1.44e+13
     269.1  1.441e+13
     271.1  1.442e+13
     273.1  1.442e+13
     275.1  1.443e+13
     277.1  1.444e+13
     279.1  1.444e+13
     281.1  1.445e+13
     283.1  1.445e+13
     285.1  1.446e+13
     287.1  1.446e+13
     289.1  1.446e+13
     291.1  1.447e+13
     293.1  1.447e+13
     295.1  1.448e+13
     297.1  1.448e+13
     299.1  1.448e+13
     301.1  1.449e+13
     303.1  1.449e+13
     305.1  1.449e+13
     307.1  1.449e+13
     309.1   1.45e+13
     311.1   1.45e+13
     313.1   1.45e+13
     315.1   1.45e+13
     317.1  1.451e+13
     319.1  1.451e+13
     321.1  1.451e+13
     323.1  1.451e+13
     325.1  1.452e+13
     327.1  1.452e+13
     329.1  1.452e+13
     331.1  1.452e+13
     333.1  1.452e+13
     335.1  1.452e+13
     337.1  1.452e+13
     339.1  1.452e+13
     341.1  1.452e+13
     343.1  1.452e+13
     345.1  1.452e+13
     347.1  1.452e+13
     349.1  1.452e+13
     351.1  1.452e+13
