         1       14.9
     3.001      15.93
     5.001      17.02
     7.002      17.99
     9.002      18.75
        11      19.36
        13      19.74
        15      20.14
        17      20.41
     19.01       20.7
     21.01      20.95
     23.01      21.11
     25.01      21.22
     27.01      21.36
     29.01      21.41
     31.01      21.56
     33.01      21.71
     35.01      21.74
     37.01       21.8
     39.01      21.78
     41.01      21.88
     43.01      21.87
     45.01       21.9
     47.01      21.92
     49.01      22.04
     51.01      22.07
     53.01      22.12
     55.02      22.13
     57.02      22.21
     59.02      22.33
     61.02      22.36
     63.02      22.33
     65.02      22.38
     67.02      22.43
     69.02      22.42
     71.02      22.38
     73.02      22.36
     75.02      22.37
     77.02      22.43
     79.02      22.46
     81.02       22.5
     83.02      22.56
     85.02      22.65
     87.02       22.8
     89.02      22.88
     91.03      22.97
     93.03      23.02
     95.03      23.09
     97.03      23.18
     99.03      23.25
       101      23.24
       103      23.27
       105      23.33
       107      23.42
       109      23.53
       111      23.55
       113      23.55
       115      23.61
       117      23.64
       119      23.71
       121      23.82
       123      23.88
       125      23.97
       127      23.96
       129      23.97
       131      24.04
       133      24.06
       135      24.12
       137      24.12
       139      24.12
       141      24.15
       143      24.17
       145      24.17
       147      24.22
       149      24.24
       151      24.31
       153      24.39
       155      24.43
       157      24.49
       159      24.58
       161      24.62
       163      24.72
       165      24.79
       167      24.81
       169      24.83
       171      24.87
       173      24.83
       175      24.98
       177      25.07
       179      25.08
       181      25.12
     183.1       25.1
     185.1      25.12
     187.1      25.03
     189.1      25.08
     191.1      25.14
     193.1      25.22
     195.1      25.26
     197.1      25.23
     199.1      25.28
     201.1      25.25
     203.1      25.21
     205.1      25.27
     207.1      25.27
     209.1      25.25
     211.1      25.35
     213.1      25.35
     215.1      25.32
     217.1      25.29
     219.1      25.44
     221.1       25.6
     223.1      25.69
     225.1      25.68
     227.1      25.74
     229.1      25.81
     231.1      25.79
     233.1      25.84
     235.1      25.89
     237.1      25.91
     239.1      25.94
     241.1      26.15
     243.1      26.02
     245.1      26.05
     247.1      26.07
     249.1      26.48
     251.1      26.56
     253.1      26.43
     255.1      26.33
     257.1      26.31
     259.1      26.32
     261.1      26.91
     263.1      27.01
     265.1      26.92
     267.1      27.14
     269.1      27.06
     271.1      27.21
     273.1      26.87
     275.1       27.6
     277.1      27.68
     279.1      27.67
     281.1      27.52
     283.1      27.93
     285.1      28.23
     287.1      27.82
     289.1      27.32
     291.1      27.68
     293.1      27.87
     295.1      28.21
     297.1      28.55
     299.1      28.02
     301.1      28.47
     303.1      28.47
     305.1      28.45
     307.1      28.75
     309.1       29.1
     311.1      28.79
     313.1      28.93
     315.1      28.14
     317.1      27.89
     319.1      28.05
     321.1      27.75
     323.1      28.13
     325.1      28.71
     327.1      31.06
     329.1       30.4
     331.1      31.44
     333.1      29.65
     335.1      30.65
     337.1      30.38
     339.1       31.5
     341.1      30.29
     343.1      29.38
     345.1      32.17
     347.1       31.3
     349.1      29.22
     351.1      32.08
