         1  8.062e+10
     3.001  4.419e+11
     5.001  6.892e+11
     7.002  8.831e+11
     9.002  1.035e+12
        11  1.169e+12
        13  1.284e+12
        15  1.385e+12
        17  1.473e+12
     19.01  1.552e+12
     21.01  1.619e+12
     23.01  1.684e+12
     25.01  1.746e+12
     27.01  1.807e+12
     29.01  1.868e+12
     31.01  1.923e+12
     33.01   1.97e+12
     35.01  2.015e+12
     37.01  2.058e+12
     39.01  2.099e+12
     41.01  2.138e+12
     43.01  2.175e+12
     45.01   2.21e+12
     47.01  2.243e+12
     49.01  2.276e+12
     51.01  2.306e+12
     53.01  2.337e+12
     55.02  2.366e+12
     57.02  2.392e+12
     59.02  2.418e+12
     61.02  2.443e+12
     63.02  2.466e+12
     65.02  2.489e+12
     67.02  2.514e+12
     69.02  2.538e+12
     71.02  2.559e+12
     73.02  2.579e+12
     75.02  2.595e+12
     77.02  2.613e+12
     79.02   2.63e+12
     81.02  2.646e+12
     83.02  2.659e+12
     85.02  2.672e+12
     87.02  2.687e+12
     89.02  2.699e+12
     91.03  2.712e+12
     93.03  2.724e+12
     95.03  2.735e+12
     97.03  2.746e+12
     99.03  2.758e+12
       101  2.769e+12
       103   2.78e+12
       105   2.79e+12
       107  2.799e+12
       109  2.809e+12
       111  2.818e+12
       113  2.826e+12
       115  2.834e+12
       117  2.843e+12
       119  2.851e+12
       121   2.86e+12
       123  2.869e+12
       125  2.878e+12
       127  2.886e+12
       129  2.894e+12
       131  2.902e+12
       133   2.91e+12
       135  2.919e+12
       137  2.927e+12
       139  2.935e+12
       141  2.943e+12
       143   2.95e+12
       145  2.958e+12
       147  2.966e+12
       149  2.974e+12
       151  2.982e+12
       153  2.989e+12
       155  2.996e+12
       157  3.004e+12
       159  3.013e+12
       161  3.019e+12
       163  3.027e+12
       165  3.033e+12
       167  3.041e+12
       169  3.047e+12
       171  3.054e+12
       173  3.062e+12
       175  3.068e+12
       177  3.074e+12
       179   3.08e+12
       181  3.085e+12
     183.1  3.091e+12
     185.1  3.097e+12
     187.1  3.102e+12
     189.1  3.107e+12
     191.1  3.111e+12
     193.1  3.117e+12
     195.1  3.122e+12
     197.1  3.127e+12
     199.1  3.132e+12
     201.1  3.137e+12
     203.1  3.142e+12
     205.1  3.146e+12
     207.1   3.15e+12
     209.1  3.154e+12
     211.1  3.158e+12
     213.1  3.162e+12
     215.1  3.166e+12
     217.1  3.169e+12
     219.1  3.174e+12
     221.1  3.177e+12
     223.1   3.18e+12
     225.1  3.184e+12
     227.1  3.188e+12
     229.1  3.192e+12
     231.1  3.196e+12
     233.1  3.199e+12
     235.1  3.203e+12
     237.1  3.206e+12
     239.1  3.209e+12
     241.1  3.213e+12
     243.1  3.216e+12
     245.1   3.22e+12
     247.1  3.223e+12
     249.1  3.226e+12
     251.1  3.229e+12
     253.1  3.232e+12
     255.1  3.234e+12
     257.1  3.236e+12
     259.1  3.238e+12
     261.1   3.24e+12
     263.1  3.241e+12
     265.1  3.242e+12
     267.1  3.244e+12
     269.1  3.245e+12
     271.1  3.246e+12
     273.1  3.247e+12
     275.1  3.248e+12
     277.1  3.249e+12
     279.1   3.25e+12
     281.1  3.251e+12
     283.1  3.252e+12
     285.1  3.253e+12
     287.1  3.253e+12
     289.1  3.254e+12
     291.1  3.254e+12
     293.1  3.255e+12
     295.1  3.256e+12
     297.1  3.256e+12
     299.1  3.257e+12
     301.1  3.257e+12
     303.1  3.258e+12
     305.1  3.258e+12
     307.1  3.258e+12
     309.1  3.259e+12
     311.1  3.259e+12
     313.1  3.259e+12
     315.1  3.259e+12
     317.1   3.26e+12
     319.1   3.26e+12
     321.1   3.26e+12
     323.1   3.26e+12
     325.1  3.261e+12
     327.1  3.261e+12
     329.1  3.261e+12
     331.1  3.261e+12
     333.1  3.261e+12
     335.1  3.262e+12
     337.1  3.262e+12
     339.1  3.262e+12
     341.1  3.262e+12
     343.1  3.262e+12
     345.1  3.263e+12
     347.1  3.263e+12
     349.1  3.263e+12
     351.1  3.263e+12
