         1      15.49
     3.001      17.14
     5.001      18.55
     7.002      19.53
     9.002       20.1
        11      20.53
        13      20.94
        15      21.24
        17      21.54
     19.01      21.83
     21.01         22
     23.01      22.13
     25.01       22.3
     27.01       22.4
     29.01       22.5
     31.01      22.68
     33.01      22.82
     35.01      22.96
     37.01       23.1
     39.01      23.19
     41.01      23.31
     43.01      23.42
     45.01      23.52
     47.01      23.58
     49.01      23.71
     51.01      23.76
     53.01      23.84
     55.02      23.98
     57.02      24.07
     59.02       24.2
     61.02      24.27
     63.02      24.25
     65.02      24.31
     67.02       24.4
     69.02       24.5
     71.02      24.58
     73.02      24.76
     75.02      24.83
     77.02      24.86
     79.02      24.94
     81.02      25.06
     83.02       25.2
     85.02      25.19
     87.02      25.37
     89.02      25.38
     91.03      25.46
     93.03      25.68
     95.03      25.72
     97.03      25.66
     99.03      25.76
       101      25.86
       103      25.85
       105      25.96
       107      26.05
       109      26.12
       111      26.22
       113      26.53
       115      26.47
       117      26.34
       119      26.41
       121      26.36
       123      26.33
       125      26.52
       127      26.64
       129      26.81
       131      26.62
       133      26.69
       135      26.91
       137      27.19
       139      27.51
       141      27.58
       143      27.82
       145      27.75
       147      27.64
       149      28.28
       151      28.27
       153      28.95
       155      29.08
       157      28.88
       159      29.08
       161      29.89
       163      29.87
       165      29.03
       167      29.08
       169      29.34
       171      30.05
       173      29.75
       175      29.95
       177      30.09
       179      30.63
       181      30.69
     183.1      30.71
     185.1       31.1
     187.1      31.71
     189.1      32.21
     191.1      32.34
     193.1      31.97
     195.1      31.81
     197.1      31.61
     199.1      32.25
     201.1      31.97
     203.1      32.15
     205.1      32.58
     207.1      33.49
     209.1      33.72
     211.1      33.42
     213.1      33.91
     215.1      33.62
     217.1      33.75
     219.1      34.99
     221.1      34.63
     223.1      33.49
     225.1      33.58
     227.1      34.29
     229.1      35.08
     231.1      35.27
     233.1      35.41
     235.1      35.52
     237.1      35.93
     239.1      35.84
     241.1      35.82
     243.1      36.72
     245.1       36.4
     247.1      36.88
     249.1      36.93
     251.1      36.63
     253.1      37.46
     255.1      37.27
     257.1       37.9
     259.1      37.39
     261.1      37.98
     263.1      38.72
     265.1      38.93
     267.1      39.49
     269.1      39.11
     271.1      40.06
     273.1      40.65
     275.1      41.48
     277.1      40.11
     279.1      39.93
     281.1      39.32
     283.1      40.54
     285.1      40.94
     287.1      41.17
     289.1      40.72
     291.1      40.21
     293.1      41.33
     295.1      41.05
     297.1      42.56
     299.1      42.08
     301.1         43
     303.1      42.52
     305.1      41.63
     307.1      42.57
     309.1      41.29
     311.1      43.15
     313.1      42.08
     315.1      41.94
     317.1      40.44
     319.1      41.01
     321.1      42.62
     323.1      41.99
     325.1      42.15
     327.1      42.92
     329.1      43.96
     331.1      44.95
     333.1      42.98
     335.1      41.56
     337.1      40.53
     339.1      39.68
     341.1      39.59
     343.1      42.89
     345.1      46.06
     347.1      49.67
     349.1      45.47
     351.1      44.25
