         2  5.929e+10
     6.001  1.675e+11
        10  2.303e+11
        14  2.866e+11
        18  3.344e+11
     22.01  3.767e+11
     26.01  4.237e+11
     30.01  4.541e+11
     34.01  4.764e+11
     38.01  4.953e+11
     42.01  5.124e+11
     46.01  5.313e+11
     50.01  5.526e+11
     54.01  5.664e+11
     58.01   5.78e+11
     62.01  5.881e+11
     66.02      6e+11
     70.02  6.108e+11
     74.02  6.215e+11
     78.02  6.296e+11
     82.02  6.381e+11
     86.02  6.465e+11
     90.02  6.551e+11
     94.02  6.661e+11
     98.02   6.77e+11
       102  6.887e+11
       106  6.989e+11
       110   7.07e+11
       114  7.187e+11
       118  7.295e+11
       122  7.388e+11
       126  7.487e+11
       130  7.603e+11
       134  7.688e+11
       138  7.766e+11
       142  7.835e+11
       146   7.89e+11
       150  7.934e+11
       154  7.985e+11
       158  8.035e+11
       162  8.085e+11
       166   8.13e+11
       170  8.182e+11
       174  8.226e+11
       178  8.262e+11
       182  8.297e+11
       186   8.33e+11
       190   8.37e+11
       194  8.405e+11
       198  8.434e+11
       202  8.465e+11
       206  8.494e+11
       210  8.521e+11
     214.1  8.549e+11
     218.1  8.576e+11
     222.1  8.601e+11
     226.1  8.619e+11
     230.1   8.64e+11
     234.1  8.662e+11
     238.1  8.685e+11
     242.1  8.715e+11
     246.1  8.757e+11
     250.1  8.791e+11
     254.1  8.808e+11
     258.1  8.818e+11
     262.1  8.829e+11
     266.1   8.84e+11
     270.1  8.845e+11
     274.1  8.851e+11
     278.1  8.858e+11
     282.1  8.863e+11
     286.1  8.868e+11
     290.1  8.871e+11
     294.1  8.872e+11
     298.1  8.876e+11
     302.1  8.878e+11
     306.1   8.88e+11
     310.1  8.884e+11
     314.1  8.888e+11
     318.1  8.893e+11
     322.1  8.896e+11
     326.1  8.898e+11
     330.1  8.901e+11
     334.1  8.904e+11
     338.1  8.906e+11
     342.1  8.908e+11
     346.1  8.908e+11
     350.1  8.908e+11
