         2      17.71
     6.001      19.09
        10      19.74
        14      20.19
        18      20.56
     22.01      20.88
     26.01      21.22
     30.01      21.73
     34.01      21.95
     38.01      22.35
     42.01      22.57
     46.01      22.67
     50.01      23.07
     54.01      23.42
     58.01      23.71
     62.01      24.63
     66.02       24.6
     70.02      24.45
     74.02      24.83
     78.02       25.5
     82.02       25.6
     86.02      26.06
     90.02      26.95
     94.02      27.26
     98.02      28.79
       102      28.86
       106      29.48
       110       30.1
       114      29.14
       118      29.83
       122      31.79
       126      31.53
       130      30.65
       134      31.71
       138      32.98
       142       33.3
       146      34.39
       150      35.46
       154      35.21
       158      34.19
       162      36.14
       166      37.05
       170      36.41
       174      37.13
       178      37.42
       182      38.16
       186      38.79
       190      39.17
       194       39.7
       198      40.08
       202       39.8
       206       40.9
       210       40.1
     214.1      39.89
     218.1      41.83
     222.1      41.38
     226.1      42.98
     230.1      42.28
     234.1      42.64
     238.1      42.46
     242.1      43.28
     246.1      43.26
     250.1      43.92
     254.1      44.09
     258.1      45.35
     262.1       44.5
     266.1      45.35
     270.1      45.65
     274.1      44.94
     278.1      45.32
     282.1      45.37
     286.1      45.97
     290.1       47.7
     294.1      47.13
     298.1      46.13
     302.1      46.85
     306.1      46.93
     310.1      45.76
     314.1      45.46
     318.1      43.76
     322.1      45.73
     326.1      46.46
     330.1      44.67
     334.1      43.09
     338.1      43.58
     342.1      46.04
     346.1      49.27
     350.1         50
