     2.001  2.112e+10
     6.002  8.317e+10
        10  1.388e+11
     14.01  1.924e+11
     18.01  2.446e+11
     22.01  2.977e+11
     26.01  3.506e+11
     30.01  3.994e+11
     34.01  4.492e+11
     38.02  4.932e+11
     42.02  5.334e+11
     46.02  5.814e+11
     50.02  6.186e+11
     54.02  6.531e+11
     58.02  6.854e+11
     62.02  7.152e+11
     66.03  7.456e+11
     70.03  7.777e+11
     74.03  8.185e+11
     78.03  8.909e+11
     82.03  9.433e+11
     86.03  9.786e+11
     90.04  1.008e+12
     94.04  1.038e+12
     98.04  1.065e+12
       102  1.098e+12
       106  1.156e+12
       110  1.212e+12
       114  1.281e+12
       118  1.339e+12
       122  1.378e+12
       126  1.414e+12
     130.1  1.437e+12
     134.1  1.459e+12
     138.1  1.481e+12
     142.1  1.518e+12
     146.1  1.588e+12
     150.1  1.628e+12
     154.1  1.694e+12
     158.1  1.755e+12
     162.1  1.783e+12
     166.1  1.831e+12
     170.1  1.865e+12
     174.1  1.893e+12
     178.1  1.909e+12
     182.1  1.928e+12
     186.1  1.947e+12
     190.1   1.96e+12
     194.1  1.988e+12
     198.1  2.006e+12
     202.1  2.018e+12
     206.1  2.036e+12
     210.1  2.086e+12
     214.1   2.14e+12
     218.1  2.178e+12
     222.1  2.221e+12
     226.1  2.263e+12
     230.1  2.294e+12
     234.1  2.305e+12
     238.1  2.317e+12
     242.1  2.327e+12
     246.1  2.333e+12
     250.1  2.339e+12
     254.1  2.342e+12
     258.1  2.345e+12
     262.1  2.348e+12
     266.1  2.352e+12
     270.1  2.355e+12
     274.1  2.357e+12
     278.1  2.359e+12
     282.1  2.362e+12
     286.1  2.371e+12
     290.1  2.386e+12
     294.1  2.388e+12
     298.1  2.389e+12
     302.1   2.39e+12
     306.1  2.391e+12
     310.1  2.391e+12
     314.1  2.391e+12
     318.1  2.391e+12
     322.1  2.392e+12
     326.1  2.392e+12
     330.1  2.392e+12
     334.1  2.392e+12
     338.1  2.392e+12
     342.1  2.392e+12
     346.1  2.393e+12
     350.1  2.393e+12
