     2.001  1.851e+10
     6.002  9.207e+10
        10    1.7e+11
        14  2.444e+11
     18.01  3.116e+11
     22.01  3.698e+11
     26.01   4.18e+11
     30.01  4.648e+11
     34.01  5.148e+11
     38.01    5.6e+11
     42.01  6.056e+11
     46.01  6.452e+11
     50.02  6.825e+11
     54.02  7.194e+11
     58.02  7.537e+11
     62.02    7.8e+11
     66.02  8.067e+11
     70.02  8.342e+11
     74.02  8.576e+11
     78.02  8.828e+11
     82.03  9.062e+11
     86.03  9.321e+11
     90.03  9.565e+11
     94.03  9.815e+11
     98.03  1.005e+12
       102  1.022e+12
       106  1.042e+12
       110  1.061e+12
       114  1.077e+12
       118  1.095e+12
       122  1.111e+12
       126  1.127e+12
       130  1.141e+12
       134  1.156e+12
       138  1.169e+12
       142  1.182e+12
       146  1.197e+12
       150  1.212e+12
       154  1.226e+12
       158  1.238e+12
     162.1  1.249e+12
     166.1  1.259e+12
     170.1  1.269e+12
     174.1  1.277e+12
     178.1  1.286e+12
     182.1  1.294e+12
     186.1  1.302e+12
     190.1  1.311e+12
     194.1  1.321e+12
     198.1  1.328e+12
     202.1  1.338e+12
     206.1  1.345e+12
     210.1  1.354e+12
     214.1   1.36e+12
     218.1  1.365e+12
     222.1  1.371e+12
     226.1  1.376e+12
     230.1   1.38e+12
     234.1  1.384e+12
     238.1  1.388e+12
     242.1  1.391e+12
     246.1  1.395e+12
     250.1  1.399e+12
     254.1  1.402e+12
     258.1  1.405e+12
     262.1  1.409e+12
     266.1   1.41e+12
     270.1  1.412e+12
     274.1  1.413e+12
     278.1  1.414e+12
     282.1  1.416e+12
     286.1  1.417e+12
     290.1  1.418e+12
     294.1  1.418e+12
     298.1  1.419e+12
     302.1   1.42e+12
     306.1   1.42e+12
     310.1   1.42e+12
     314.1  1.421e+12
     318.1  1.421e+12
     322.1  1.421e+12
     326.1  1.421e+12
     330.1  1.421e+12
     334.1  1.422e+12
     338.1  1.422e+12
     342.1  1.422e+12
     346.1  1.422e+12
     350.1  1.422e+12
