     2.001       19.1
     6.002      20.08
        10      20.37
        14      20.76
     18.01       21.2
     22.01      21.49
     26.01      21.81
     30.01      21.97
     34.01      22.17
     38.01      22.41
     42.01      22.61
     46.01      22.72
     50.02      22.98
     54.02      23.09
     58.02      23.33
     62.02      23.52
     66.02      23.72
     70.02      23.84
     74.02      23.91
     78.02      24.04
     82.03      24.31
     86.03      24.64
     90.03      24.44
     94.03      24.82
     98.03      24.96
       102      25.48
       106       25.3
       110      25.68
       114      25.71
       118      26.12
       122      26.11
       126      26.17
       130      26.48
       134      26.82
       138      27.27
       142      27.64
       146      28.11
       150       28.9
       154      28.95
       158      28.56
     162.1      29.44
     166.1       29.7
     170.1      30.38
     174.1      30.09
     178.1      30.98
     182.1      31.76
     186.1      32.52
     190.1      32.18
     194.1       33.5
     198.1      34.12
     202.1       34.3
     206.1      34.61
     210.1      35.17
     214.1      35.82
     218.1      36.33
     222.1      37.01
     226.1      38.35
     230.1      39.19
     234.1      40.04
     238.1      39.59
     242.1      40.57
     246.1      40.68
     250.1      41.65
     254.1       41.1
     258.1      41.78
     262.1      42.41
     266.1      42.37
     270.1      42.47
     274.1      42.32
     278.1      41.01
     282.1      42.23
     286.1      43.14
     290.1      44.26
     294.1      44.52
     298.1      43.49
     302.1      43.82
     306.1      44.63
     310.1      45.37
     314.1      45.94
     318.1      46.97
     322.1      45.58
     326.1      43.67
     330.1      44.75
     334.1      47.21
     338.1      46.05
     342.1      44.82
     346.1      45.54
     350.1      38.27
