     2.001      18.81
     6.002       19.8
        10       20.1
        14       20.5
     18.01      20.94
     22.01      21.24
     26.01      21.56
     30.01      21.72
     34.01      21.92
     38.01      22.14
     42.01      22.35
     46.01      22.47
     50.02      22.72
     54.02      22.83
     58.02      23.07
     62.02      23.26
     66.02      23.45
     70.02      23.57
     74.02      23.64
     78.02      23.77
     82.03      24.03
     86.03      24.36
     90.03      24.16
     94.03      24.54
     98.03      24.69
       102       25.2
       106      25.04
       110      25.41
       114      25.43
       118      25.85
       122      25.83
       126       25.9
       130      26.19
       134      26.52
       138      26.96
       142      27.37
       146      27.85
       150      28.65
       154      28.69
       158       28.3
     162.1       29.2
     166.1      29.45
     170.1      30.13
     174.1      29.85
     178.1      30.72
     182.1      31.51
     186.1      32.29
     190.1      31.95
     194.1      33.29
     198.1      33.92
     202.1      34.05
     206.1      34.32
     210.1      34.98
     214.1      35.63
     218.1      36.16
     222.1      36.84
     226.1      38.14
     230.1      38.91
     234.1      39.81
     238.1      39.32
     242.1      40.39
     246.1      40.56
     250.1      41.52
     254.1      40.99
     258.1      41.69
     262.1      42.31
     266.1      42.27
     270.1      42.38
     274.1      42.24
     278.1      40.92
     282.1      42.15
     286.1      43.07
     290.1      44.19
     294.1      44.45
     298.1      43.41
     302.1      43.76
     306.1      44.57
     310.1       45.3
     314.1      45.88
     318.1      46.95
     322.1      45.54
     326.1      43.59
     330.1      44.68
     334.1      47.18
     338.1      45.99
     342.1      44.76
     346.1      45.49
     350.1      38.16
