D3        0      0      0    250.91 3.4688e+13 379.44 4.7986e+13 3.1527e+11  4.199e+11  5.544e+11 2.8579e+11 
D4       36      2     36    173.18 1.1342e+13 265.25 1.6302e+13 1.2869e+11 1.6195e+11 2.2539e+11 1.0693e+11 
D5        0      0      0    221.38 2.3693e+13  356.5 3.9576e+13 2.2235e+11 2.6014e+11 4.3466e+11 1.9693e+11 
D6       82      1     82    289.93  5.322e+13 429.06 6.8995e+13 3.2553e+11 4.4891e+11  5.774e+11 3.1856e+11 
D7        0      0      0    333.87 8.1723e+13 526.17 1.2796e+14 4.6757e+11 5.8047e+11 6.7196e+11 4.8628e+11 
D9        0      0      0    199.44 1.7324e+13 317.32 2.7909e+13 2.1595e+11 2.6101e+11 2.8616e+11 1.8054e+11 
D12       2      0      0    326.97 7.6762e+13 489.36 1.0294e+14 1.8939e+11 2.5011e+11 3.0083e+11 2.0035e+11 
D16      91      1     91    321.64 7.3066e+13 480.89 9.7684e+13 3.3732e+11 4.4857e+11 5.2763e+11 3.4917e+11 
D22       0      0      0    419.43 1.6203e+14  651.1 2.4245e+14 4.8314e+11 6.8451e+11 8.7924e+11 6.2489e+11 
D24       0      0      0    354.42 9.7763e+13 552.99 1.4854e+14 3.1759e+11 4.4105e+11 5.8604e+11 3.5215e+11 
D29     126      2    126    271.97 4.4175e+13 414.55 6.2577e+13 1.8856e+11 3.2397e+11 4.1458e+11 1.7776e+11

