D3        0      0      0 250.91 3.4688e+13 379.44 4.7986e+13 3.1527e+11  4.199e+11  5.544e+11 2.8579e+11 
D4       23      1     23 187.41 1.4374e+13 270.77 1.7341e+13 1.1152e+11 1.2326e+11 1.3743e+11 9.5007e+10 
D5        0      0      0 221.38 2.3693e+13  356.5 3.9576e+13 2.2235e+11 2.6014e+11 4.3466e+11 1.9693e+11 
D6        0      0      0 306.35 6.2782e+13 484.75 9.9497e+13 3.2379e+11 4.1812e+11 5.4964e+11 3.2763e+11 
D7        0      0      0 333.87 8.1723e+13 526.17 1.2796e+14 4.6757e+11 5.8047e+11 6.7196e+11 4.8628e+11 
D9        0      0      0 199.44 1.7324e+13 317.32 2.7909e+13 2.1595e+11 2.6101e+11 2.8616e+11 1.8054e+11 
D12       0      0      0 326.97 7.6762e+13 489.36 1.0294e+14  1.848e+11 2.3985e+11 3.0761e+11 1.9185e+11 
D16       0      0      0 335.15 8.2666e+13 531.64 1.3198e+14 7.3407e+10 1.5031e+11 2.3147e+11 9.5231e+10 
D22       0      0      0 419.43 1.6203e+14  651.1 2.4245e+14 4.8314e+11 6.8451e+11 8.7924e+11 6.2489e+11 
D24       0      0      0 354.42 9.7763e+13 552.99 1.4854e+14 3.1759e+11 4.4105e+11 5.8604e+11 3.5215e+11 
D29       0      0      0 279.88 4.8145e+13 436.11 7.2854e+13 2.6041e+11 3.3684e+11  4.287e+11 2.5176e+11 
