D4        0      0      0 351.73 3.5137e+13  541.9 5.1397e+13 1.6184e+11 2.1631e+11 3.2807e+11 1.7578e+11 
D3        0      0      0 549.58 1.3403e+14 872.02 2.1417e+14 3.3124e+11 5.0402e+11  7.161e+11 5.7276e+11 
D5        0      0      0 381.03  4.467e+13 604.72 7.1424e+13 2.6715e+11  3.633e+11 4.2994e+11 3.1156e+11 
D6        0      0      0 618.28 1.9085e+14 949.21 2.7623e+14 3.1596e+11 5.3399e+11 6.9375e+11 6.2861e+11 
D7      231      1    231 628.75  2.007e+14 960.23 2.8596e+14 4.7189e+11 6.2671e+11 7.6133e+11  7.151e+11 
D9        0      0      0 378.42 4.3757e+13 575.42 6.1537e+13 2.1671e+11 3.0153e+11 3.4496e+11 2.5323e+11 
D12       0      0      0 552.07 1.3587e+14 909.97 2.4337e+14  3.627e+11 5.0269e+11 6.7542e+11 5.3746e+11 
D16       0      0      0 872.93  5.371e+14 1256.4 6.4057e+14 3.3791e+11 5.7696e+11 9.2505e+11 1.1377e+12 
D22       0      0      0 716.42 2.9691e+14 1080.6  4.075e+14  5.577e+11 8.6629e+11  1.043e+12 1.0587e+12 
D24       0      0      0 743.03 3.3123e+14 1228.5 5.9881e+14 5.0443e+11 7.5582e+11 9.5454e+11 1.0002e+12 
D29       0      0      0  611.8  1.849e+14 958.54 2.8445e+14 3.5256e+11 5.7374e+11 8.3786e+11 7.2615e+11 
