D3        0      0      0   1161 4.7152e+14 1777.9 6.7736e+14 3.2996e+11 5.9783e+11 8.5664e+11 1.3426e+12 
D4        0      0      0   1008  3.086e+14 1626.7 5.1886e+14 2.5397e+11  4.526e+11 6.5377e+11 9.1736e+11 
D5      156      1    156 731.45 1.1792e+14 1101.1 1.6091e+14 2.3222e+11 3.9887e+11 5.4034e+11 5.5755e+11 
D6        0      0      0 1508.3  1.034e+15   2349 1.5622e+15 4.1217e+11 7.0909e+11 1.0363e+12 2.4166e+12 
D7        0      0      0 1512.6 1.0429e+15 2333.3  1.531e+15 5.7247e+11  1.006e+12 1.4293e+12 2.8759e+12 
D9        0      0      0 677.56  9.373e+13 1051.4 1.4008e+14 1.8689e+11 3.1145e+11  4.004e+11 3.9073e+11 
D12       0      0      0 1713.5  1.516e+15 2633.8  2.202e+15  4.157e+11 8.0229e+11 1.0717e+12 2.1281e+12 
D16       0      0      0 2057.5 2.6246e+15 3159.6 3.8017e+15 5.3467e+11 1.0462e+12 1.4846e+12 3.3767e+12 
D22       0      0      0   1769 1.6682e+15 2624.9 2.1799e+15 5.8095e+11 1.0246e+12 1.4175e+12 3.5006e+12 
D24       0      0      0 1564.1  1.153e+15 2328.6 1.5219e+15 5.7333e+11 1.0007e+12 1.3637e+12 2.7661e+12 
D29       0      0      0 1577.7 1.1834e+15 2436.1 1.7426e+15 3.1788e+11 5.9513e+11 8.3688e+11 1.7534e+12 
