     2.001  3.448e+10
     6.002   1.39e+11
        10  2.954e+11
        14  4.694e+11
        18  6.449e+11
     22.01  8.217e+11
     26.01  9.905e+11
     30.01  1.154e+12
     34.01   1.31e+12
     38.01  1.462e+12
     42.01  1.609e+12
     46.01  1.749e+12
     50.01  1.881e+12
     54.01  2.005e+12
     58.02  2.122e+12
     62.02  2.239e+12
     66.02  2.349e+12
     70.02  2.466e+12
     74.02  2.594e+12
     78.02  2.709e+12
     82.02  2.822e+12
     86.02  2.918e+12
     90.02  3.017e+12
     94.03   3.12e+12
     98.03  3.211e+12
       102  3.293e+12
       106  3.369e+12
       110  3.454e+12
       114  3.543e+12
       118  3.629e+12
       122  3.705e+12
       126  3.778e+12
       130  3.854e+12
       134  3.928e+12
       138  3.995e+12
       142  4.064e+12
       146  4.127e+12
       150  4.184e+12
       154  4.245e+12
       158  4.307e+12
       162  4.378e+12
       166  4.455e+12
       170  4.524e+12
       174  4.593e+12
       178  4.662e+12
     182.1  4.723e+12
     186.1  4.771e+12
     190.1  4.819e+12
     194.1  4.862e+12
     198.1  4.906e+12
     202.1  4.947e+12
     206.1  4.992e+12
     210.1  5.038e+12
     214.1  5.081e+12
     218.1  5.119e+12
     222.1  5.172e+12
     226.1  5.219e+12
     230.1  5.256e+12
     234.1  5.291e+12
     238.1  5.329e+12
     242.1  5.385e+12
     246.1  5.431e+12
     250.1  5.468e+12
     254.1    5.5e+12
     258.1  5.528e+12
     262.1   5.55e+12
     266.1  5.567e+12
     270.1  5.581e+12
     274.1  5.592e+12
     278.1  5.604e+12
     282.1   5.62e+12
     286.1   5.64e+12
     290.1  5.652e+12
     294.1   5.66e+12
     298.1  5.666e+12
     302.1  5.672e+12
     306.1  5.677e+12
     310.1  5.683e+12
     314.1  5.687e+12
     318.1   5.69e+12
     322.1  5.693e+12
     326.1  5.695e+12
     330.1  5.697e+12
     334.1  5.699e+12
     338.1    5.7e+12
     342.1  5.701e+12
     346.1  5.701e+12
     350.1  5.702e+12
