     2.001      19.33
     6.002      20.01
        10      20.16
        14       20.4
        18      20.64
     22.01      20.82
     26.01      21.02
     30.01       21.2
     34.01      21.42
     38.01      21.56
     42.01      21.75
     46.01      21.91
     50.01       22.1
     54.01      22.28
     58.02      22.42
     62.02      22.51
     66.02      22.69
     70.02      22.71
     74.02      22.81
     78.02      22.91
     82.02      23.07
     86.02      23.22
     90.02      23.27
     94.03      23.38
     98.03       23.5
       102       23.6
       106      23.61
       110       23.7
       114      23.81
       118       23.9
       122      23.94
       126      23.99
       130      24.08
       134      24.19
       138      24.17
       142       24.3
       146      24.37
       150      24.43
       154       24.4
       158      24.48
       162      24.55
       166      24.58
       170      24.66
       174      24.75
       178      24.83
     182.1      24.95
     186.1         25
     190.1      25.14
     194.1      25.29
     198.1      25.31
     202.1      25.66
     206.1      25.77
     210.1      25.94
     214.1      26.07
     218.1       26.2
     222.1      26.03
     226.1      26.35
     230.1       26.6
     234.1      26.73
     238.1      27.14
     242.1      27.05
     246.1      27.39
     250.1      27.41
     254.1      28.06
     258.1      27.82
     262.1      28.52
     266.1      28.74
     270.1      28.87
     274.1      29.63
     278.1      30.12
     282.1      29.73
     286.1      29.65
     290.1      29.46
     294.1      30.01
     298.1      31.29
     302.1      32.27
     306.1      31.68
     310.1      30.66
     314.1      31.23
     318.1      30.26
     322.1       29.8
     326.1      31.27
     330.1      30.34
     334.1      30.91
     338.1      32.06
     342.1      31.76
     346.1      32.96
     350.1      33.62
