     2.001       19.3
     6.002      19.93
        10       20.1
        14      20.36
        18      20.59
     22.01      20.78
     26.01      20.98
     30.01      21.16
     34.01      21.37
     38.01      21.53
     42.01      21.71
     46.01      21.86
     50.01      22.05
     54.01      22.23
     58.02      22.37
     62.02      22.47
     66.02      22.64
     70.02      22.67
     74.02      22.76
     78.02      22.86
     82.02      23.03
     86.02      23.17
     90.02      23.22
     94.03      23.32
     98.03      23.44
       102      23.54
       106      23.56
       110      23.64
       114      23.75
       118      23.85
       122      23.88
       126      23.94
       130      24.02
       134      24.13
       138      24.12
       142      24.24
       146      24.32
       150      24.38
       154      24.35
       158      24.43
       162      24.49
       166      24.52
       170       24.6
       174      24.69
       178      24.77
     182.1       24.9
     186.1      24.94
     190.1      25.08
     194.1      25.23
     198.1      25.24
     202.1       25.6
     206.1      25.71
     210.1      25.89
     214.1      26.01
     218.1      26.14
     222.1      25.97
     226.1      26.29
     230.1      26.55
     234.1      26.68
     238.1      27.08
     242.1      26.99
     246.1      27.34
     250.1      27.35
     254.1      28.01
     258.1      27.76
     262.1      28.47
     266.1      28.68
     270.1      28.82
     274.1      29.58
     278.1      30.06
     282.1      29.67
     286.1      29.58
     290.1       29.4
     294.1      29.94
     298.1      31.24
     302.1      32.21
     306.1      31.62
     310.1       30.6
     314.1      31.18
     318.1      30.21
     322.1      29.75
     326.1      31.22
     330.1      30.28
     334.1      30.84
     338.1         32
     342.1       31.7
     346.1      32.89
     350.1      33.56
