     2.001      19.64
     6.002      20.37
        10      20.51
        14      20.74
        18      20.98
     22.01      21.14
     26.01      21.35
     30.01      21.52
     34.01      21.75
     38.01      21.89
     42.01      22.08
     46.01      22.24
     50.01      22.43
     54.01      22.62
     58.02      22.77
     62.02      22.85
     66.02      23.04
     70.02      23.07
     74.02      23.16
     78.02      23.26
     82.02      23.42
     86.02      23.56
     90.02      23.63
     94.03      23.73
     98.03      23.86
       102      23.96
       106      23.96
       110      24.05
       114      24.18
       118      24.27
       122       24.3
       126      24.35
       130      24.43
       134      24.56
       138      24.54
       142      24.67
       146      24.74
       150      24.79
       154      24.76
       158      24.84
       162       24.9
       166      24.95
       170      25.02
       174      25.12
       178       25.2
     182.1      25.31
     186.1      25.36
     190.1       25.5
     194.1      25.67
     198.1      25.68
     202.1      26.04
     206.1      26.15
     210.1       26.3
     214.1      26.42
     218.1      26.56
     222.1       26.4
     226.1      26.72
     230.1      26.96
     234.1      27.08
     238.1       27.5
     242.1      27.41
     246.1      27.75
     250.1      27.77
     254.1       28.4
     258.1      28.16
     262.1      28.86
     266.1      29.08
     270.1      29.21
     274.1      29.95
     278.1      30.44
     282.1      30.07
     286.1      29.99
     290.1      29.81
     294.1      30.34
     298.1       31.6
     302.1      32.57
     306.1      31.99
     310.1      30.98
     314.1      31.54
     318.1       30.6
     322.1      30.13
     326.1      31.58
     330.1      30.67
     334.1      31.25
     338.1      32.37
     342.1      32.09
     346.1      33.28
     350.1       33.9
