         1  1.783e+11
     3.001  1.048e+12
     5.001   1.88e+12
     7.002  2.476e+12
     9.002  2.945e+12
        11   3.35e+12
        13  3.707e+12
        15   4.03e+12
        17  4.333e+12
     19.01  4.616e+12
     21.01  4.879e+12
     23.01  5.132e+12
     25.01  5.382e+12
     27.01  5.618e+12
     29.01  5.848e+12
     31.01  6.068e+12
     33.01   6.27e+12
     35.01  6.446e+12
     37.01  6.618e+12
     39.01  6.781e+12
     41.01  6.928e+12
     43.01  7.071e+12
     45.01  7.209e+12
     47.01   7.34e+12
     49.01   7.46e+12
     51.01  7.587e+12
     53.01  7.702e+12
     55.02  7.821e+12
     57.02  7.937e+12
     59.02   8.05e+12
     61.02  8.159e+12
     63.02  8.262e+12
     65.02  8.362e+12
     67.02  8.461e+12
     69.02  8.561e+12
     71.02  8.658e+12
     73.02   8.75e+12
     75.02  8.841e+12
     77.02  8.931e+12
     79.02   9.02e+12
     81.02  9.111e+12
     83.02  9.201e+12
     85.02  9.285e+12
     87.02  9.368e+12
     89.02  9.452e+12
     91.03  9.535e+12
     93.03  9.617e+12
     95.03  9.698e+12
     97.03  9.779e+12
     99.03  9.857e+12
       101  9.936e+12
       103  1.001e+13
       105   1.01e+13
       107  1.017e+13
       109  1.026e+13
       111  1.034e+13
       113  1.041e+13
       115   1.05e+13
       117  1.058e+13
       119  1.066e+13
       121  1.074e+13
       123  1.082e+13
       125   1.09e+13
       127  1.098e+13
       129  1.106e+13
       131  1.113e+13
       133   1.12e+13
       135  1.128e+13
       137  1.135e+13
       139  1.142e+13
       141   1.15e+13
       143  1.157e+13
       145  1.165e+13
       147  1.173e+13
       149  1.181e+13
       151  1.189e+13
       153  1.196e+13
       155  1.203e+13
       157   1.21e+13
       159  1.215e+13
       161  1.221e+13
       163  1.226e+13
       165  1.231e+13
       167  1.236e+13
       169  1.241e+13
       171  1.246e+13
       173  1.251e+13
       175  1.256e+13
       177  1.261e+13
       179  1.265e+13
       181  1.269e+13
     183.1  1.273e+13
     185.1  1.277e+13
     187.1  1.282e+13
     189.1  1.286e+13
     191.1   1.29e+13
     193.1  1.294e+13
     195.1  1.298e+13
     197.1  1.302e+13
     199.1  1.306e+13
     201.1   1.31e+13
     203.1  1.314e+13
     205.1  1.317e+13
     207.1  1.321e+13
     209.1  1.325e+13
     211.1  1.329e+13
     213.1  1.333e+13
     215.1  1.337e+13
     217.1   1.34e+13
     219.1  1.344e+13
     221.1  1.347e+13
     223.1  1.351e+13
     225.1  1.354e+13
     227.1  1.358e+13
     229.1  1.361e+13
     231.1  1.364e+13
     233.1  1.367e+13
     235.1  1.371e+13
     237.1  1.374e+13
     239.1  1.377e+13
     241.1   1.38e+13
     243.1  1.383e+13
     245.1  1.386e+13
     247.1   1.39e+13
     249.1  1.392e+13
     251.1  1.395e+13
     253.1  1.398e+13
     255.1    1.4e+13
     257.1  1.402e+13
     259.1  1.404e+13
     261.1  1.406e+13
     263.1  1.407e+13
     265.1  1.409e+13
     267.1   1.41e+13
     269.1  1.412e+13
     271.1  1.413e+13
     273.1  1.414e+13
     275.1  1.415e+13
     277.1  1.416e+13
     279.1  1.417e+13
     281.1  1.418e+13
     283.1  1.419e+13
     285.1   1.42e+13
     287.1  1.421e+13
     289.1  1.422e+13
     291.1  1.423e+13
     293.1  1.423e+13
     295.1  1.424e+13
     297.1  1.425e+13
     299.1  1.425e+13
     301.1  1.426e+13
     303.1  1.427e+13
     305.1  1.427e+13
     307.1  1.428e+13
     309.1  1.428e+13
     311.1  1.429e+13
     313.1  1.429e+13
     315.1  1.429e+13
     317.1  1.429e+13
     319.1   1.43e+13
     321.1   1.43e+13
     323.1   1.43e+13
     325.1   1.43e+13
     327.1   1.43e+13
     329.1  1.431e+13
     331.1  1.431e+13
     333.1  1.431e+13
     335.1  1.431e+13
     337.1  1.431e+13
     339.1  1.431e+13
     341.1  1.431e+13
     343.1  1.431e+13
     345.1  1.431e+13
     347.1  1.431e+13
     349.1  1.431e+13
     351.1  1.431e+13
