         1      14.42
     3.001      16.04
     5.001      17.39
     7.002      18.42
     9.002      18.91
        11      19.34
        13      19.69
        15      19.89
        17      20.06
     19.01      20.25
     21.01      20.46
     23.01      20.54
     25.01      20.71
     27.01      20.84
     29.01      20.98
     31.01      21.18
     33.01      21.27
     35.01       21.4
     37.01      21.48
     39.01      21.63
     41.01      21.79
     43.01      21.83
     45.01      21.92
     47.01      22.02
     49.01       22.1
     51.01      22.15
     53.01      22.19
     55.02      22.18
     57.02      22.31
     59.02      22.39
     61.02      22.41
     63.02      22.46
     65.02      22.51
     67.02      22.62
     69.02      22.66
     71.02      22.76
     73.02      22.77
     75.02      22.83
     77.02      22.94
     79.02      22.94
     81.02      22.89
     83.02      23.01
     85.02       23.1
     87.02       23.1
     89.02      23.15
     91.03      23.19
     93.03      23.25
     95.03      23.32
     97.03      23.32
     99.03      23.34
       101      23.42
       103      23.46
       105      23.48
       107      23.52
       109      23.55
       111      23.58
       113      23.61
       115       23.6
       117      23.64
       119       23.7
       121      23.67
       123      23.66
       125      23.73
       127       23.8
       129      23.87
       131      23.86
       133      23.91
       135      23.92
       137      23.91
       139      23.98
       141      23.96
       143      23.95
       145      23.94
       147      23.92
       149         24
       151      24.04
       153      24.04
       155      24.14
       157      24.25
       159       24.3
       161      24.28
       163      24.29
       165       24.4
       167      24.44
       169       24.5
       171      24.48
       173       24.6
       175      24.59
       177       24.6
       179      24.65
       181      24.72
     183.1      24.79
     185.1      24.74
     187.1      24.74
     189.1      24.79
     191.1      24.84
     193.1       24.9
     195.1      24.96
     197.1      24.95
     199.1      24.98
     201.1      25.04
     203.1      25.09
     205.1         25
     207.1      24.98
     209.1         25
     211.1      25.07
     213.1      25.19
     215.1      25.13
     217.1      25.15
     219.1      25.18
     221.1      25.29
     223.1      25.28
     225.1      25.26
     227.1      25.24
     229.1      25.28
     231.1      25.27
     233.1      25.36
     235.1      25.48
     237.1      25.41
     239.1      25.42
     241.1      25.53
     243.1      25.64
     245.1      25.76
     247.1      25.75
     249.1      25.71
     251.1      25.65
     253.1      25.68
     255.1      25.68
     257.1      25.67
     259.1      25.64
     261.1      25.74
     263.1      25.87
     265.1      25.84
     267.1      25.77
     269.1      25.88
     271.1      26.11
     273.1      26.36
     275.1      26.12
     277.1      26.14
     279.1      25.98
     281.1      26.04
     283.1      26.14
     285.1       26.2
     287.1      26.66
     289.1      26.37
     291.1      26.36
     293.1      26.23
     295.1      26.38
     297.1      26.61
     299.1      26.52
     301.1      26.08
     303.1      26.46
     305.1      26.74
     307.1      26.53
     309.1      26.46
     311.1      27.09
     313.1      27.83
     315.1      26.86
     317.1      26.83
     319.1      26.69
     321.1      27.21
     323.1      27.43
     325.1      27.12
     327.1      27.02
     329.1      27.35
     331.1      28.03
     333.1      28.56
     335.1      28.73
     337.1      27.23
     339.1      27.74
     341.1      28.23
     343.1      30.31
     345.1      30.24
     347.1      28.43
     349.1      27.22
     351.1       33.5
