         1  1.442e+11
     3.001  6.916e+11
     5.001  1.196e+12
     7.002  1.627e+12
     9.002  1.972e+12
        11  2.289e+12
        13  2.574e+12
        15   2.83e+12
        17  3.071e+12
     19.01  3.289e+12
     21.01  3.497e+12
     23.01  3.691e+12
     25.01  3.874e+12
     27.01  4.055e+12
     29.01  4.226e+12
     31.01  4.389e+12
     33.01  4.543e+12
     35.01  4.688e+12
     37.01  4.833e+12
     39.01  4.972e+12
     41.01  5.109e+12
     43.01  5.241e+12
     45.01  5.368e+12
     47.01   5.49e+12
     49.01   5.61e+12
     51.01  5.729e+12
     53.01  5.849e+12
     55.02  5.968e+12
     57.02  6.075e+12
     59.02   6.18e+12
     61.02  6.278e+12
     63.02  6.371e+12
     65.02  6.468e+12
     67.02  6.565e+12
     69.02  6.677e+12
     71.02  6.789e+12
     73.02  6.893e+12
     75.02  6.995e+12
     77.02   7.09e+12
     79.02  7.173e+12
     81.02  7.251e+12
     83.02  7.324e+12
     85.02  7.398e+12
     87.02  7.466e+12
     89.02  7.533e+12
     91.03  7.597e+12
     93.03   7.66e+12
     95.03  7.721e+12
     97.03   7.78e+12
     99.03  7.839e+12
       101  7.894e+12
       103   7.95e+12
       105  8.003e+12
       107  8.057e+12
       109  8.117e+12
       111  8.188e+12
       113  8.266e+12
       115  8.335e+12
       117  8.391e+12
       119  8.447e+12
       121  8.502e+12
       123  8.555e+12
       125  8.604e+12
       127  8.652e+12
       129  8.707e+12
       131  8.764e+12
       133  8.814e+12
       135  8.861e+12
       137  8.907e+12
       139  8.957e+12
       141  9.007e+12
       143  9.053e+12
       145   9.09e+12
       147  9.122e+12
       149  9.153e+12
       151  9.183e+12
       153  9.214e+12
       155  9.245e+12
       157  9.278e+12
       159  9.317e+12
       161   9.37e+12
       163   9.43e+12
       165  9.495e+12
       167  9.547e+12
       169  9.594e+12
       171  9.638e+12
       173  9.695e+12
       175  9.774e+12
       177  9.847e+12
       179  9.899e+12
       181  9.936e+12
     183.1  9.966e+12
     185.1  9.993e+12
     187.1  1.002e+13
     189.1  1.004e+13
     191.1  1.007e+13
     193.1  1.009e+13
     195.1  1.012e+13
     197.1  1.014e+13
     199.1  1.017e+13
     201.1  1.019e+13
     203.1  1.021e+13
     205.1  1.023e+13
     207.1  1.025e+13
     209.1  1.027e+13
     211.1  1.029e+13
     213.1  1.031e+13
     215.1  1.034e+13
     217.1  1.038e+13
     219.1  1.041e+13
     221.1  1.044e+13
     223.1  1.046e+13
     225.1  1.047e+13
     227.1  1.049e+13
     229.1  1.051e+13
     231.1  1.053e+13
     233.1  1.055e+13
     235.1  1.058e+13
     237.1  1.059e+13
     239.1  1.061e+13
     241.1  1.062e+13
     243.1  1.064e+13
     245.1  1.067e+13
     247.1   1.07e+13
     249.1  1.072e+13
     251.1  1.075e+13
     253.1  1.077e+13
     255.1  1.079e+13
     257.1   1.08e+13
     259.1  1.081e+13
     261.1  1.081e+13
     263.1  1.082e+13
     265.1  1.083e+13
     267.1  1.083e+13
     269.1  1.084e+13
     271.1  1.084e+13
     273.1  1.085e+13
     275.1  1.085e+13
     277.1  1.085e+13
     279.1  1.086e+13
     281.1  1.086e+13
     283.1  1.087e+13
     285.1  1.087e+13
     287.1  1.087e+13
     289.1  1.088e+13
     291.1  1.088e+13
     293.1  1.088e+13
     295.1  1.088e+13
     297.1  1.089e+13
     299.1  1.089e+13
     301.1  1.089e+13
     303.1   1.09e+13
     305.1   1.09e+13
     307.1  1.091e+13
     309.1  1.091e+13
     311.1  1.091e+13
     313.1  1.091e+13
     315.1  1.091e+13
     317.1  1.091e+13
     319.1  1.091e+13
     321.1  1.092e+13
     323.1  1.092e+13
     325.1  1.092e+13
     327.1  1.092e+13
     329.1  1.092e+13
     331.1  1.092e+13
     333.1  1.092e+13
     335.1  1.092e+13
     337.1  1.092e+13
     339.1  1.092e+13
     341.1  1.092e+13
     343.1  1.092e+13
     345.1  1.092e+13
     347.1  1.092e+13
     349.1  1.092e+13
     351.1  1.092e+13
