         1      14.73
     3.001      16.46
     5.001      17.72
     7.002      18.64
     9.002      19.15
        11      19.48
        13      19.83
        15      20.13
        17      20.35
     19.01      20.55
     21.01      20.72
     23.01      20.84
     25.01      20.98
     27.01      21.13
     29.01      21.21
     31.01      21.36
     33.01      21.48
     35.01      21.56
     37.01      21.68
     39.01      21.77
     41.01      21.84
     43.01      21.97
     45.01      22.02
     47.01      22.05
     49.01      22.18
     51.01      22.27
     53.01      22.35
     55.02      22.43
     57.02      22.51
     59.02      22.58
     61.02       22.7
     63.02      22.74
     65.02       22.8
     67.02      22.87
     69.02      22.91
     71.02      22.96
     73.02      23.02
     75.02      23.03
     77.02      23.12
     79.02      23.26
     81.02      23.31
     83.02      23.34
     85.02      23.38
     87.02      23.46
     89.02      23.56
     91.03      23.59
     93.03      23.61
     95.03      23.69
     97.03      23.75
     99.03      23.83
       101      23.88
       103      23.91
       105      23.94
       107      23.98
       109      23.99
       111      23.99
       113      24.04
       115      24.08
       117      24.11
       119      24.19
       121      24.29
       123      24.33
       125      24.42
       127       24.4
       129      24.47
       131      24.53
       133      24.53
       135      24.57
       137      24.64
       139       24.7
       141      24.72
       143      24.73
       145      24.83
       147      24.92
       149      24.99
       151      24.97
       153         25
       155      25.12
       157      25.14
       159      25.02
       161      25.04
       163      25.13
       165      25.22
       167      25.21
       169      25.19
       171       25.3
       173      25.33
       175      25.46
       177       25.5
       179      25.51
       181      25.52
     183.1      25.67
     185.1      25.73
     187.1      25.69
     189.1      25.69
     191.1      25.77
     193.1      25.86
     195.1      25.82
     197.1      25.83
     199.1      25.92
     201.1      25.98
     203.1      26.17
     205.1      26.21
     207.1      26.27
     209.1      26.13
     211.1      26.17
     213.1      26.41
     215.1       26.5
     217.1      26.62
     219.1      26.73
     221.1      26.66
     223.1      26.54
     225.1      26.63
     227.1      26.84
     229.1      26.94
     231.1      26.87
     233.1      27.03
     235.1      27.08
     237.1      27.11
     239.1      27.26
     241.1      27.61
     243.1      27.62
     245.1      28.09
     247.1      28.15
     249.1      28.53
     251.1      28.44
     253.1       28.3
     255.1      28.21
     257.1      28.75
     259.1      29.42
     261.1      28.79
     263.1      28.82
     265.1       28.8
     267.1      28.42
     269.1      28.25
     271.1      28.31
     273.1      28.32
     275.1      28.15
     277.1       28.5
     279.1      28.83
     281.1      28.95
     283.1      29.41
     285.1      30.02
     287.1      29.96
     289.1       29.9
     291.1      30.01
     293.1      29.92
     295.1      30.14
     297.1      29.07
     299.1      29.02
     301.1      29.38
     303.1      31.28
     305.1      30.53
     307.1      30.57
     309.1      30.61
     311.1      30.99
     313.1      31.24
     315.1      32.13
     317.1      31.29
     319.1      32.41
     321.1      31.86
     323.1      33.12
     325.1      35.15
     327.1      34.46
     329.1      34.64
     331.1      35.12
     333.1      34.65
     335.1      35.65
     337.1      34.74
     339.1      35.24
     341.1      38.32
     343.1      40.56
     345.1      41.86
     347.1      41.55
     349.1      40.46
     351.1      41.28
