         1  1.783e+11
     3.001  1.048e+12
     5.001   1.88e+12
     7.002  2.476e+12
     9.002  2.945e+12
        11   3.35e+12
        13  3.707e+12
        15   4.03e+12
        17  4.334e+12
     19.01  4.621e+12
     21.01  4.897e+12
     23.01  5.181e+12
     25.01  5.472e+12
     27.01   5.75e+12
     29.01  6.008e+12
     31.01  6.237e+12
     33.01   6.44e+12
     35.01  6.616e+12
     37.01  6.788e+12
     39.01  6.951e+12
     41.01  7.098e+12
     43.01  7.241e+12
     45.01  7.379e+12
     47.01   7.51e+12
     49.01   7.63e+12
     51.01  7.757e+12
     53.01  7.872e+12
     55.02  7.991e+12
     57.02  8.107e+12
     59.02   8.22e+12
     61.02  8.329e+12
     63.02  8.432e+12
     65.02  8.532e+12
     67.02  8.631e+12
     69.02  8.731e+12
     71.02  8.828e+12
     73.02   8.92e+12
     75.02  9.011e+12
     77.02  9.101e+12
     79.02   9.19e+12
     81.02  9.282e+12
     83.02  9.372e+12
     85.02  9.456e+12
     87.02   9.54e+12
     89.02  9.627e+12
     91.03  9.717e+12
     93.03  9.805e+12
     95.03  9.889e+12
     97.03  9.973e+12
     99.03  1.006e+13
       101  1.014e+13
       103  1.023e+13
       105  1.033e+13
       107  1.043e+13
       109  1.054e+13
       111  1.066e+13
       113   1.08e+13
       115  1.097e+13
       117  1.118e+13
       119  1.144e+13
       121  1.172e+13
       123  1.195e+13
       125  1.213e+13
       127  1.228e+13
       129   1.24e+13
       131  1.252e+13
       133  1.262e+13
       135  1.273e+13
       137  1.283e+13
       139  1.294e+13
       141  1.305e+13
       143  1.316e+13
       145  1.329e+13
       147  1.343e+13
       149  1.358e+13
       151  1.372e+13
       153  1.384e+13
       155  1.393e+13
       157    1.4e+13
       159  1.406e+13
       161  1.412e+13
       163  1.418e+13
       165  1.424e+13
       167   1.43e+13
       169  1.437e+13
       171  1.444e+13
       173  1.453e+13
       175  1.462e+13
       177  1.473e+13
       179  1.484e+13
       181  1.499e+13
     183.1  1.514e+13
     185.1  1.531e+13
     187.1  1.546e+13
     189.1   1.56e+13
     191.1  1.572e+13
     193.1   1.58e+13
     195.1  1.587e+13
     197.1  1.593e+13
     199.1  1.599e+13
     201.1  1.605e+13
     203.1   1.61e+13
     205.1  1.615e+13
     207.1   1.62e+13
     209.1  1.625e+13
     211.1   1.63e+13
     213.1  1.635e+13
     215.1   1.64e+13
     217.1  1.643e+13
     219.1  1.647e+13
     221.1  1.651e+13
     223.1  1.655e+13
     225.1   1.66e+13
     227.1  1.664e+13
     229.1  1.669e+13
     231.1  1.672e+13
     233.1  1.676e+13
     235.1  1.681e+13
     237.1  1.685e+13
     239.1  1.689e+13
     241.1  1.694e+13
     243.1  1.698e+13
     245.1  1.702e+13
     247.1  1.706e+13
     249.1   1.71e+13
     251.1  1.714e+13
     253.1  1.718e+13
     255.1  1.721e+13
     257.1  1.724e+13
     259.1  1.727e+13
     261.1   1.73e+13
     263.1  1.732e+13
     265.1  1.734e+13
     267.1  1.736e+13
     269.1  1.738e+13
     271.1   1.74e+13
     273.1  1.742e+13
     275.1  1.746e+13
     277.1  1.755e+13
     279.1  1.767e+13
     281.1  1.772e+13
     283.1  1.774e+13
     285.1  1.775e+13
     287.1  1.776e+13
     289.1  1.777e+13
     291.1  1.778e+13
     293.1  1.779e+13
     295.1   1.78e+13
     297.1  1.781e+13
     299.1  1.782e+13
     301.1  1.783e+13
     303.1  1.783e+13
     305.1  1.784e+13
     307.1  1.785e+13
     309.1  1.785e+13
     311.1  1.786e+13
     313.1  1.786e+13
     315.1  1.787e+13
     317.1  1.787e+13
     319.1  1.787e+13
     321.1  1.787e+13
     323.1  1.787e+13
     325.1  1.788e+13
     327.1  1.788e+13
     329.1  1.788e+13
     331.1  1.788e+13
     333.1  1.788e+13
     335.1  1.789e+13
     337.1  1.789e+13
     339.1  1.789e+13
     341.1  1.789e+13
     343.1  1.789e+13
     345.1  1.789e+13
     347.1  1.789e+13
     349.1  1.789e+13
     351.1  1.789e+13
