         1      14.42
     3.001      16.04
     5.001      17.39
     7.002      18.42
     9.002      18.91
        11      19.34
        13      19.69
        15      19.89
        17      20.06
     19.01      20.23
     21.01      20.42
     23.01      20.49
     25.01      20.65
     27.01      20.79
     29.01      20.95
     31.01      21.17
     33.01      21.27
     35.01       21.4
     37.01      21.48
     39.01      21.63
     41.01      21.79
     43.01      21.83
     45.01      21.92
     47.01      22.02
     49.01       22.1
     51.01      22.15
     53.01      22.19
     55.02      22.18
     57.02      22.31
     59.02      22.39
     61.02      22.41
     63.02      22.46
     65.02      22.51
     67.02      22.62
     69.02      22.66
     71.02      22.76
     73.02      22.77
     75.02      22.83
     77.02      22.94
     79.02      22.93
     81.02      22.89
     83.02      23.01
     85.02      23.09
     87.02      23.09
     89.02      23.14
     91.03      23.17
     93.03      23.23
     95.03       23.3
     97.03      23.29
     99.03      23.31
       101      23.38
       103       23.4
       105      23.42
       107      23.44
       109      23.47
       111      23.48
       113      23.51
       115      23.48
       117      23.52
       119       23.6
       121      23.53
       123      23.56
       125      23.61
       127       23.7
       129      23.78
       131      23.76
       133      23.81
       135      23.81
       137       23.8
       139      23.86
       141      23.85
       143       23.8
       145      23.81
       147      23.79
       149      23.87
       151      23.93
       153      23.95
       155      24.07
       157      24.19
       159      24.26
       161      24.24
       163      24.23
       165      24.33
       167      24.35
       169      24.39
       171      24.37
       173       24.5
       175      24.46
       177      24.45
       179      24.49
       181      24.57
     183.1      24.65
     185.1      24.59
     187.1       24.6
     189.1      24.66
     191.1      24.72
     193.1      24.78
     195.1      24.84
     197.1      24.85
     199.1      24.89
     201.1      24.94
     203.1         25
     205.1      24.91
     207.1      24.91
     209.1      24.93
     211.1      24.99
     213.1      25.14
     215.1      25.09
     217.1       25.1
     219.1      25.13
     221.1      25.24
     223.1      25.22
     225.1       25.2
     227.1      25.16
     229.1      25.22
     231.1      25.19
     233.1      25.28
     235.1      25.37
     237.1      25.33
     239.1      25.35
     241.1      25.46
     243.1      25.57
     245.1      25.68
     247.1      25.66
     249.1      25.61
     251.1      25.54
     253.1      25.56
     255.1      25.51
     257.1      25.43
     259.1      25.42
     261.1      25.56
     263.1      25.68
     265.1      25.65
     267.1      25.58
     269.1      25.68
     271.1      25.94
     273.1      26.16
     275.1      25.86
     277.1      25.91
     279.1      25.79
     281.1      25.88
     283.1      26.01
     285.1       26.1
     287.1      26.56
     289.1      26.26
     291.1      26.21
     293.1       26.1
     295.1      26.24
     297.1      26.46
     299.1      26.38
     301.1      25.99
     303.1       26.3
     305.1      26.41
     307.1      26.21
     309.1      26.28
     311.1      27.06
     313.1       27.8
     315.1       26.8
     317.1      26.78
     319.1      26.68
     321.1      27.15
     323.1      27.37
     325.1      26.98
     327.1      26.77
     329.1      27.14
     331.1      27.53
     333.1      27.66
     335.1      27.81
     337.1      26.87
     339.1      27.68
     341.1      28.19
     343.1      30.25
     345.1      30.24
     347.1      28.43
     349.1      27.22
     351.1       33.5
