         1  1.195e+10
     3.001  7.067e+10
     5.002  1.086e+11
     7.003  1.414e+11
     9.004  1.789e+11
        11  2.201e+11
     13.01  2.692e+11
     15.01  3.183e+11
     17.01  3.691e+11
     19.01  4.085e+11
     21.01  4.401e+11
     23.01  4.677e+11
     25.01  4.925e+11
     27.01    5.2e+11
     29.01  5.549e+11
     31.01  6.054e+11
     33.01  6.544e+11
     35.01  6.912e+11
     37.01  7.247e+11
     39.02  7.528e+11
     41.02  7.752e+11
     43.02   7.94e+11
     45.02  8.148e+11
     47.02  8.321e+11
     49.02  8.475e+11
     51.02   8.63e+11
     53.02   8.88e+11
     55.02   9.06e+11
     57.02  9.186e+11
     59.02  9.315e+11
     61.02  9.436e+11
     63.02   9.55e+11
     65.03  9.697e+11
     67.03  9.836e+11
     69.03  9.947e+11
     71.03  1.005e+12
     73.03  1.015e+12
     75.03  1.029e+12
     77.03  1.049e+12
     79.03  1.067e+12
     81.03   1.08e+12
     83.03  1.093e+12
     85.03  1.111e+12
     87.03  1.124e+12
     89.04  1.133e+12
     91.04  1.142e+12
     93.04  1.157e+12
     95.04   1.17e+12
     97.04  1.176e+12
     99.04  1.183e+12
       101  1.189e+12
       103  1.196e+12
       105  1.201e+12
       107  1.209e+12
       109  1.214e+12
       111  1.219e+12
       113  1.222e+12
       115  1.226e+12
       117   1.23e+12
       119  1.234e+12
       121  1.238e+12
       123  1.242e+12
       125  1.245e+12
     127.1  1.248e+12
     129.1   1.25e+12
     131.1  1.254e+12
     133.1  1.258e+12
     135.1  1.262e+12
     137.1  1.271e+12
     139.1  1.285e+12
     141.1  1.293e+12
     143.1  1.299e+12
     145.1  1.308e+12
     147.1  1.316e+12
     149.1   1.32e+12
     151.1  1.324e+12
     153.1  1.327e+12
     155.1  1.331e+12
     157.1   1.34e+12
     159.1  1.354e+12
     161.1   1.36e+12
     163.1  1.366e+12
     165.1  1.378e+12
     167.1  1.389e+12
     169.1  1.394e+12
     171.1  1.396e+12
     173.1  1.399e+12
     175.1  1.401e+12
     177.1  1.402e+12
     179.1  1.403e+12
     181.1  1.405e+12
     183.1  1.408e+12
     185.1  1.414e+12
     187.1  1.427e+12
     189.1  1.436e+12
     191.1   1.44e+12
     193.1  1.441e+12
     195.1  1.443e+12
     197.1  1.444e+12
     199.1  1.446e+12
     201.1  1.447e+12
     203.1  1.448e+12
     205.1   1.45e+12
     207.1   1.45e+12
     209.1  1.451e+12
     211.1  1.452e+12
     213.1  1.453e+12
     215.1  1.454e+12
     217.1  1.454e+12
     219.1  1.454e+12
     221.1  1.455e+12
     223.1  1.456e+12
     225.1  1.457e+12
     227.1  1.457e+12
     229.1  1.458e+12
     231.1  1.459e+12
     233.1   1.46e+12
     235.1   1.46e+12
     237.1  1.461e+12
     239.1  1.461e+12
     241.1  1.462e+12
     243.1  1.463e+12
     245.1  1.464e+12
     247.1  1.465e+12
     249.1  1.468e+12
     251.1   1.47e+12
     253.1  1.471e+12
     255.1  1.473e+12
     257.1  1.475e+12
     259.1  1.477e+12
     261.1  1.483e+12
     263.1  1.497e+12
     265.1  1.506e+12
     267.1  1.511e+12
     269.1  1.516e+12
     271.1  1.527e+12
     273.1  1.545e+12
     275.1  1.552e+12
     277.1  1.555e+12
     279.1  1.556e+12
     281.1  1.557e+12
     283.1  1.558e+12
     285.1  1.559e+12
     287.1  1.559e+12
     289.1   1.56e+12
     291.1   1.56e+12
     293.1   1.56e+12
     295.1   1.56e+12
     297.1  1.561e+12
     299.1  1.561e+12
     301.1  1.562e+12
     303.1  1.563e+12
     305.1  1.565e+12
     307.1  1.567e+12
     309.1  1.568e+12
     311.1  1.568e+12
     313.1  1.569e+12
     315.1  1.569e+12
     317.1  1.569e+12
     319.1  1.569e+12
     321.1   1.57e+12
     323.1   1.57e+12
     325.1   1.57e+12
     327.1   1.57e+12
     329.1   1.57e+12
     331.1   1.57e+12
     333.1   1.57e+12
     335.1  1.571e+12
     337.1  1.571e+12
     339.1  1.571e+12
     341.1  1.571e+12
     343.1  1.571e+12
     345.1  1.571e+12
     347.1  1.571e+12
     349.1  1.571e+12
     351.1  1.571e+12
