     2.001      18.91
     6.002      20.34
        10      20.51
     14.01      20.78
     18.01       21.3
     22.01      21.69
     26.01       21.9
     30.01      21.84
     34.01      22.15
     38.02      22.46
     42.02      22.69
     46.02      22.92
     50.02      23.17
     54.02       23.3
     58.02      23.56
     62.02      23.73
     66.03      23.78
     70.03      24.04
     74.03      24.54
     78.03      24.41
     82.03      24.51
     86.03      24.71
     90.04      24.97
     94.04      25.11
     98.04      25.57
       102      25.68
       106      25.97
       110      26.92
       114      27.37
       118      27.81
       122      29.11
       126      30.02
     130.1      29.84
     134.1       30.5
     138.1      31.89
     142.1         32
     146.1      31.99
     150.1      32.59
     154.1      33.41
     158.1      34.09
     162.1      34.67
     166.1      36.09
     170.1      35.83
     174.1      37.25
     178.1      39.11
     182.1      38.37
     186.1      39.02
     190.1      39.08
     194.1       40.2
     198.1       40.8
     202.1      41.41
     206.1      42.64
     210.1      43.24
     214.1      44.87
     218.1      45.67
     222.1      45.01
     226.1      44.51
     230.1      44.04
     234.1      44.72
     238.1      45.07
     242.1      44.13
     246.1      44.57
     250.1      43.32
     254.1      41.81
     258.1      42.54
     262.1      42.47
     266.1      43.15
     270.1      43.15
     274.1      43.45
     278.1      43.98
     282.1      44.47
     286.1       45.2
     290.1      46.22
     294.1      46.12
     298.1      46.47
     302.1      45.76
     306.1      44.66
     310.1      44.41
     314.1      41.61
     318.1      42.66
     322.1      44.99
     326.1      42.97
     330.1      44.02
     334.1      42.89
     338.1      45.93
     342.1      44.45
     346.1      47.64
     350.1         50
