         1   1.29e+10
     3.001  6.038e+10
     5.002  9.886e+10
     7.003  1.297e+11
     9.004  1.557e+11
        11  1.753e+11
     13.01  1.965e+11
     15.01   2.21e+11
     17.01  2.476e+11
     19.01  2.822e+11
     21.01  3.042e+11
     23.01  3.232e+11
     25.01  3.406e+11
     27.01   3.57e+11
     29.01  3.713e+11
     31.01  3.846e+11
     33.01  3.969e+11
     35.02    4.1e+11
     37.02   4.24e+11
     39.02   4.48e+11
     41.02  4.868e+11
     43.02  5.124e+11
     45.02   5.48e+11
     47.02  5.728e+11
     49.02  5.946e+11
     51.02  6.143e+11
     53.02  6.302e+11
     55.02  6.413e+11
     57.02  6.488e+11
     59.03  6.541e+11
     61.03  6.584e+11
     63.03  6.621e+11
     65.03  6.669e+11
     67.03  6.705e+11
     69.03  6.755e+11
     71.03  6.799e+11
     73.03  6.836e+11
     75.03  6.884e+11
     77.03  6.969e+11
     79.03   7.09e+11
     81.04  7.318e+11
     83.04  7.434e+11
     85.04  7.472e+11
     87.04  7.509e+11
     89.04  7.543e+11
     91.04  7.584e+11
     93.04  7.626e+11
     95.04  7.653e+11
     97.04  7.693e+11
     99.04  7.746e+11
       101  7.851e+11
       103  8.058e+11
       105  8.237e+11
       107  8.305e+11
       109  8.349e+11
       111  8.379e+11
       113  8.415e+11
     115.1  8.456e+11
     117.1  8.533e+11
     119.1  8.714e+11
     121.1  8.825e+11
     123.1  8.992e+11
     125.1  9.169e+11
     127.1  9.237e+11
     129.1  9.271e+11
     131.1  9.294e+11
     133.1  9.315e+11
     135.1  9.339e+11
     137.1  9.362e+11
     139.1  9.385e+11
     141.1  9.411e+11
     143.1  9.448e+11
     145.1  9.541e+11
     147.1  9.826e+11
     149.1  9.991e+11
     151.1  1.004e+12
     153.1  1.008e+12
     155.1  1.011e+12
     157.1  1.013e+12
     159.1  1.016e+12
     161.1  1.019e+12
     163.1  1.023e+12
     165.1  1.028e+12
     167.1  1.038e+12
     169.1   1.06e+12
     171.1  1.072e+12
     173.1  1.078e+12
     175.1  1.082e+12
     177.1  1.085e+12
     179.1  1.086e+12
     181.1  1.088e+12
     183.1  1.091e+12
     185.1  1.099e+12
     187.1  1.104e+12
     189.1  1.106e+12
     191.1  1.108e+12
     193.1   1.11e+12
     195.1  1.112e+12
     197.1  1.114e+12
     199.1  1.117e+12
     201.1  1.123e+12
     203.1  1.137e+12
     205.1  1.152e+12
     207.1  1.158e+12
     209.1  1.161e+12
     211.1  1.163e+12
     213.1  1.165e+12
     215.1  1.168e+12
     217.1  1.174e+12
     219.1  1.177e+12
     221.1  1.179e+12
     223.1   1.18e+12
     225.1  1.181e+12
     227.1  1.183e+12
     229.1  1.185e+12
     231.1  1.188e+12
     233.1   1.19e+12
     235.1  1.193e+12
     237.1  1.201e+12
     239.1  1.221e+12
     241.1  1.244e+12
     243.1  1.253e+12
     245.1  1.256e+12
     247.1  1.258e+12
     249.1  1.259e+12
     251.1  1.261e+12
     253.1  1.261e+12
     255.1  1.262e+12
     257.1  1.264e+12
     259.1  1.269e+12
     261.1  1.287e+12
     263.1  1.293e+12
     265.1  1.295e+12
     267.1  1.296e+12
     269.1  1.296e+12
     271.1  1.296e+12
     273.1  1.296e+12
     275.1  1.297e+12
     277.1  1.297e+12
     279.1  1.297e+12
     281.1  1.297e+12
     283.1  1.298e+12
     285.1  1.298e+12
     287.1  1.298e+12
     289.1  1.298e+12
     291.1  1.298e+12
     293.1  1.299e+12
     295.1    1.3e+12
     297.1  1.302e+12
     299.1  1.303e+12
     301.1  1.303e+12
     303.1  1.303e+12
     305.1  1.303e+12
     307.1  1.303e+12
     309.1  1.303e+12
     311.1  1.303e+12
     313.1  1.304e+12
     315.1  1.304e+12
     317.1  1.304e+12
     319.1  1.304e+12
     321.1  1.304e+12
     323.1  1.304e+12
     325.1  1.304e+12
     327.1  1.304e+12
     329.1  1.304e+12
     331.1  1.304e+12
     333.1  1.304e+12
     335.1  1.304e+12
     337.1  1.304e+12
     339.1  1.304e+12
     341.1  1.304e+12
     343.1  1.304e+12
     345.2  1.304e+12
     347.2  1.304e+12
     349.2  1.304e+12
     351.2  1.304e+12
