         1      17.09
     3.001      19.21
     5.002      19.44
     7.003       19.8
     9.004      20.39
        11      20.55
     13.01      20.33
     15.01      20.61
     17.01      20.75
     19.01      21.08
     21.01      21.22
     23.01      21.38
     25.01      21.64
     27.01      21.79
     29.01      21.96
     31.01      22.14
     33.01      22.32
     35.02      22.46
     37.02      22.62
     39.02      22.46
     41.02      22.55
     43.02      22.81
     45.02      23.22
     47.02      23.49
     49.02      23.82
     51.02      23.79
     53.02       24.4
     55.02      25.12
     57.02      24.94
     59.03      25.79
     61.03      26.05
     63.03      26.74
     65.03      26.99
     67.03      26.53
     69.03      27.24
     71.03      28.21
     73.03      28.81
     75.03      28.89
     77.03      28.45
     79.03      28.41
     81.04      29.51
     83.04      29.64
     85.04      30.02
     87.04      29.66
     89.04      28.97
     91.04       28.4
     93.04       28.6
     95.04      28.85
     97.04      28.92
     99.04      29.57
       101      31.46
       103      33.26
       105      33.51
       107      32.86
       109      32.21
       111      32.14
       113      33.48
     115.1      33.87
     117.1       33.9
     119.1      33.99
     121.1      34.91
     123.1      35.46
     125.1      36.35
     127.1      36.06
     129.1       35.4
     131.1      35.48
     133.1      35.64
     135.1      36.27
     137.1      37.34
     139.1      38.72
     141.1      39.57
     143.1      40.28
     145.1      39.81
     147.1      39.76
     149.1      38.84
     151.1       38.1
     153.1      38.89
     155.1      39.32
     157.1      39.79
     159.1      40.28
     161.1      40.63
     163.1      40.88
     165.1      41.75
     167.1      41.53
     169.1      41.59
     171.1      41.48
     173.1      42.11
     175.1      42.64
     177.1      43.05
     179.1      42.59
     181.1      42.18
     183.1      41.22
     185.1      41.27
     187.1      41.72
     189.1      42.07
     191.1       42.1
     193.1      41.74
     195.1       41.9
     197.1      42.41
     199.1      43.11
     201.1      43.23
     203.1      43.26
     205.1      43.05
     207.1      42.98
     209.1      42.98
     211.1      43.16
     213.1      43.74
     215.1      43.33
     217.1      43.58
     219.1      43.37
     221.1      44.05
     223.1      44.31
     225.1      43.75
     227.1      43.78
     229.1      43.84
     231.1      44.35
     233.1      45.13
     235.1      45.55
     237.1      45.91
     239.1       46.3
     241.1      46.58
     243.1      46.61
     245.1      46.32
     247.1      45.95
     249.1      45.82
     251.1      46.08
     253.1      46.45
     255.1      46.22
     257.1      46.39
     259.1      46.32
     261.1      46.36
     263.1      46.12
     265.1      46.47
     267.1      47.16
     269.1      47.26
     271.1       47.4
     273.1      47.39
     275.1      47.44
     277.1      47.47
     279.1      46.67
     281.1      46.94
     283.1      47.16
     285.1      47.28
     287.1      48.06
     289.1      47.75
     291.1      47.71
     293.1      47.09
     295.1      46.73
     297.1      46.38
     299.1      47.14
     301.1       47.3
     303.1      47.48
     305.1      47.83
     307.1      47.44
     309.1       48.1
     311.1      48.65
     313.1      47.69
     315.1       47.7
     317.1       47.7
     319.1       47.8
     321.1      48.65
     323.1      48.07
     325.1      47.77
     327.1      48.53
     329.1      48.81
     331.1      48.15
     333.1      48.69
     335.1      48.82
     337.1       49.4
     339.1      49.24
     341.1      48.09
     343.1      47.98
     345.2      48.15
     347.2      48.83
     349.2      45.81
