     2.023  5.559e+10
     6.069  1.908e+11
     10.11  2.854e+11
     14.16  3.286e+11
     18.21  3.732e+11
     22.25  4.083e+11
      26.3  4.314e+11
     30.34  4.561e+11
     34.39  4.855e+11
     38.44  5.145e+11
     42.48  5.987e+11
     46.53  6.489e+11
     50.57  7.116e+11
     54.62  7.746e+11
     58.66  7.974e+11
     62.71  8.164e+11
     66.76  8.489e+11
      70.8   8.75e+11
     74.85      9e+11
     78.89  9.432e+11
     82.94  9.578e+11
     86.98  9.694e+11
     91.03  9.796e+11
     95.08  9.934e+11
     99.12  1.006e+12
     103.2  1.051e+12
     107.2   1.09e+12
     111.3  1.127e+12
     115.3  1.158e+12
     119.4  1.187e+12
     123.4  1.203e+12
     127.4  1.241e+12
     131.5  1.252e+12
     135.5   1.26e+12
     139.6  1.266e+12
     143.6  1.272e+12
     147.7  1.278e+12
     151.7   1.29e+12
     155.8  1.298e+12
     159.8  1.302e+12
     163.9  1.305e+12
     167.9  1.308e+12
     171.9   1.31e+12
       176  1.313e+12
       180  1.317e+12
     184.1  1.347e+12
     188.1  1.351e+12
     192.2  1.353e+12
     196.2  1.355e+12
     200.3  1.357e+12
     204.3  1.358e+12
     208.4  1.359e+12
     212.4  1.361e+12
     216.5  1.363e+12
     220.5  1.364e+12
     224.5  1.366e+12
     228.6  1.368e+12
     232.6  1.375e+12
     236.7  1.403e+12
     240.7  1.411e+12
     244.8  1.437e+12
     248.8  1.447e+12
     252.9  1.449e+12
     256.9  1.451e+12
       261  1.452e+12
       265  1.453e+12
       269  1.453e+12
     273.1  1.453e+12
     277.1  1.454e+12
     281.2  1.454e+12
     285.2  1.454e+12
     289.3  1.454e+12
     293.3  1.454e+12
     297.4  1.455e+12
     301.4  1.455e+12
     305.5  1.455e+12
     309.5  1.455e+12
     313.5  1.455e+12
     317.6  1.455e+12
     321.6  1.455e+12
     325.7  1.455e+12
     329.7  1.455e+12
     333.8  1.455e+12
     337.8  1.455e+12
     341.9  1.455e+12
     345.9  1.455e+12
       350  1.455e+12
