     1.006      17.23
     3.017      18.43
     5.028      18.39
      7.04       19.2
     9.051      19.67
     11.06      20.14
     13.07      20.59
     15.09      20.81
      17.1      20.96
     19.11         21
     21.12      21.19
     23.13      21.49
     25.14      21.62
     27.15      21.64
     29.16      21.76
     31.18      21.83
     33.19      21.71
      35.2      21.78
     37.21      22.02
     39.22      22.09
     41.23      22.16
     43.24      22.25
     45.26      22.55
     47.27       22.5
     49.28      22.67
     51.29      22.75
      53.3      22.79
     55.31      23.11
     57.32      23.18
     59.33      23.44
     61.35      23.38
     63.36      23.35
     65.37      23.56
     67.38      23.96
     69.39      23.97
      71.4      23.99
     73.41      23.89
     75.43      23.93
     77.44      23.91
     79.45      24.45
     81.46       25.1
     83.47       25.2
     85.48      25.01
     87.49      24.85
      89.5      25.86
     91.52      25.86
     93.53      25.78
     95.54      25.97
     97.55      26.63
     99.56      26.74
     101.6      27.48
     103.6      28.02
     105.6      28.17
     107.6      27.93
     109.6      28.23
     111.6      28.82
     113.6      29.21
     115.7         29
     117.7      28.22
     119.7      28.34
     121.7      29.37
     123.7       31.3
     125.7      31.53
     127.7      31.58
     129.7      31.89
     131.7      31.76
     133.8      32.31
     135.8      33.04
     137.8      35.51
     139.8      35.34
     141.8      34.53
     143.8      34.74
     145.8      34.94
     147.8       35.9
     149.8      36.47
     151.9      37.59
     153.9      37.37
     155.9      36.89
     157.9      37.45
     159.9      38.18
     161.9      39.24
     163.9      40.21
     165.9      40.41
     167.9      41.26
       170      41.36
       172      42.05
       174      41.77
       176      42.52
       178       43.5
       180      44.67
       182      44.27
       184      44.45
       186      44.45
     188.1      44.53
     190.1      45.09
     192.1      44.48
     194.1       44.2
     196.1      43.92
     198.1      43.75
     200.1      44.03
     202.1      44.63
     204.2      44.89
     206.2       45.5
     208.2      45.55
     210.2      45.63
     212.2      45.73
     214.2      45.42
     216.2      44.73
     218.2      44.66
     220.2      45.67
     222.3      45.73
     224.3      45.88
     226.3      46.37
     228.3      46.99
     230.3      47.21
     232.3      46.75
     234.3      45.76
     236.3      45.16
     238.3      45.16
     240.4       45.6
     242.4      45.83
     244.4      45.93
     246.4      46.12
     248.4      46.45
     250.4      46.51
     252.4      45.69
     254.4      44.83
     256.4      45.44
     258.5      46.39
     260.5      46.96
     262.5      47.72
     264.5         47
     266.5      47.13
     268.5      47.33
     270.5      47.93
     272.5      48.07
     274.5      47.91
     276.6      48.38
     278.6      48.63
     280.6      48.57
     282.6       48.3
     284.6      47.94
     286.6      47.66
     288.6      47.78
     290.6      48.29
     292.6      48.39
     294.7      48.53
     296.7      48.98
     298.7      48.97
     300.7      48.99
     302.7       49.1
     304.7      48.69
     306.7      48.07
     308.7      48.32
     310.8      47.52
     312.8      48.24
     314.8      49.08
     316.8      49.59
     318.8      49.47
     320.8      49.14
     322.8      48.48
     324.8      49.59
     326.8      49.77
     328.9      48.71
     330.9       48.3
     332.9      46.95
     334.9      48.08
     336.9      47.42
     338.9      48.08
     340.9      47.48
     342.9      48.16
     344.9         50
       347         50
       349         50
       351         50
