         1  2.762e+10
     3.001  5.602e+10
     5.001  1.021e+11
     7.002  1.601e+11
     9.002  2.162e+11
        11  2.725e+11
        13  3.299e+11
        15  3.831e+11
        17  4.395e+11
     19.01  4.952e+11
     21.01  5.512e+11
     23.01  6.027e+11
     25.01  6.536e+11
     27.01  7.062e+11
     29.01  7.584e+11
     31.01  8.112e+11
     33.01  8.618e+11
     35.01  9.103e+11
     37.01  9.626e+11
     39.01  1.009e+12
     41.01  1.058e+12
     43.01  1.107e+12
     45.01  1.153e+12
     47.01  1.197e+12
     49.01  1.245e+12
     51.01  1.292e+12
     53.01  1.338e+12
     55.02  1.384e+12
     57.02  1.426e+12
     59.02   1.47e+12
     61.02  1.514e+12
     63.02  1.562e+12
     65.02  1.613e+12
     67.02  1.663e+12
     69.02  1.707e+12
     71.02   1.75e+12
     73.02  1.795e+12
     75.02  1.846e+12
     77.02  1.897e+12
     79.02  1.943e+12
     81.02   1.99e+12
     83.02  2.038e+12
     85.02  2.089e+12
     87.02  2.138e+12
     89.02   2.19e+12
     91.03  2.244e+12
     93.03  2.296e+12
     95.03  2.347e+12
     97.03  2.392e+12
     99.03   2.43e+12
       101  2.468e+12
       103  2.507e+12
       105  2.549e+12
       107  2.595e+12
       109  2.644e+12
       111   2.69e+12
       113  2.733e+12
       115   2.77e+12
       117  2.806e+12
       119  2.842e+12
       121  2.878e+12
       123  2.917e+12
       125  2.955e+12
       127  2.994e+12
       129  3.043e+12
       131  3.091e+12
       133  3.142e+12
       135  3.192e+12
       137  3.239e+12
       139  3.284e+12
       141  3.325e+12
       143  3.372e+12
       145  3.412e+12
       147   3.45e+12
       149  3.482e+12
       151  3.515e+12
       153  3.547e+12
       155   3.58e+12
       157  3.612e+12
       159  3.644e+12
       161  3.677e+12
       163  3.714e+12
       165  3.755e+12
       167  3.793e+12
       169  3.833e+12
       171  3.874e+12
       173  3.909e+12
       175  3.941e+12
       177  3.971e+12
       179      4e+12
       181  4.032e+12
     183.1  4.066e+12
     185.1  4.097e+12
     187.1  4.131e+12
     189.1  4.164e+12
     191.1  4.197e+12
     193.1  4.231e+12
     195.1  4.266e+12
     197.1  4.299e+12
     199.1  4.331e+12
     201.1  4.362e+12
     203.1  4.394e+12
     205.1  4.433e+12
     207.1  4.482e+12
     209.1  4.532e+12
     211.1  4.584e+12
     213.1  4.625e+12
     215.1  4.664e+12
     217.1  4.699e+12
     219.1  4.741e+12
     221.1  4.781e+12
     223.1  4.816e+12
     225.1  4.852e+12
     227.1  4.888e+12
     229.1  4.925e+12
     231.1  4.957e+12
     233.1  4.986e+12
     235.1  5.015e+12
     237.1  5.047e+12
     239.1  5.083e+12
     241.1  5.119e+12
     243.1  5.151e+12
     245.1  5.176e+12
     247.1  5.202e+12
     249.1  5.227e+12
     251.1  5.251e+12
     253.1  5.274e+12
     255.1  5.295e+12
     257.1  5.312e+12
     259.1  5.326e+12
     261.1  5.338e+12
     263.1  5.349e+12
     265.1   5.36e+12
     267.1   5.37e+12
     269.1  5.381e+12
     271.1  5.391e+12
     273.1  5.401e+12
     275.1  5.413e+12
     277.1  5.426e+12
     279.1  5.442e+12
     281.1  5.453e+12
     283.1  5.461e+12
     285.1   5.47e+12
     287.1  5.482e+12
     289.1  5.493e+12
     291.1  5.501e+12
     293.1  5.512e+12
     295.1  5.524e+12
     297.1  5.532e+12
     299.1  5.537e+12
     301.1  5.544e+12
     303.1  5.554e+12
     305.1   5.56e+12
     307.1  5.565e+12
     309.1  5.571e+12
     311.1  5.576e+12
     313.1  5.578e+12
     315.1   5.58e+12
     317.1  5.582e+12
     319.1  5.584e+12
     321.1  5.585e+12
     323.1  5.587e+12
     325.1  5.588e+12
     327.1  5.589e+12
     329.1   5.59e+12
     331.1  5.591e+12
     333.1  5.592e+12
     335.1  5.593e+12
     337.1  5.594e+12
     339.1  5.594e+12
     341.1  5.595e+12
     343.1  5.595e+12
     345.1  5.595e+12
     347.1  5.596e+12
     349.1  5.596e+12
     351.1  5.596e+12
