     2.001      17.55
     6.003      19.25
        10      19.78
     14.01      20.35
     18.01      20.69
     22.01      21.17
     26.01      21.55
     30.01      21.61
     34.01      21.92
     38.02      22.04
     42.02      22.19
     46.02      22.05
     50.02      22.18
     54.02       22.5
     58.03      22.82
     62.03      23.29
     66.03      23.39
     70.03      23.35
     74.03      23.52
     78.03      23.69
     82.04      23.93
     86.04      24.37
     90.04      24.68
     94.04      25.14
     98.04      25.22
       102      25.24
       106      26.19
       110      25.92
       114      26.46
     118.1      26.89
     122.1      28.25
     126.1      29.25
     130.1      28.22
     134.1       28.6
     138.1      29.71
     142.1      30.05
     146.1      30.82
     150.1       31.2
     154.1      31.54
     158.1      31.68
     162.1       31.6
     166.1      31.72
     170.1      33.86
     174.1      33.88
     178.1      34.28
     182.1      36.32
     186.1      36.36
     190.1       36.9
     194.1      36.57
     198.1       36.8
     202.1       37.9
     206.1      37.54
     210.1      37.14
     214.1      37.93
     218.1      38.72
     222.1      38.68
     226.1      39.34
     230.1      39.63
     234.1         40
     238.1      39.71
     242.1      39.97
     246.1      40.28
     250.1      40.78
     254.1      41.53
     258.1      41.43
     262.1      42.29
     266.1      43.54
     270.1      43.94
     274.1      43.31
     278.1       43.6
     282.1      44.56
     286.1      45.43
     290.1      45.84
     294.1      45.09
     298.1      46.46
     302.1      46.93
     306.1      46.74
     310.1      47.13
     314.1      48.09
     318.1      49.01
     322.1      48.61
     326.1      49.25
     330.1      48.18
     334.1      48.42
     338.1      47.89
     342.1      48.61
     346.2         50
     350.2         50
