         1  6.204e+10
     3.001  3.702e+11
     5.001  6.277e+11
     7.002  8.392e+11
     9.002  1.013e+12
        11  1.164e+12
        13  1.303e+12
        15  1.435e+12
        17  1.551e+12
     19.01  1.661e+12
     21.01  1.758e+12
     23.01   1.85e+12
     25.01  1.934e+12
     27.01  2.012e+12
     29.01  2.084e+12
     31.01  2.151e+12
     33.01  2.216e+12
     35.01  2.278e+12
     37.01  2.335e+12
     39.01  2.387e+12
     41.01  2.438e+12
     43.01  2.485e+12
     45.01  2.532e+12
     47.01  2.575e+12
     49.01  2.617e+12
     51.01  2.657e+12
     53.01  2.696e+12
     55.02  2.733e+12
     57.02  2.767e+12
     59.02  2.802e+12
     61.02  2.836e+12
     63.02  2.869e+12
     65.02  2.899e+12
     67.02  2.931e+12
     69.02  2.962e+12
     71.02  2.992e+12
     73.02  3.024e+12
     75.02  3.052e+12
     77.02  3.079e+12
     79.02  3.107e+12
     81.02  3.131e+12
     83.02  3.156e+12
     85.02   3.18e+12
     87.02  3.205e+12
     89.02  3.228e+12
     91.03  3.249e+12
     93.03   3.27e+12
     95.03  3.291e+12
     97.03  3.313e+12
     99.03  3.333e+12
       101  3.355e+12
       103  3.376e+12
       105  3.399e+12
       107  3.417e+12
       109  3.436e+12
       111  3.454e+12
       113  3.471e+12
       115  3.488e+12
       117  3.505e+12
       119  3.522e+12
       121  3.538e+12
       123  3.554e+12
       125   3.57e+12
       127  3.585e+12
       129  3.599e+12
       131  3.613e+12
       133  3.629e+12
       135  3.643e+12
       137  3.655e+12
       139  3.668e+12
       141  3.681e+12
       143  3.693e+12
       145  3.704e+12
       147  3.716e+12
       149  3.727e+12
       151  3.736e+12
       153  3.747e+12
       155  3.756e+12
       157  3.766e+12
       159  3.776e+12
       161  3.786e+12
       163  3.795e+12
       165  3.805e+12
       167  3.813e+12
       169   3.82e+12
       171  3.829e+12
       173  3.839e+12
       175  3.846e+12
       177  3.854e+12
       179  3.861e+12
       181  3.869e+12
     183.1  3.878e+12
     185.1  3.886e+12
     187.1  3.893e+12
     189.1  3.901e+12
     191.1  3.908e+12
     193.1  3.915e+12
     195.1  3.921e+12
     197.1  3.929e+12
     199.1  3.936e+12
     201.1  3.942e+12
     203.1  3.948e+12
     205.1  3.954e+12
     207.1   3.96e+12
     209.1  3.965e+12
     211.1   3.97e+12
     213.1  3.976e+12
     215.1  3.982e+12
     217.1  3.987e+12
     219.1  3.992e+12
     221.1  3.997e+12
     223.1  4.003e+12
     225.1  4.008e+12
     227.1  4.013e+12
     229.1  4.019e+12
     231.1  4.024e+12
     233.1  4.029e+12
     235.1  4.035e+12
     237.1  4.041e+12
     239.1  4.045e+12
     241.1  4.051e+12
     243.1  4.056e+12
     245.1   4.06e+12
     247.1  4.065e+12
     249.1   4.07e+12
     251.1  4.075e+12
     253.1  4.079e+12
     255.1  4.083e+12
     257.1  4.087e+12
     259.1  4.091e+12
     261.1  4.094e+12
     263.1  4.097e+12
     265.1    4.1e+12
     267.1  4.103e+12
     269.1  4.106e+12
     271.1  4.109e+12
     273.1  4.112e+12
     275.1  4.116e+12
     277.1  4.118e+12
     279.1   4.12e+12
     281.1  4.122e+12
     283.1  4.124e+12
     285.1  4.126e+12
     287.1  4.128e+12
     289.1   4.13e+12
     291.1  4.132e+12
     293.1  4.134e+12
     295.1  4.137e+12
     297.1  4.139e+12
     299.1  4.141e+12
     301.1  4.142e+12
     303.1  4.144e+12
     305.1  4.146e+12
     307.1  4.147e+12
     309.1  4.148e+12
     311.1  4.149e+12
     313.1   4.15e+12
     315.1   4.15e+12
     317.1  4.151e+12
     319.1  4.151e+12
     321.1  4.152e+12
     323.1  4.152e+12
     325.1  4.153e+12
     327.1  4.153e+12
     329.1  4.153e+12
     331.1  4.154e+12
     333.1  4.154e+12
     335.1  4.154e+12
     337.1  4.155e+12
     339.1  4.155e+12
     341.1  4.155e+12
     343.1  4.155e+12
     345.1  4.155e+12
     347.1  4.155e+12
     349.1  4.155e+12
     351.1  4.155e+12
