         1      16.27
     3.001      17.45
     5.001      18.72
     7.002      19.56
     9.002      20.02
        11      20.41
        13      20.65
        15         21
        17      21.14
     19.01      21.32
     21.01      21.57
     23.01      21.79
     25.01      22.02
     27.01      22.17
     29.01      22.33
     31.01      22.46
     33.01       22.6
     35.01      22.74
     37.01      22.87
     39.01      22.97
     41.01      23.08
     43.01      23.19
     45.01      23.25
     47.01      23.37
     49.01      23.49
     51.01      23.63
     53.01      23.72
     55.02       23.8
     57.02      23.84
     59.02      23.91
     61.02      23.98
     63.02      24.12
     65.02      24.12
     67.02       24.2
     69.02      24.28
     71.02       24.3
     73.02      24.36
     75.02      24.45
     77.02      24.54
     79.02      24.63
     81.02      24.72
     83.02      24.76
     85.02      24.78
     87.02      24.78
     89.02      24.91
     91.03      25.04
     93.03      25.06
     95.03      25.13
     97.03      25.16
     99.03      25.14
       101      25.25
       103      25.31
       105      25.33
       107      25.43
       109      25.57
       111      25.69
       113      25.68
       115      25.69
       117      25.79
       119      25.93
       121      26.01
       123      26.02
       125      26.04
       127      26.16
       129      26.31
       131      26.19
       133       26.3
       135      26.48
       137      26.47
       139      26.52
       141      26.67
       143      27.05
       145       27.1
       147      27.16
       149      27.17
       151      27.29
       153       27.4
       155      27.41
       157      27.15
       159      27.14
       161      27.56
       163      27.71
       165      27.84
       167      28.45
       169      28.52
       171      28.51
       173      28.51
       175      28.85
       177      28.71
       179      28.82
       181      28.55
     183.1      28.96
     185.1      29.23
     187.1      28.96
     189.1      28.89
     191.1      29.21
     193.1      29.42
     195.1      29.52
     197.1      29.92
     199.1      30.32
     201.1      30.77
     203.1      30.51
     205.1       30.7
     207.1      31.12
     209.1      31.31
     211.1      31.62
     213.1      31.78
     215.1      32.46
     217.1      32.88
     219.1      31.97
     221.1      32.39
     223.1      32.96
     225.1      32.64
     227.1      32.59
     229.1      32.35
     231.1      32.46
     233.1       33.3
     235.1      33.04
     237.1      32.63
     239.1      32.81
     241.1         33
     243.1      33.64
     245.1      33.46
     247.1      32.75
     249.1      33.34
     251.1      33.69
     253.1      33.41
     255.1      33.45
     257.1      34.15
     259.1      34.04
     261.1      34.29
     263.1      34.75
     265.1      35.88
     267.1      35.59
     269.1      35.03
     271.1       34.8
     273.1      34.99
     275.1      35.19
     277.1      36.05
     279.1      36.43
     281.1      36.67
     283.1      36.61
     285.1       36.2
     287.1      35.23
     289.1      35.36
     291.1      34.34
     293.1      33.71
     295.1       34.6
     297.1      36.29
     299.1      37.51
     301.1      37.67
     303.1       36.8
     305.1      36.64
     307.1      37.54
     309.1      37.43
     311.1       37.4
     313.1      36.64
     315.1       37.2
     317.1      38.61
     319.1      39.19
     321.1      38.09
     323.1      39.79
     325.1      39.68
     327.1      39.31
     329.1      39.37
     331.1      37.61
     333.1      36.72
     335.1      39.44
     337.1      39.45
     339.1      44.05
     341.1      42.03
     343.1      38.12
     345.1      38.15
     347.1      42.91
     349.1      46.31
     351.1      44.75
