     2.022  2.473e+10
     6.066  7.276e+10
     10.11  9.467e+10
     14.15  1.084e+11
      18.2  1.166e+11
     22.24  1.256e+11
     26.29  1.317e+11
     30.33  1.402e+11
     34.38  1.479e+11
     38.42  1.542e+11
     42.46  1.612e+11
     46.51  1.812e+11
     50.55  1.939e+11
      54.6  1.988e+11
     58.64  2.073e+11
     62.68  2.244e+11
     66.73  2.298e+11
     70.77  2.352e+11
     74.82  2.441e+11
     78.86   2.46e+11
     82.91  2.475e+11
     86.95  2.486e+11
     90.99  2.494e+11
     95.04  2.501e+11
     99.08  2.511e+11
     103.1  2.521e+11
     107.2  2.538e+11
     111.2  2.627e+11
     115.3  2.809e+11
     119.3  2.828e+11
     123.3  2.834e+11
     127.4  2.839e+11
     131.4  2.842e+11
     135.5  2.848e+11
     139.5  2.857e+11
     143.6  2.874e+11
     147.6   2.94e+11
     151.7  3.286e+11
     155.7  3.341e+11
     159.7  3.355e+11
     163.8  3.361e+11
     167.8  3.371e+11
     171.9  3.383e+11
     175.9  3.388e+11
       180  3.426e+11
       184  3.439e+11
     188.1  3.446e+11
     192.1  3.449e+11
     196.1  3.452e+11
     200.2  3.455e+11
     204.2  3.464e+11
     208.3  3.569e+11
     212.3  3.758e+11
     216.4  3.771e+11
     220.4  3.788e+11
     224.5   3.98e+11
     228.5  4.004e+11
     232.5  4.008e+11
     236.6   4.01e+11
     240.6  4.011e+11
     244.7  4.012e+11
     248.7  4.012e+11
     252.8  4.012e+11
     256.8  4.013e+11
     260.8  4.013e+11
     264.9  4.013e+11
     268.9  4.013e+11
       273  4.013e+11
       277  4.013e+11
     281.1  4.013e+11
     285.1  4.013e+11
     289.2  4.013e+11
     293.2  4.013e+11
     297.2  4.013e+11
     301.3  4.013e+11
     305.3  4.013e+11
     309.4  4.013e+11
     313.4  4.013e+11
     317.5  4.013e+11
     321.5  4.013e+11
     325.6  4.013e+11
     329.6  4.013e+11
     333.6  4.013e+11
     337.7  4.013e+11
     341.7  4.013e+11
     345.8  4.013e+11
     349.8  4.013e+11
