     1.005      17.64
     3.016      18.94
     5.026      19.89
     7.037      20.67
     9.047      21.32
     11.06      21.73
     13.07      22.17
     15.08       22.6
     17.09      22.91
      19.1      23.04
     21.11      23.25
     23.12      23.67
     25.13      23.98
     27.14      23.79
     29.15      24.07
     31.16      24.28
     33.17      24.66
     35.18      24.97
     37.19      25.59
     39.21      25.24
     41.22      24.47
     43.23      24.89
     45.24      25.97
     47.25      26.92
     49.26      28.95
     51.27      30.95
     53.28      30.97
     55.29      30.02
      57.3      29.87
     59.31      30.23
     61.32      30.96
     63.33      31.66
     65.34      32.21
     67.35      30.84
     69.36      30.47
     71.37      32.23
     73.38       34.7
     75.39      37.19
     77.41      39.21
     79.42       40.8
     81.43      39.44
     83.44      40.06
     85.45      39.93
     87.46      41.65
     89.47      42.85
     91.48      44.03
     93.49      43.11
      95.5      43.28
     97.51      42.59
     99.52      43.41
     101.5      44.33
     103.5      44.46
     105.6      43.76
     107.6      43.71
     109.6      44.21
     111.6      44.35
     113.6      44.08
     115.6      44.88
     117.6      45.71
     119.6      46.43
     121.6      46.36
     123.6      46.29
     125.7      46.27
     127.7       46.4
     129.7      47.24
     131.7      46.87
     133.7      47.25
     135.7      46.76
     137.7      47.23
     139.7       47.4
     141.7      47.94
     143.8       47.8
     145.8      47.66
     147.8      48.06
     149.8      48.12
     151.8      47.99
     153.8      47.89
     155.8         48
     157.8      48.12
     159.8      48.54
     161.8      48.59
     163.9       48.3
     165.9      48.47
     167.9      48.55
     169.9      48.99
     171.9      48.93
     173.9      48.76
     175.9      48.58
     177.9      48.63
     179.9       49.1
       182      48.85
       184      48.71
       186      48.47
       188      48.32
       190       48.6
       192      48.72
       194       48.9
       196      48.96
       198      48.76
       200       48.8
     202.1      48.73
     204.1      48.98
     206.1      49.02
     208.1      49.08
     210.1      49.11
     212.1       48.9
     214.1       48.8
     216.1      48.77
     218.1      48.89
     220.2      49.08
     222.2      49.05
     224.2      49.11
     226.2      49.04
     228.2      49.28
     230.2      49.39
     232.2      49.39
     234.2      49.25
     236.2       49.3
     238.2      49.38
     240.3      49.52
     242.3      49.67
     244.3      49.79
     246.3      49.97
     248.3         50
     250.3         50
     252.3      49.95
     254.3      49.89
     256.3      49.83
     258.4      49.93
     260.4         50
     262.4         50
     264.4         50
     266.4         50
     268.4         50
     270.4         50
     272.4         50
     274.4         50
     276.4         50
     278.5         50
     280.5         50
     282.5         50
     284.5         50
     286.5         50
     288.5         50
     290.5         50
     292.5         50
     294.5         50
     296.6         50
     298.6         50
     300.6         50
     302.6         50
     304.6         50
     306.6         50
     308.6         50
     310.6         50
     312.6         50
     314.6         50
     316.7         50
     318.7         50
     320.7         50
     322.7         50
     324.7         50
     326.7         50
     328.7         50
     330.7         50
     332.7         50
     334.8         50
     336.8         50
     338.8         50
     340.8         50
     342.8         50
     344.8         50
     346.8         50
     348.8         50
     350.8         50
