     2.001  2.581e+10
     6.002  1.214e+11
        10  2.687e+11
        14  4.366e+11
        18  6.081e+11
     22.01  7.698e+11
     26.01  9.201e+11
     30.01  1.057e+12
     34.01  1.191e+12
     38.01  1.321e+12
     42.01  1.439e+12
     46.01  1.548e+12
     50.01  1.656e+12
     54.01  1.752e+12
     58.02  1.847e+12
     62.02   1.94e+12
     66.02  2.027e+12
     70.02   2.11e+12
     74.02  2.191e+12
     78.02  2.268e+12
     82.02  2.342e+12
     86.02  2.412e+12
     90.02  2.481e+12
     94.03  2.549e+12
     98.03  2.616e+12
       102  2.682e+12
       106  2.743e+12
       110  2.802e+12
       114   2.86e+12
       118  2.919e+12
       122  2.971e+12
       126  3.023e+12
       130  3.072e+12
       134   3.12e+12
       138  3.172e+12
       142   3.22e+12
       146  3.272e+12
       150  3.327e+12
       154  3.382e+12
       158  3.429e+12
       162  3.474e+12
       166  3.512e+12
       170  3.548e+12
       174  3.584e+12
       178   3.62e+12
     182.1  3.656e+12
     186.1  3.695e+12
     190.1  3.731e+12
     194.1  3.764e+12
     198.1  3.795e+12
     202.1  3.824e+12
     206.1  3.853e+12
     210.1  3.882e+12
     214.1  3.911e+12
     218.1  3.945e+12
     222.1  3.974e+12
     226.1      4e+12
     230.1  4.024e+12
     234.1  4.048e+12
     238.1   4.07e+12
     242.1  4.093e+12
     246.1  4.116e+12
     250.1  4.138e+12
     254.1  4.158e+12
     258.1  4.173e+12
     262.1  4.185e+12
     266.1  4.196e+12
     270.1  4.206e+12
     274.1  4.215e+12
     278.1  4.223e+12
     282.1   4.23e+12
     286.1  4.236e+12
     290.1  4.242e+12
     294.1  4.247e+12
     298.1  4.251e+12
     302.1  4.255e+12
     306.1  4.259e+12
     310.1  4.262e+12
     314.1  4.265e+12
     318.1  4.267e+12
     322.1   4.27e+12
     326.1  4.272e+12
     330.1  4.273e+12
     334.1  4.274e+12
     338.1  4.274e+12
     342.1  4.275e+12
     346.1  4.275e+12
     350.1  4.276e+12
