         1  3.125e+09
     3.001  4.228e+10
     5.001  9.079e+10
     7.002  1.536e+11
     9.002  2.286e+11
        11  3.105e+11
        13  3.964e+11
        15  4.802e+11
        17  5.673e+11
     19.01  6.492e+11
     21.01    7.3e+11
     23.01  8.075e+11
     25.01  8.838e+11
     27.01  9.543e+11
     29.01  1.024e+12
     31.01   1.09e+12
     33.01  1.156e+12
     35.01  1.224e+12
     37.01  1.289e+12
     39.01   1.35e+12
     41.01  1.409e+12
     43.01  1.467e+12
     45.01  1.521e+12
     47.01  1.575e+12
     49.01  1.628e+12
     51.01  1.679e+12
     53.01  1.729e+12
     55.02  1.773e+12
     57.02  1.824e+12
     59.02   1.87e+12
     61.02  1.918e+12
     63.02  1.961e+12
     65.02  2.004e+12
     67.02  2.047e+12
     69.02  2.087e+12
     71.02  2.132e+12
     73.02  2.171e+12
     75.02  2.211e+12
     77.02  2.249e+12
     79.02  2.287e+12
     81.02  2.324e+12
     83.02  2.361e+12
     85.02  2.396e+12
     87.02  2.429e+12
     89.02  2.463e+12
     91.03  2.499e+12
     93.03  2.531e+12
     95.03  2.566e+12
     97.03    2.6e+12
     99.03  2.632e+12
       101  2.666e+12
       103  2.698e+12
       105  2.729e+12
       107  2.757e+12
       109  2.787e+12
       111  2.817e+12
       113  2.846e+12
       115  2.875e+12
       117  2.904e+12
       119  2.932e+12
       121  2.959e+12
       123  2.984e+12
       125   3.01e+12
       127  3.035e+12
       129   3.06e+12
       131  3.085e+12
       133  3.108e+12
       135  3.133e+12
       137  3.159e+12
       139  3.184e+12
       141  3.209e+12
       143  3.232e+12
       145  3.258e+12
       147  3.286e+12
       149  3.314e+12
       151  3.341e+12
       153  3.369e+12
       155  3.394e+12
       157  3.418e+12
       159  3.441e+12
       161  3.464e+12
       163  3.484e+12
       165  3.503e+12
       167   3.52e+12
       169   3.54e+12
       171  3.558e+12
       173  3.575e+12
       175  3.592e+12
       177   3.61e+12
       179  3.629e+12
       181  3.647e+12
     183.1  3.666e+12
     185.1  3.686e+12
     187.1  3.705e+12
     189.1  3.722e+12
     191.1   3.74e+12
     193.1  3.757e+12
     195.1  3.772e+12
     197.1  3.786e+12
     199.1  3.802e+12
     201.1  3.816e+12
     203.1  3.832e+12
     205.1  3.846e+12
     207.1   3.86e+12
     209.1  3.875e+12
     211.1   3.89e+12
     213.1  3.904e+12
     215.1   3.92e+12
     217.1  3.937e+12
     219.1  3.954e+12
     221.1  3.967e+12
     223.1   3.98e+12
     225.1  3.993e+12
     227.1  4.006e+12
     229.1  4.019e+12
     231.1   4.03e+12
     233.1  4.042e+12
     235.1  4.053e+12
     237.1  4.065e+12
     239.1  4.076e+12
     241.1  4.087e+12
     243.1  4.099e+12
     245.1   4.11e+12
     247.1  4.121e+12
     249.1  4.132e+12
     251.1  4.144e+12
     253.1  4.154e+12
     255.1  4.162e+12
     257.1   4.17e+12
     259.1  4.176e+12
     261.1  4.182e+12
     263.1  4.188e+12
     265.1  4.194e+12
     267.1  4.199e+12
     269.1  4.204e+12
     271.1  4.208e+12
     273.1  4.213e+12
     275.1  4.217e+12
     277.1  4.221e+12
     279.1  4.224e+12
     281.1  4.228e+12
     283.1  4.231e+12
     285.1  4.235e+12
     287.1  4.238e+12
     289.1   4.24e+12
     291.1  4.243e+12
     293.1  4.246e+12
     295.1  4.248e+12
     297.1   4.25e+12
     299.1  4.252e+12
     301.1  4.254e+12
     303.1  4.256e+12
     305.1  4.258e+12
     307.1   4.26e+12
     309.1  4.262e+12
     311.1  4.263e+12
     313.1  4.265e+12
     315.1  4.266e+12
     317.1  4.267e+12
     319.1  4.268e+12
     321.1  4.269e+12
     323.1   4.27e+12
     325.1  4.271e+12
     327.1  4.272e+12
     329.1  4.273e+12
     331.1  4.273e+12
     333.1  4.274e+12
     335.1  4.274e+12
     337.1  4.274e+12
     339.1  4.275e+12
     341.1  4.275e+12
     343.1  4.275e+12
     345.1  4.275e+12
     347.1  4.275e+12
     349.1  4.276e+12
     351.1  4.276e+12
