         1      16.81
     3.001      20.22
     5.001      20.31
     7.002      20.15
     9.002      20.27
        11      20.54
        13      20.63
        15      20.72
        17      20.95
     19.01      21.12
     21.01      21.15
     23.01      21.38
     25.01      21.48
     27.01       21.6
     29.01      21.65
     31.01      21.77
     33.01      21.92
     35.01      21.98
     37.01      22.11
     39.01      22.22
     41.01      22.33
     43.01      22.43
     45.01      22.53
     47.01      22.54
     49.01       22.6
     51.01      22.74
     53.01      22.86
     55.02      22.93
     57.02         23
     59.02      23.03
     61.02      23.09
     63.02      23.16
     65.02      23.19
     67.02      23.27
     69.02      23.31
     71.02      23.39
     73.02      23.43
     75.02      23.49
     77.02      23.55
     79.02      23.63
     81.02      23.62
     83.02      23.61
     85.02      23.74
     87.02      23.77
     89.02      23.76
     91.03      23.85
     93.03      23.86
     95.03      23.93
     97.03      24.07
     99.03      24.03
       101      23.99
       103      24.09
       105       24.2
       107      24.28
       109      24.36
       111      24.34
       113      24.38
       115      24.39
       117      24.42
       119      24.49
       121      24.57
       123      24.59
       125      24.62
       127      24.77
       129      24.76
       131      24.66
       133      24.75
       135       24.8
       137      24.83
       139      24.86
       141      24.92
       143       24.9
       145      24.89
       147         25
       149      25.04
       151      25.06
       153      25.04
       155      25.09
       157      25.17
       159      25.17
       161      25.33
       163      25.47
       165      25.54
       167      25.54
       169      25.51
       171      25.54
       173       25.6
       175      25.62
       177      25.67
       179      25.74
       181      25.99
     183.1      25.97
     185.1      25.88
     187.1      25.85
     189.1      25.83
     191.1      25.94
     193.1      26.12
     195.1      26.36
     197.1       26.3
     199.1      26.22
     201.1      26.39
     203.1      26.42
     205.1      26.52
     207.1      26.85
     209.1      26.85
     211.1      26.79
     213.1      26.71
     215.1      26.89
     217.1      27.03
     219.1      26.95
     221.1      26.99
     223.1      27.11
     225.1      27.41
     227.1      27.44
     229.1      27.59
     231.1      27.43
     233.1      27.29
     235.1      27.85
     237.1      27.69
     239.1      27.82
     241.1       27.9
     243.1      28.02
     245.1       28.4
     247.1      28.56
     249.1      29.37
     251.1      29.17
     253.1      29.44
     255.1      29.51
     257.1      29.88
     259.1      30.22
     261.1      29.28
     263.1      28.83
     265.1      29.42
     267.1      30.46
     269.1      30.97
     271.1      30.55
     273.1      29.91
     275.1      31.11
     277.1      31.67
     279.1      31.51
     281.1      31.96
     283.1      31.63
     285.1         32
     287.1      31.96
     289.1      30.86
     291.1      30.94
     293.1      31.82
     295.1      31.89
     297.1      31.54
     299.1      31.38
     301.1      32.69
     303.1      32.94
     305.1       33.4
     307.1      33.34
     309.1      32.45
     311.1      32.52
     313.1      32.83
     315.1      32.63
     317.1      33.05
     319.1      31.43
     321.1      32.29
     323.1      32.63
     325.1      33.61
     327.1      33.49
     329.1      32.94
     331.1      33.63
     333.1      33.94
     335.1      35.46
     337.1      35.36
     339.1      36.31
     341.1      36.71
     343.1      35.59
     345.1       36.1
     347.1      36.66
     349.1      35.34
     351.1       39.1
