     2.001      18.75
     6.002      19.89
        10       20.1
        14      20.36
        18      20.71
     22.01      20.93
     26.01      21.21
     30.01      21.39
     34.01      21.62
     38.01      21.84
     42.01      22.04
     46.01       22.2
     50.01      22.33
     54.01      22.55
     58.02      22.66
     62.02      22.79
     66.02      22.89
     70.02      23.01
     74.02      23.12
     78.02      23.25
     82.02      23.29
     86.02      23.42
     90.02      23.47
     94.03      23.56
     98.03      23.71
       102       23.7
       106       23.9
       110         24
       114      24.05
       118      24.11
       122      24.24
       126      24.34
       130      24.36
       134      24.42
       138      24.48
       142      24.55
       146      24.59
       150       24.7
       154      24.71
       158      24.81
       162      25.04
       166      25.17
       170      25.16
       174      25.25
       178      25.34
     182.1      25.61
     186.1       25.5
     190.1      25.52
     194.1      25.88
     198.1       25.9
     202.1      26.04
     206.1      26.32
     210.1      26.45
     214.1      26.43
     218.1      26.63
     222.1      26.69
     226.1      27.07
     230.1      27.16
     234.1       27.2
     238.1       27.4
     242.1       27.6
     246.1      28.12
     250.1      28.92
     254.1      29.11
     258.1      29.71
     262.1      28.73
     266.1      29.58
     270.1      30.44
     274.1      30.22
     278.1      31.28
     282.1      31.49
     286.1      31.67
     290.1      30.59
     294.1      31.54
     298.1      31.13
     302.1      32.51
     306.1      33.09
     310.1      32.18
     314.1      32.45
     318.1      31.85
     322.1      32.17
     326.1      33.26
     330.1      32.91
     334.1      34.21
     338.1      35.49
     342.1      35.74
     346.1       36.2
     350.1      36.61
