     2.001  1.656e+10
     6.002  8.014e+10
        10  1.595e+11
        14  2.426e+11
        18  3.268e+11
     22.01  4.104e+11
     26.01  4.943e+11
     30.01  5.742e+11
     34.01  6.506e+11
     38.01  7.232e+11
     42.01  7.974e+11
     46.01  8.681e+11
     50.01  9.348e+11
     54.01   9.97e+11
     58.02   1.06e+12
     62.02  1.121e+12
     66.02  1.176e+12
     70.02  1.228e+12
     74.02   1.28e+12
     78.02  1.333e+12
     82.02  1.381e+12
     86.02  1.426e+12
     90.02  1.469e+12
     94.03  1.511e+12
     98.03  1.557e+12
       102    1.6e+12
       106  1.644e+12
       110  1.681e+12
       114  1.716e+12
       118  1.753e+12
       122  1.786e+12
       126  1.819e+12
       130  1.854e+12
       134  1.886e+12
       138  1.916e+12
       142  1.946e+12
       146  1.973e+12
       150  2.002e+12
       154  2.029e+12
       158  2.057e+12
       162  2.086e+12
       166   2.11e+12
       170  2.134e+12
       174  2.157e+12
       178  2.178e+12
     182.1    2.2e+12
     186.1  2.222e+12
     190.1  2.244e+12
     194.1  2.265e+12
     198.1  2.287e+12
     202.1  2.307e+12
     206.1  2.327e+12
     210.1  2.346e+12
     214.1  2.364e+12
     218.1   2.38e+12
     222.1    2.4e+12
     226.1  2.417e+12
     230.1  2.433e+12
     234.1  2.448e+12
     238.1  2.464e+12
     242.1  2.479e+12
     246.1  2.495e+12
     250.1   2.51e+12
     254.1  2.523e+12
     258.1  2.536e+12
     262.1  2.548e+12
     266.1  2.557e+12
     270.1  2.566e+12
     274.1  2.574e+12
     278.1  2.582e+12
     282.1  2.588e+12
     286.1  2.592e+12
     290.1  2.595e+12
     294.1  2.599e+12
     298.1  2.601e+12
     302.1  2.603e+12
     306.1  2.604e+12
     310.1  2.606e+12
     314.1  2.608e+12
     318.1  2.609e+12
     322.1   2.61e+12
     326.1   2.61e+12
     330.1   2.61e+12
     334.1  2.611e+12
     338.1  2.611e+12
     342.1  2.612e+12
     346.1  2.612e+12
     350.1  2.612e+12
