     2.001       19.9
     6.002      20.64
        10      20.89
        14      21.18
        18      21.43
     22.01      21.57
     26.01      21.86
     30.01      22.11
     34.01      22.34
     38.01      22.49
     42.01      22.59
     46.01      22.77
     50.01      22.98
     54.01      23.07
     58.02      23.13
     62.02       23.3
     66.02       23.5
     70.02      23.66
     74.02      23.72
     78.02      23.87
     82.02      24.01
     86.02      24.15
     90.02      24.26
     94.03      24.29
     98.03      24.35
       102      24.45
       106      24.68
       110      24.76
       114       24.9
       118      25.02
       122      25.26
       126      25.09
       130      25.35
       134      25.39
       138      25.56
       142       25.8
       146      26.11
       150      25.91
       154      26.21
       158      25.98
       162      26.33
       166       26.4
       170      26.52
       174      26.91
       178      26.99
     182.1      27.44
     186.1       27.9
     190.1       27.6
     194.1      27.74
     198.1      27.94
     202.1      27.85
     206.1      28.03
     210.1      27.96
     214.1       28.5
     218.1       28.6
     222.1      28.78
     226.1      29.22
     230.1      29.87
     234.1      30.14
     238.1      30.32
     242.1      30.31
     246.1      30.35
     250.1      31.54
     254.1      30.99
     258.1      31.32
     262.1      31.31
     266.1      31.15
     270.1      32.01
     274.1      31.32
     278.1      30.12
     282.1      31.91
     286.1      32.28
     290.1      32.49
     294.1      33.44
     298.1      34.02
     302.1      34.49
     306.1      34.73
     310.1       34.2
     314.1      37.16
     318.1      37.03
     322.1      36.55
     326.1      39.31
     330.1      40.58
     334.1      38.37
     338.1      36.22
     342.1      37.08
     346.1      36.89
     350.1      42.61
