         1  3.481e+09
     3.001  3.112e+10
     5.001  6.679e+10
     7.002   1.08e+11
     9.002  1.564e+11
        11  2.069e+11
        13  2.583e+11
        15  3.125e+11
        17  3.699e+11
     19.01  4.296e+11
     21.01  4.854e+11
     23.01  5.398e+11
     25.01  5.976e+11
     27.01  6.539e+11
     29.01  7.116e+11
     31.01  7.703e+11
     33.01  8.326e+11
     35.01  8.909e+11
     37.01  9.516e+11
     39.01  1.013e+12
     41.01  1.073e+12
     43.01  1.132e+12
     45.01   1.19e+12
     47.01  1.248e+12
     49.01  1.308e+12
     51.01  1.367e+12
     53.01  1.421e+12
     55.02  1.478e+12
     57.02  1.535e+12
     59.02  1.593e+12
     61.02  1.643e+12
     63.02  1.694e+12
     65.02  1.745e+12
     67.02  1.794e+12
     69.02  1.841e+12
     71.02  1.891e+12
     73.02  1.937e+12
     75.02  1.981e+12
     77.02  2.022e+12
     79.02  2.061e+12
     81.02    2.1e+12
     83.02  2.138e+12
     85.02  2.174e+12
     87.02  2.208e+12
     89.02  2.243e+12
     91.03  2.275e+12
     93.03  2.304e+12
     95.03  2.333e+12
     97.03  2.361e+12
     99.03  2.388e+12
       101  2.418e+12
       103  2.443e+12
       105  2.469e+12
       107  2.494e+12
       109   2.52e+12
       111  2.544e+12
       113  2.567e+12
       115   2.59e+12
       117  2.612e+12
       119  2.637e+12
       121  2.662e+12
       123  2.685e+12
       125  2.707e+12
       127  2.728e+12
       129  2.749e+12
       131  2.769e+12
       133   2.79e+12
       135   2.81e+12
       137   2.83e+12
       139  2.849e+12
       141  2.869e+12
       143   2.89e+12
       145   2.91e+12
       147  2.928e+12
       149  2.948e+12
       151  2.967e+12
       153  2.985e+12
       155  3.002e+12
       157   3.02e+12
       159  3.037e+12
       161  3.053e+12
       163  3.069e+12
       165  3.084e+12
       167    3.1e+12
       169  3.116e+12
       171  3.133e+12
       173  3.148e+12
       175  3.165e+12
       177   3.18e+12
       179  3.193e+12
       181  3.206e+12
     183.1   3.22e+12
     185.1  3.234e+12
     187.1  3.247e+12
     189.1  3.262e+12
     191.1  3.276e+12
     193.1  3.287e+12
     195.1  3.299e+12
     197.1   3.31e+12
     199.1  3.321e+12
     201.1  3.331e+12
     203.1  3.341e+12
     205.1   3.35e+12
     207.1  3.359e+12
     209.1  3.369e+12
     211.1  3.379e+12
     213.1  3.389e+12
     215.1  3.399e+12
     217.1  3.408e+12
     219.1  3.418e+12
     221.1  3.428e+12
     223.1  3.439e+12
     225.1  3.449e+12
     227.1  3.458e+12
     229.1  3.468e+12
     231.1  3.477e+12
     233.1  3.486e+12
     235.1  3.493e+12
     237.1  3.502e+12
     239.1  3.511e+12
     241.1  3.521e+12
     243.1  3.531e+12
     245.1   3.54e+12
     247.1  3.549e+12
     249.1  3.557e+12
     251.1  3.564e+12
     253.1   3.57e+12
     255.1  3.575e+12
     257.1  3.583e+12
     259.1  3.589e+12
     261.1  3.594e+12
     263.1    3.6e+12
     265.1  3.604e+12
     267.1  3.608e+12
     269.1  3.612e+12
     271.1  3.615e+12
     273.1  3.618e+12
     275.1  3.621e+12
     277.1  3.624e+12
     279.1  3.627e+12
     281.1  3.629e+12
     283.1  3.631e+12
     285.1  3.634e+12
     287.1  3.636e+12
     289.1  3.637e+12
     291.1  3.639e+12
     293.1   3.64e+12
     295.1  3.641e+12
     297.1  3.643e+12
     299.1  3.644e+12
     301.1  3.645e+12
     303.1  3.647e+12
     305.1  3.648e+12
     307.1  3.649e+12
     309.1  3.649e+12
     311.1   3.65e+12
     313.1  3.651e+12
     315.1  3.652e+12
     317.1  3.653e+12
     319.1  3.653e+12
     321.1  3.654e+12
     323.1  3.654e+12
     325.1  3.655e+12
     327.1  3.655e+12
     329.1  3.656e+12
     331.1  3.656e+12
     333.1  3.657e+12
     335.1  3.657e+12
     337.1  3.657e+12
     339.1  3.658e+12
     341.1  3.658e+12
     343.1  3.658e+12
     345.1  3.658e+12
     347.1  3.658e+12
     349.1  3.659e+12
     351.1  3.659e+12
