         1      20.28
     3.001      20.64
     5.001      20.82
     7.002      20.87
     9.002      21.04
        11      21.12
        13      21.22
        15      21.36
        17      21.45
     19.01      21.56
     21.01      21.68
     23.01      21.59
     25.01      21.57
     27.01      21.71
     29.01      21.84
     31.01      21.82
     33.01         22
     35.01      22.12
     37.01       22.2
     39.01      22.33
     41.01      22.45
     43.01      22.54
     45.01      22.56
     47.01      22.56
     49.01      22.66
     51.01      22.86
     53.01      22.95
     55.02         23
     57.02         23
     59.02      23.12
     61.02      23.17
     63.02      23.23
     65.02      23.35
     67.02      23.44
     69.02      23.37
     71.02      23.43
     73.02      23.48
     75.02      23.52
     77.02      23.63
     79.02      23.67
     81.02      23.68
     83.02       23.7
     85.02      23.75
     87.02      23.84
     89.02      23.91
     91.03      24.07
     93.03      24.07
     95.03      24.09
     97.03      24.12
     99.03      24.05
       101       24.1
       103      24.17
       105      24.21
       107      24.18
       109       24.2
       111      24.25
       113      24.31
       115       24.4
       117      24.42
       119      24.45
       121      24.61
       123       24.7
       125      24.67
       127      24.76
       129       24.8
       131      24.79
       133      24.81
       135      24.95
       137       24.9
       139      24.94
       141      24.95
       143      24.97
       145      25.07
       147      25.17
       149      25.15
       151      25.26
       153      25.31
       155      25.48
       157       25.4
       159       25.4
       161       25.5
       163      25.64
       165      25.77
       167      26.19
       169      26.09
       171      26.01
       173      25.91
       175      25.76
       177       25.9
       179      26.02
       181      26.16
     183.1      26.32
     185.1      26.28
     187.1      26.25
     189.1      26.24
     191.1      26.48
     193.1      26.77
     195.1      26.74
     197.1      26.63
     199.1      26.76
     201.1      27.09
     203.1       27.3
     205.1      27.13
     207.1      27.05
     209.1      26.95
     211.1      27.21
     213.1      27.14
     215.1      27.22
     217.1      27.42
     219.1      27.53
     221.1       27.7
     223.1      27.83
     225.1      27.82
     227.1      27.68
     229.1      27.43
     231.1      27.49
     233.1         28
     235.1      28.26
     237.1      27.89
     239.1      27.55
     241.1      27.56
     243.1         28
     245.1       28.1
     247.1      28.13
     249.1      28.59
     251.1      29.19
     253.1      29.56
     255.1      28.89
     257.1      28.52
     259.1      28.56
     261.1      28.98
     263.1      29.15
     265.1      29.42
     267.1      29.57
     269.1      29.65
     271.1      30.21
     273.1      30.16
     275.1      29.54
     277.1      30.44
     279.1      31.36
     281.1      31.37
     283.1      31.14
     285.1      31.57
     287.1       32.2
     289.1      33.59
     291.1      34.58
     293.1      33.29
     295.1      32.42
     297.1      32.12
     299.1      32.16
     301.1      32.21
     303.1      32.42
     305.1       32.8
     307.1      33.98
     309.1      32.59
     311.1      32.08
     313.1      31.73
     315.1      32.91
     317.1      34.79
     319.1       34.9
     321.1      34.16
     323.1      32.66
     325.1      33.15
     327.1       34.9
     329.1      31.35
     331.1      35.22
     333.1      36.59
     335.1      38.99
     337.1      38.57
     339.1      38.36
     341.1      36.71
     343.1      33.41
     345.1      33.44
     347.1      35.24
     349.1      38.17
     351.1      38.42
