     2.001   2.65e+10
     6.002  1.217e+11
        10  2.256e+11
     14.01  3.208e+11
     18.01  4.122e+11
     22.01  5.002e+11
     26.01  5.747e+11
     30.01  6.506e+11
     34.01  7.145e+11
     38.02  7.805e+11
     42.02  8.421e+11
     46.02  8.982e+11
     50.02  9.498e+11
     54.02  1.004e+12
     58.02  1.051e+12
     62.02  1.096e+12
     66.03  1.144e+12
     70.03  1.192e+12
     74.03  1.236e+12
     78.03  1.283e+12
     82.03  1.327e+12
     86.03  1.368e+12
     90.04  1.404e+12
     94.04  1.437e+12
     98.04  1.466e+12
       102  1.489e+12
       106  1.512e+12
       110  1.535e+12
       114  1.555e+12
       118  1.577e+12
       122  1.597e+12
       126  1.617e+12
     130.1  1.637e+12
     134.1  1.655e+12
     138.1  1.673e+12
     142.1  1.688e+12
     146.1  1.707e+12
     150.1  1.723e+12
     154.1  1.737e+12
     158.1  1.752e+12
     162.1  1.767e+12
     166.1  1.782e+12
     170.1  1.797e+12
     174.1  1.811e+12
     178.1  1.824e+12
     182.1  1.837e+12
     186.1  1.854e+12
     190.1  1.871e+12
     194.1  1.888e+12
     198.1  1.901e+12
     202.1  1.913e+12
     206.1  1.927e+12
     210.1  1.939e+12
     214.1  1.952e+12
     218.1  1.967e+12
     222.1  1.981e+12
     226.1  1.996e+12
     230.1   2.01e+12
     234.1  2.022e+12
     238.1  2.033e+12
     242.1  2.045e+12
     246.1  2.059e+12
     250.1   2.07e+12
     254.1  2.079e+12
     258.1  2.089e+12
     262.1  2.098e+12
     266.1  2.106e+12
     270.1  2.113e+12
     274.1  2.118e+12
     278.1  2.123e+12
     282.1  2.127e+12
     286.1   2.13e+12
     290.1  2.134e+12
     294.1  2.138e+12
     298.1  2.141e+12
     302.1  2.144e+12
     306.1  2.146e+12
     310.1  2.148e+12
     314.1   2.15e+12
     318.1  2.152e+12
     322.1  2.153e+12
     326.1  2.154e+12
     330.1  2.156e+12
     334.1  2.157e+12
     338.1  2.158e+12
     342.1  2.159e+12
     346.1   2.16e+12
     350.1  2.161e+12
