         1  1.102e+10
     3.001  4.709e+10
     5.002  9.419e+10
     7.003  1.488e+11
     9.004  2.006e+11
        11   2.49e+11
     13.01  2.961e+11
     15.01  3.446e+11
     17.01  3.894e+11
     19.01  4.365e+11
     21.01  4.796e+11
     23.01  5.215e+11
     25.01  5.579e+11
     27.01  5.946e+11
     29.01  6.333e+11
     31.01  6.669e+11
     33.01  6.979e+11
     35.01  7.304e+11
     37.01  7.633e+11
     39.02  7.968e+11
     41.02  8.273e+11
     43.02  8.565e+11
     45.02  8.848e+11
     47.02  9.104e+11
     49.02  9.368e+11
     51.02  9.638e+11
     53.02  9.903e+11
     55.02  1.016e+12
     57.02  1.039e+12
     59.02  1.062e+12
     61.02  1.085e+12
     63.02  1.108e+12
     65.03  1.132e+12
     67.03  1.157e+12
     69.03  1.181e+12
     71.03  1.202e+12
     73.03  1.224e+12
     75.03  1.248e+12
     77.03  1.273e+12
     79.03  1.295e+12
     81.03  1.316e+12
     83.03  1.336e+12
     85.03  1.357e+12
     87.03  1.377e+12
     89.04  1.396e+12
     91.04  1.412e+12
     93.04  1.429e+12
     95.04  1.444e+12
     97.04  1.459e+12
     99.04  1.472e+12
       101  1.483e+12
       103  1.494e+12
       105  1.506e+12
       107  1.518e+12
       109  1.529e+12
       111   1.54e+12
       113  1.549e+12
       115  1.561e+12
       117  1.572e+12
       119  1.581e+12
       121  1.592e+12
       123  1.602e+12
       125  1.612e+12
     127.1  1.623e+12
     129.1  1.633e+12
     131.1  1.642e+12
     133.1  1.651e+12
     135.1   1.66e+12
     137.1   1.67e+12
     139.1  1.676e+12
     141.1  1.685e+12
     143.1  1.693e+12
     145.1  1.703e+12
     147.1  1.712e+12
     149.1  1.719e+12
     151.1  1.726e+12
     153.1  1.733e+12
     155.1  1.741e+12
     157.1  1.748e+12
     159.1  1.755e+12
     161.1  1.763e+12
     163.1  1.771e+12
     165.1  1.778e+12
     167.1  1.786e+12
     169.1  1.793e+12
     171.1    1.8e+12
     173.1  1.808e+12
     175.1  1.815e+12
     177.1   1.82e+12
     179.1  1.827e+12
     181.1  1.834e+12
     183.1  1.841e+12
     185.1  1.849e+12
     187.1  1.858e+12
     189.1  1.865e+12
     191.1  1.877e+12
     193.1  1.885e+12
     195.1  1.891e+12
     197.1  1.897e+12
     199.1  1.904e+12
     201.1  1.909e+12
     203.1  1.916e+12
     205.1  1.924e+12
     207.1  1.931e+12
     209.1  1.937e+12
     211.1  1.942e+12
     213.1  1.948e+12
     215.1  1.955e+12
     217.1  1.963e+12
     219.1  1.971e+12
     221.1  1.977e+12
     223.1  1.985e+12
     225.1  1.992e+12
     227.1      2e+12
     229.1  2.007e+12
     231.1  2.014e+12
     233.1  2.019e+12
     235.1  2.025e+12
     237.1   2.03e+12
     239.1  2.036e+12
     241.1  2.042e+12
     243.1   2.05e+12
     245.1  2.056e+12
     247.1  2.062e+12
     249.1  2.067e+12
     251.1  2.072e+12
     253.1  2.077e+12
     255.1  2.081e+12
     257.1  2.087e+12
     259.1  2.091e+12
     261.1  2.096e+12
     263.1    2.1e+12
     265.1  2.104e+12
     267.1  2.108e+12
     269.1  2.111e+12
     271.1  2.114e+12
     273.1  2.117e+12
     275.1   2.12e+12
     277.1  2.122e+12
     279.1  2.124e+12
     281.1  2.126e+12
     283.1  2.128e+12
     285.1   2.13e+12
     287.1  2.131e+12
     289.1  2.133e+12
     291.1  2.135e+12
     293.1  2.137e+12
     295.1  2.139e+12
     297.1   2.14e+12
     299.1  2.142e+12
     301.1  2.143e+12
     303.1  2.144e+12
     305.1  2.145e+12
     307.1  2.146e+12
     309.1  2.147e+12
     311.1  2.148e+12
     313.1  2.149e+12
     315.1  2.151e+12
     317.1  2.151e+12
     319.1  2.152e+12
     321.1  2.153e+12
     323.1  2.154e+12
     325.1  2.154e+12
     327.1  2.155e+12
     329.1  2.156e+12
     331.1  2.157e+12
     333.1  2.157e+12
     335.1  2.158e+12
     337.1  2.158e+12
     339.1  2.158e+12
     341.1  2.159e+12
     343.1   2.16e+12
     345.1   2.16e+12
     347.1   2.16e+12
     349.1  2.161e+12
     351.1  2.161e+12
