     2.001      18.73
     6.002      19.87
        10      20.32
     14.01      20.72
     18.01      21.03
     22.01      21.31
     26.01      21.61
     30.01      21.87
     34.01      22.08
     38.02      22.28
     42.02      22.57
     46.02      22.74
     50.02      22.98
     54.02      23.02
     58.02      23.16
     62.02      23.31
     66.03       23.3
     70.03       23.7
     74.03      23.61
     78.03      23.74
     82.03      23.92
     86.03      24.05
     90.04      24.76
     94.04      24.51
     98.04      24.82
       102       25.4
       106      25.37
       110      25.66
       114      25.44
       118      25.98
       122      26.89
       126      26.83
     130.1      26.39
     134.1      26.97
     138.1      27.97
     142.1      27.93
     146.1      27.41
     150.1      28.13
     154.1      28.48
     158.1      28.96
     162.1      28.06
     166.1      27.82
     170.1      29.03
     174.1      30.21
     178.1      30.66
     182.1      30.59
     186.1      31.25
     190.1      31.52
     194.1      32.38
     198.1      32.83
     202.1      32.07
     206.1      31.97
     210.1      33.48
     214.1      34.95
     218.1      34.71
     222.1      33.41
     226.1      33.74
     230.1      35.03
     234.1      36.14
     238.1      35.65
     242.1      35.01
     246.1      35.65
     250.1       37.1
     254.1      37.19
     258.1      37.57
     262.1      37.53
     266.1      37.48
     270.1       38.2
     274.1      37.97
     278.1       37.5
     282.1      36.66
     286.1      37.51
     290.1      37.67
     294.1      38.07
     298.1      38.16
     302.1       38.7
     306.1      36.86
     310.1      36.58
     314.1       36.5
     318.1      37.52
     322.1      38.48
     326.1      38.26
     330.1      38.12
     334.1      37.48
     338.1      37.35
     342.1      36.82
     346.1      37.38
     350.1      35.15
