     2.001      18.46
     6.002      19.55
        10      20.04
     14.01      20.44
     18.01      20.75
     22.01      21.04
     26.01      21.35
     30.01       21.6
     34.01      21.82
     38.02      22.01
     42.02      22.29
     46.02      22.47
     50.02       22.7
     54.02      22.74
     58.02      22.89
     62.02      23.03
     66.03      23.03
     70.03      23.42
     74.03      23.32
     78.03      23.46
     82.03      23.64
     86.03      23.77
     90.04      24.48
     94.04      24.23
     98.04      24.53
       102      25.12
       106      25.09
       110      25.38
       114      25.16
       118       25.7
       122      26.62
       126      26.55
     130.1      26.11
     134.1       26.7
     138.1       27.7
     142.1      27.66
     146.1      27.13
     150.1      27.85
     154.1       28.2
     158.1       28.7
     162.1      27.79
     166.1      27.54
     170.1      28.77
     174.1      29.96
     178.1      30.41
     182.1      30.35
     186.1         31
     190.1      31.29
     194.1      32.15
     198.1       32.6
     202.1      31.84
     206.1      31.74
     210.1      33.26
     214.1      34.71
     218.1      34.43
     222.1      33.14
     226.1      33.54
     230.1      34.85
     234.1      35.96
     238.1      35.47
     242.1      34.83
     246.1      35.47
     250.1      36.94
     254.1      37.01
     258.1       37.3
     262.1      37.22
     266.1       37.1
     270.1      37.96
     274.1      37.83
     278.1      37.33
     282.1      36.49
     286.1      37.36
     290.1      37.52
     294.1      37.91
     298.1         38
     302.1      38.55
     306.1      36.68
     310.1       36.4
     314.1      36.32
     318.1      37.36
     322.1      38.33
     326.1       38.1
     330.1      37.96
     334.1      37.31
     338.1      37.19
     342.1      36.66
     346.1      37.21
     350.1      34.94
