         1  1.387e+11
     3.001  9.665e+11
     5.001  1.917e+12
     7.002  2.668e+12
     9.002  3.204e+12
        11  3.613e+12
        13  3.937e+12
        15  4.203e+12
        17  4.423e+12
     19.01  4.611e+12
     21.01  4.772e+12
     23.01  4.915e+12
     25.01  5.056e+12
     27.01   5.19e+12
     29.01  5.315e+12
     31.01  5.436e+12
     33.01  5.548e+12
     35.01  5.658e+12
     37.01  5.763e+12
     39.01  5.868e+12
     41.01   5.97e+12
     43.01  6.075e+12
     45.01  6.179e+12
     47.01   6.29e+12
     49.01  6.398e+12
     51.01  6.506e+12
     53.01   6.61e+12
     55.02  6.719e+12
     57.02  6.829e+12
     59.02  6.939e+12
     61.02  7.049e+12
     63.02  7.154e+12
     65.02  7.263e+12
     67.02  7.369e+12
     69.02  7.477e+12
     71.02  7.582e+12
     73.02  7.688e+12
     75.02  7.796e+12
     77.02  7.901e+12
     79.02  8.008e+12
     81.02  8.115e+12
     83.02  8.222e+12
     85.02  8.332e+12
     87.02  8.435e+12
     89.02  8.529e+12
     91.03  8.625e+12
     93.03  8.717e+12
     95.03  8.803e+12
     97.03  8.889e+12
     99.03  8.968e+12
       101  9.047e+12
       103  9.127e+12
       105  9.205e+12
       107   9.28e+12
       109  9.346e+12
       111  9.414e+12
       113  9.477e+12
       115  9.545e+12
       117  9.609e+12
       119   9.67e+12
       121  9.727e+12
       123  9.782e+12
       125  9.835e+12
       127  9.887e+12
       129   9.94e+12
       131  9.992e+12
       133  1.004e+13
       135  1.009e+13
       137  1.013e+13
       139  1.018e+13
       141  1.022e+13
       143  1.027e+13
       145  1.031e+13
       147  1.035e+13
       149  1.039e+13
       151  1.043e+13
       153  1.047e+13
       155  1.052e+13
       157  1.056e+13
       159   1.06e+13
       161  1.064e+13
       163  1.067e+13
       165  1.071e+13
       167  1.074e+13
       169  1.078e+13
       171  1.081e+13
       173  1.084e+13
       175  1.087e+13
       177   1.09e+13
       179  1.093e+13
       181  1.096e+13
     183.1  1.099e+13
     185.1  1.102e+13
     187.1  1.105e+13
     189.1  1.108e+13
     191.1  1.111e+13
     193.1  1.114e+13
     195.1  1.117e+13
     197.1  1.119e+13
     199.1  1.122e+13
     201.1  1.126e+13
     203.1  1.129e+13
     205.1  1.132e+13
     207.1  1.135e+13
     209.1  1.138e+13
     211.1  1.141e+13
     213.1  1.144e+13
     215.1  1.147e+13
     217.1  1.151e+13
     219.1  1.154e+13
     221.1  1.156e+13
     223.1  1.159e+13
     225.1  1.161e+13
     227.1  1.164e+13
     229.1  1.166e+13
     231.1  1.168e+13
     233.1  1.171e+13
     235.1  1.174e+13
     237.1  1.176e+13
     239.1  1.179e+13
     241.1  1.181e+13
     243.1  1.184e+13
     245.1  1.186e+13
     247.1  1.188e+13
     249.1   1.19e+13
     251.1  1.192e+13
     253.1  1.194e+13
     255.1  1.195e+13
     257.1  1.196e+13
     259.1  1.198e+13
     261.1  1.199e+13
     263.1    1.2e+13
     265.1  1.201e+13
     267.1  1.202e+13
     269.1  1.202e+13
     271.1  1.203e+13
     273.1  1.204e+13
     275.1  1.205e+13
     277.1  1.205e+13
     279.1  1.206e+13
     281.1  1.206e+13
     283.1  1.207e+13
     285.1  1.207e+13
     287.1  1.208e+13
     289.1  1.208e+13
     291.1  1.208e+13
     293.1  1.209e+13
     295.1  1.209e+13
     297.1   1.21e+13
     299.1   1.21e+13
     301.1   1.21e+13
     303.1   1.21e+13
     305.1  1.211e+13
     307.1  1.211e+13
     309.1  1.211e+13
     311.1  1.211e+13
     313.1  1.212e+13
     315.1  1.212e+13
     317.1  1.212e+13
     319.1  1.212e+13
     321.1  1.213e+13
     323.1  1.213e+13
     325.1  1.213e+13
     327.1  1.213e+13
     329.1  1.213e+13
     331.1  1.213e+13
     333.1  1.213e+13
     335.1  1.213e+13
     337.1  1.213e+13
     339.1  1.213e+13
     341.1  1.213e+13
     343.1  1.213e+13
     345.1  1.213e+13
     347.1  1.213e+13
     349.1  1.214e+13
     351.1  1.214e+13
