         1       14.9
     3.001      15.93
     5.001      17.02
     7.002      17.99
     9.002      18.75
        11      19.36
        13      19.74
        15      20.14
        17      20.41
     19.01       20.7
     21.01      20.95
     23.01      21.11
     25.01      21.22
     27.01      21.36
     29.01      21.41
     31.01      21.56
     33.01      21.71
     35.01      21.74
     37.01       21.8
     39.01      21.78
     41.01      21.89
     43.01      21.89
     45.01      21.93
     47.01      21.96
     49.01      22.07
     51.01      22.09
     53.01      22.13
     55.02      22.14
     57.02      22.21
     59.02      22.34
     61.02      22.37
     63.02      22.35
     65.02      22.42
     67.02      22.49
     69.02       22.5
     71.02       22.5
     73.02      22.51
     75.02      22.57
     77.02      22.64
     79.02      22.64
     81.02      22.64
     83.02      22.67
     85.02      22.74
     87.02      22.87
     89.02      22.92
     91.03         23
     93.03      23.04
     95.03       23.1
     97.03       23.2
     99.03      23.26
       101      23.25
       103      23.29
       105      23.35
       107      23.44
       109      23.55
       111      23.58
       113      23.59
       115      23.64
       117      23.67
       119      23.74
       121      23.84
       123      23.93
       125      24.02
       127      24.01
       129      24.03
       131      24.12
       133      24.16
       135      24.24
       137      24.24
       139      24.26
       141      24.29
       143      24.32
       145       24.3
       147      24.36
       149      24.37
       151      24.41
       153      24.48
       155       24.5
       157      24.55
       159      24.62
       161      24.65
       163      24.73
       165       24.8
       167      24.83
       169      24.83
       171      24.87
       173      24.83
       175      24.98
       177      25.07
       179      25.08
       181      25.12
     183.1      25.11
     185.1      25.13
     187.1      25.04
     189.1      25.09
     191.1      25.16
     193.1      25.25
     195.1      25.29
     197.1      25.26
     199.1      25.31
     201.1       25.3
     203.1      25.27
     205.1      25.35
     207.1      25.36
     209.1      25.36
     211.1      25.48
     213.1      25.49
     215.1      25.42
     217.1      25.38
     219.1      25.53
     221.1      25.69
     223.1      25.77
     225.1      25.75
     227.1      25.79
     229.1      25.88
     231.1      25.84
     233.1       25.9
     235.1      25.95
     237.1      25.96
     239.1      25.99
     241.1      26.21
     243.1      26.08
     245.1       26.1
     247.1      26.12
     249.1      26.54
     251.1      26.63
     253.1       26.5
     255.1       26.4
     257.1      26.37
     259.1      26.37
     261.1      26.93
     263.1      27.02
     265.1      26.92
     267.1      27.14
     269.1      27.06
     271.1      27.21
     273.1      26.87
     275.1       27.6
     277.1      27.68
     279.1      27.67
     281.1      27.52
     283.1      27.93
     285.1      28.23
     287.1      27.82
     289.1      27.32
     291.1      27.68
     293.1      27.87
     295.1      28.21
     297.1      28.55
     299.1      28.02
     301.1      28.47
     303.1      28.48
     305.1      28.46
     307.1      28.79
     309.1      29.13
     311.1      28.82
     313.1      28.94
     315.1       28.2
     317.1      28.21
     319.1      28.39
     321.1      27.86
     323.1      28.22
     325.1      28.72
     327.1      31.07
     329.1       30.4
     331.1      31.44
     333.1      29.65
     335.1      30.65
     337.1      30.38
     339.1       31.5
     341.1      30.29
     343.1      29.38
     345.1      32.17
     347.1       31.3
     349.1      29.22
     351.1      32.08
