     2.001  2.581e+10
     6.002  1.216e+11
        10  2.697e+11
        14  4.434e+11
        18  6.288e+11
     22.01  7.947e+11
     26.01  9.458e+11
     30.01  1.086e+12
     34.01  1.243e+12
     38.01  1.397e+12
     42.01  1.518e+12
     46.01  1.627e+12
     50.01  1.736e+12
     54.01  1.833e+12
     58.02  1.927e+12
     62.02   2.02e+12
     66.02  2.108e+12
     70.02  2.199e+12
     74.02  2.283e+12
     78.02   2.36e+12
     82.02  2.435e+12
     86.02  2.504e+12
     90.02  2.574e+12
     94.03  2.646e+12
     98.03  2.728e+12
       102  2.801e+12
       106  2.866e+12
       110   2.94e+12
       114  3.015e+12
       118  3.084e+12
       122  3.139e+12
       126  3.192e+12
       130  3.243e+12
       134  3.293e+12
       138  3.356e+12
       142  3.416e+12
       146  3.491e+12
       150  3.573e+12
       154   3.65e+12
       158  3.716e+12
       162  3.774e+12
       166  3.819e+12
       170  3.856e+12
       174  3.893e+12
       178  3.934e+12
     182.1  3.984e+12
     186.1  4.049e+12
     190.1  4.092e+12
     194.1  4.134e+12
     198.1  4.178e+12
     202.1   4.21e+12
     206.1  4.247e+12
     210.1  4.301e+12
     214.1   4.35e+12
     218.1  4.392e+12
     222.1  4.425e+12
     226.1  4.452e+12
     230.1  4.477e+12
     234.1  4.501e+12
     238.1  4.525e+12
     242.1  4.557e+12
     246.1  4.593e+12
     250.1  4.622e+12
     254.1  4.645e+12
     258.1   4.66e+12
     262.1  4.672e+12
     266.1  4.683e+12
     270.1  4.693e+12
     274.1  4.702e+12
     278.1   4.71e+12
     282.1  4.717e+12
     286.1  4.723e+12
     290.1  4.729e+12
     294.1  4.734e+12
     298.1  4.738e+12
     302.1  4.743e+12
     306.1  4.746e+12
     310.1  4.749e+12
     314.1  4.752e+12
     318.1  4.755e+12
     322.1  4.757e+12
     326.1  4.759e+12
     330.1   4.76e+12
     334.1  4.761e+12
     338.1  4.762e+12
     342.1  4.762e+12
     346.1  4.762e+12
     350.1  4.763e+12
