         1      16.81
     3.001      20.22
     5.001       20.3
     7.002      20.15
     9.002      20.25
        11      20.46
        13       20.6
        15      20.69
        17       20.9
     19.01       21.1
     21.01      21.14
     23.01      21.38
     25.01      21.48
     27.01       21.6
     29.01      21.63
     31.01      21.72
     33.01      21.85
     35.01      21.89
     37.01      22.05
     39.01       22.2
     41.01      22.33
     43.01      22.43
     45.01      22.53
     47.01      22.54
     49.01       22.6
     51.01      22.74
     53.01      22.86
     55.02      22.93
     57.02         23
     59.02      23.03
     61.02      23.09
     63.02      23.16
     65.02      23.18
     67.02      23.24
     69.02      23.28
     71.02      23.37
     73.02      23.42
     75.02      23.48
     77.02      23.55
     79.02      23.63
     81.02      23.62
     83.02      23.61
     85.02      23.74
     87.02      23.77
     89.02      23.76
     91.03      23.84
     93.03      23.82
     95.03       23.9
     97.03      24.03
     99.03      23.99
       101      23.96
       103      24.07
       105      24.16
       107      24.23
       109      24.29
       111      24.29
       113      24.34
       115      24.36
       117       24.4
       119      24.47
       121      24.56
       123      24.58
       125      24.61
       127      24.75
       129      24.76
       131      24.65
       133      24.73
       135      24.78
       137      24.79
       139      24.82
       141      24.86
       143      24.83
       145      24.84
       147      24.95
       149      24.98
       151         25
       153      24.98
       155      25.02
       157      25.11
       159      25.12
       161      25.29
       163      25.43
       165       25.5
       167      25.52
       169      25.49
       171      25.52
       173      25.58
       175      25.58
       177      25.63
       179       25.7
       181      25.95
     183.1      25.92
     185.1      25.82
     187.1      25.79
     189.1      25.78
     191.1      25.91
     193.1      26.07
     195.1      26.31
     197.1      26.25
     199.1      26.13
     201.1      26.34
     203.1      26.36
     205.1      26.45
     207.1      26.76
     209.1      26.75
     211.1      26.68
     213.1      26.61
     215.1      26.83
     217.1      26.98
     219.1      26.88
     221.1      26.95
     223.1       27.1
     225.1      27.41
     227.1      27.45
     229.1      27.62
     231.1      27.43
     233.1      27.28
     235.1      27.83
     237.1      27.67
     239.1      27.78
     241.1      27.85
     243.1      27.98
     245.1      28.36
     247.1      28.53
     249.1      29.34
     251.1      29.14
     253.1      29.41
     255.1       29.5
     257.1      29.87
     259.1      30.22
     261.1      29.28
     263.1      28.83
     265.1      29.42
     267.1      30.46
     269.1      30.97
     271.1      30.55
     273.1      29.91
     275.1      31.11
     277.1      31.67
     279.1      31.51
     281.1      31.96
     283.1      31.63
     285.1         32
     287.1      31.96
     289.1      30.86
     291.1      30.94
     293.1      31.82
     295.1      31.89
     297.1      31.54
     299.1      31.38
     301.1      32.69
     303.1      32.94
     305.1       33.4
     307.1      33.34
     309.1      32.45
     311.1      32.52
     313.1      32.83
     315.1      32.63
     317.1      33.05
     319.1      31.43
     321.1      32.29
     323.1      32.63
     325.1      33.61
     327.1      33.49
     329.1      32.94
     331.1      33.63
     333.1      33.94
     335.1      35.46
     337.1      35.36
     339.1      36.31
     341.1      36.71
     343.1      35.59
     345.1       36.1
     347.1      36.66
     349.1      35.34
     351.1       39.1
