         1  3.481e+09
     3.001  3.112e+10
     5.001  6.679e+10
     7.002   1.08e+11
     9.002  1.564e+11
        11  2.069e+11
        13  2.583e+11
        15  3.125e+11
        17  3.699e+11
     19.01  4.296e+11
     21.01  4.854e+11
     23.01  5.398e+11
     25.01  5.976e+11
     27.01  6.539e+11
     29.01  7.117e+11
     31.01  7.705e+11
     33.01  8.331e+11
     35.01   8.93e+11
     37.01  9.576e+11
     39.01  1.022e+12
     41.01  1.083e+12
     43.01  1.142e+12
     45.01    1.2e+12
     47.01   1.26e+12
     49.01  1.322e+12
     51.01  1.383e+12
     53.01  1.444e+12
     55.02  1.513e+12
     57.02  1.582e+12
     59.02  1.654e+12
     61.02  1.709e+12
     63.02  1.764e+12
     65.02  1.816e+12
     67.02  1.868e+12
     69.02  1.922e+12
     71.02  1.984e+12
     73.02  2.042e+12
     75.02  2.093e+12
     77.02  2.139e+12
     79.02  2.184e+12
     81.02  2.231e+12
     83.02  2.278e+12
     85.02  2.321e+12
     87.02  2.362e+12
     89.02  2.404e+12
     91.03  2.447e+12
     93.03  2.483e+12
     95.03  2.516e+12
     97.03  2.545e+12
     99.03  2.572e+12
       101  2.602e+12
       103  2.629e+12
       105  2.655e+12
       107   2.68e+12
       109  2.706e+12
       111   2.73e+12
       113  2.753e+12
       115  2.776e+12
       117  2.799e+12
       119  2.825e+12
       121  2.854e+12
       123   2.88e+12
       125  2.902e+12
       127  2.925e+12
       129  2.946e+12
       131  2.969e+12
       133  2.993e+12
       135  3.017e+12
       137  3.044e+12
       139  3.075e+12
       141  3.106e+12
       143  3.134e+12
       145  3.158e+12
       147  3.181e+12
       149  3.205e+12
       151  3.226e+12
       153   3.25e+12
       155  3.276e+12
       157    3.3e+12
       159  3.322e+12
       161  3.342e+12
       163  3.361e+12
       165   3.38e+12
       167  3.403e+12
       169  3.429e+12
       171  3.459e+12
       173  3.491e+12
       175  3.518e+12
       177  3.537e+12
       179  3.552e+12
       181  3.566e+12
     183.1  3.582e+12
     185.1  3.598e+12
     187.1  3.618e+12
     189.1  3.644e+12
     191.1  3.668e+12
     193.1  3.687e+12
     195.1  3.705e+12
     197.1   3.72e+12
     199.1  3.731e+12
     201.1  3.742e+12
     203.1  3.752e+12
     205.1  3.761e+12
     207.1   3.77e+12
     209.1   3.78e+12
     211.1  3.791e+12
     213.1  3.802e+12
     215.1  3.813e+12
     217.1  3.824e+12
     219.1  3.837e+12
     221.1  3.855e+12
     223.1  3.873e+12
     225.1  3.888e+12
     227.1  3.901e+12
     229.1  3.912e+12
     231.1  3.922e+12
     233.1  3.931e+12
     235.1  3.939e+12
     237.1  3.948e+12
     239.1  3.957e+12
     241.1  3.968e+12
     243.1   3.98e+12
     245.1  3.991e+12
     247.1      4e+12
     249.1  4.008e+12
     251.1  4.016e+12
     253.1  4.023e+12
     255.1  4.031e+12
     257.1  4.044e+12
     259.1  4.053e+12
     261.1  4.061e+12
     263.1  4.066e+12
     265.1  4.071e+12
     267.1  4.075e+12
     269.1  4.078e+12
     271.1  4.082e+12
     273.1  4.085e+12
     275.1  4.088e+12
     277.1  4.091e+12
     279.1  4.094e+12
     281.1  4.095e+12
     283.1  4.098e+12
     285.1    4.1e+12
     287.1  4.102e+12
     289.1  4.104e+12
     291.1  4.105e+12
     293.1  4.107e+12
     295.1  4.108e+12
     297.1   4.11e+12
     299.1  4.111e+12
     301.1  4.112e+12
     303.1  4.113e+12
     305.1  4.114e+12
     307.1  4.115e+12
     309.1  4.116e+12
     311.1  4.117e+12
     313.1  4.118e+12
     315.1  4.119e+12
     317.1  4.119e+12
     319.1   4.12e+12
     321.1  4.121e+12
     323.1  4.121e+12
     325.1  4.122e+12
     327.1  4.122e+12
     329.1  4.123e+12
     331.1  4.123e+12
     333.1  4.124e+12
     335.1  4.124e+12
     337.1  4.124e+12
     339.1  4.124e+12
     341.1  4.125e+12
     343.1  4.125e+12
     345.1  4.125e+12
     347.1  4.125e+12
     349.1  4.125e+12
     351.1  4.125e+12
