     2.001  1.359e+10
     6.002    4.4e+10
        10  1.006e+11
        14  1.668e+11
        18  2.393e+11
     22.01  3.115e+11
     26.01   3.79e+11
     30.01  4.503e+11
     34.01  5.178e+11
     38.01  5.797e+11
     42.01  6.438e+11
     46.01  7.033e+11
     50.01   7.61e+11
     54.01  8.219e+11
     58.02  8.815e+11
     62.02  9.392e+11
     66.02  9.957e+11
     70.02  1.051e+12
     74.02  1.105e+12
     78.02  1.155e+12
     82.02  1.205e+12
     86.02   1.25e+12
     90.02  1.296e+12
     94.03  1.343e+12
     98.03  1.384e+12
       102  1.427e+12
       106  1.468e+12
       110  1.506e+12
       114  1.547e+12
       118  1.584e+12
       122  1.621e+12
       126  1.658e+12
       130  1.693e+12
       134  1.728e+12
       138  1.761e+12
       142  1.796e+12
       146  1.829e+12
       150  1.862e+12
       154  1.893e+12
       158  1.923e+12
       162  1.954e+12
       166  1.985e+12
       170  2.017e+12
       174  2.048e+12
       178  2.081e+12
     182.1  2.112e+12
     186.1  2.141e+12
     190.1  2.168e+12
     194.1  2.197e+12
     198.1  2.224e+12
     202.1  2.253e+12
     206.1  2.286e+12
     210.1  2.317e+12
     214.1  2.345e+12
     218.1  2.372e+12
     222.1    2.4e+12
     226.1  2.426e+12
     230.1  2.451e+12
     234.1  2.477e+12
     238.1  2.501e+12
     242.1  2.527e+12
     246.1  2.554e+12
     250.1  2.579e+12
     254.1  2.598e+12
     258.1  2.615e+12
     262.1   2.63e+12
     266.1  2.644e+12
     270.1  2.656e+12
     274.1  2.666e+12
     278.1  2.678e+12
     282.1  2.689e+12
     286.1  2.699e+12
     290.1  2.707e+12
     294.1  2.715e+12
     298.1  2.722e+12
     302.1  2.731e+12
     306.1  2.736e+12
     310.1   2.74e+12
     314.1  2.744e+12
     318.1  2.747e+12
     322.1  2.749e+12
     326.1  2.751e+12
     330.1  2.753e+12
     334.1  2.754e+12
     338.1  2.755e+12
     342.1  2.756e+12
     346.1  2.757e+12
     350.1  2.757e+12
