         1  1.004e+10
     3.001  1.857e+10
     5.001  3.377e+10
     7.002  5.638e+10
     9.002  8.545e+10
        11  1.171e+11
        13  1.483e+11
        15  1.848e+11
        17  2.211e+11
     19.01  2.566e+11
     21.01  2.921e+11
     23.01  3.301e+11
     25.01  3.622e+11
     27.01  3.963e+11
     29.01   4.33e+11
     31.01  4.676e+11
     33.01  5.018e+11
     35.01  5.348e+11
     37.01  5.651e+11
     39.01  5.966e+11
     41.01  6.288e+11
     43.01  6.585e+11
     45.01  6.889e+11
     47.01   7.17e+11
     49.01  7.456e+11
     51.01  7.755e+11
     53.01  8.064e+11
     55.02  8.359e+11
     57.02  8.654e+11
     59.02  8.969e+11
     61.02  9.255e+11
     63.02  9.533e+11
     65.02  9.821e+11
     67.02   1.01e+12
     69.02  1.036e+12
     71.02  1.065e+12
     73.02   1.09e+12
     75.02  1.117e+12
     77.02  1.143e+12
     79.02  1.168e+12
     81.02  1.192e+12
     83.02  1.215e+12
     85.02  1.239e+12
     87.02  1.262e+12
     89.02  1.286e+12
     91.03  1.307e+12
     93.03   1.33e+12
     95.03  1.353e+12
     97.03  1.374e+12
     99.03  1.396e+12
       101  1.417e+12
       103  1.438e+12
       105  1.458e+12
       107  1.477e+12
       109  1.496e+12
       111  1.517e+12
       113  1.538e+12
       115  1.557e+12
       117  1.575e+12
       119  1.594e+12
       121  1.613e+12
       123  1.631e+12
       125   1.65e+12
       127  1.666e+12
       129  1.684e+12
       131  1.703e+12
       133   1.72e+12
       135  1.737e+12
       137  1.753e+12
       139  1.769e+12
       141  1.787e+12
       143  1.804e+12
       145   1.82e+12
       147  1.837e+12
       149  1.854e+12
       151  1.869e+12
       153  1.885e+12
       155  1.901e+12
       157  1.916e+12
       159  1.931e+12
       161  1.946e+12
       163  1.961e+12
       165  1.977e+12
       167  1.993e+12
       169  2.009e+12
       171  2.024e+12
       173   2.04e+12
       175  2.056e+12
       177  2.074e+12
       179  2.089e+12
       181  2.105e+12
     183.1  2.119e+12
     185.1  2.134e+12
     187.1  2.147e+12
     189.1  2.161e+12
     191.1  2.175e+12
     193.1   2.19e+12
     195.1  2.204e+12
     197.1  2.217e+12
     199.1  2.232e+12
     201.1  2.246e+12
     203.1   2.26e+12
     205.1  2.278e+12
     207.1  2.294e+12
     209.1   2.31e+12
     211.1  2.323e+12
     213.1  2.338e+12
     215.1  2.351e+12
     217.1  2.365e+12
     219.1  2.379e+12
     221.1  2.393e+12
     223.1  2.407e+12
     225.1  2.419e+12
     227.1  2.433e+12
     229.1  2.445e+12
     231.1  2.458e+12
     233.1   2.47e+12
     235.1  2.483e+12
     237.1  2.495e+12
     239.1  2.508e+12
     241.1  2.521e+12
     243.1  2.535e+12
     245.1  2.548e+12
     247.1   2.56e+12
     249.1  2.573e+12
     251.1  2.585e+12
     253.1  2.594e+12
     255.1  2.602e+12
     257.1  2.611e+12
     259.1  2.618e+12
     261.1  2.626e+12
     263.1  2.634e+12
     265.1   2.64e+12
     267.1  2.647e+12
     269.1  2.653e+12
     271.1  2.659e+12
     273.1  2.664e+12
     275.1  2.669e+12
     277.1  2.675e+12
     279.1  2.681e+12
     281.1  2.686e+12
     283.1  2.691e+12
     285.1  2.696e+12
     287.1  2.701e+12
     289.1  2.705e+12
     291.1  2.709e+12
     293.1  2.713e+12
     295.1  2.717e+12
     297.1   2.72e+12
     299.1  2.724e+12
     301.1  2.729e+12
     303.1  2.733e+12
     305.1  2.735e+12
     307.1  2.737e+12
     309.1  2.739e+12
     311.1  2.741e+12
     313.1  2.743e+12
     315.1  2.745e+12
     317.1  2.746e+12
     319.1  2.747e+12
     321.1  2.749e+12
     323.1   2.75e+12
     325.1  2.751e+12
     327.1  2.752e+12
     329.1  2.752e+12
     331.1  2.754e+12
     333.1  2.754e+12
     335.1  2.755e+12
     337.1  2.755e+12
     339.1  2.756e+12
     341.1  2.756e+12
     343.1  2.756e+12
     345.1  2.757e+12
     347.1  2.757e+12
     349.1  2.757e+12
     351.1  2.757e+12
