     2.001      20.95
     6.002      21.18
        10      21.36
        14      21.54
        18      21.79
     22.01      21.95
     26.01      22.09
     30.01      22.17
     34.01      22.43
     38.01      22.62
     42.01      22.75
     46.01      22.96
     50.01      23.02
     54.01      23.08
     58.02      23.16
     62.02       23.3
     66.02       23.4
     70.02      23.52
     74.02      23.62
     78.02      23.78
     82.02      23.86
     86.02      23.94
     90.02      23.98
     94.03      24.01
     98.03      24.08
       102      24.18
       106      24.31
       110      24.25
       114      24.49
       118      24.54
       122      24.51
       126      24.68
       130      24.73
       134      24.87
       138      24.97
       142      25.01
       146      25.08
       150      25.24
       154      25.24
       158      25.33
       162       25.3
       166      25.45
       170      25.47
       174      25.54
       178      25.71
     182.1      25.82
     186.1      25.98
     190.1      25.88
     194.1      26.03
     198.1      26.06
     202.1      25.96
     206.1      26.06
     210.1      26.19
     214.1      26.17
     218.1      26.67
     222.1      26.72
     226.1      26.76
     230.1      27.08
     234.1      27.42
     238.1      27.63
     242.1       27.5
     246.1      27.69
     250.1      28.18
     254.1      28.29
     258.1      28.25
     262.1      28.39
     266.1      28.48
     270.1       29.2
     274.1      29.31
     278.1      29.55
     282.1      29.55
     286.1      30.37
     290.1      30.98
     294.1      30.89
     298.1      30.07
     302.1      30.22
     306.1      31.78
     310.1      31.49
     314.1      31.76
     318.1      34.09
     322.1      32.58
     326.1      32.83
     330.1      31.12
     334.1      32.07
     338.1      33.13
     342.1      34.57
     346.1      34.64
     350.1      33.84
