         1      20.73
     3.001      21.61
     5.001      21.55
     7.002      21.61
     9.002      21.65
        11      21.83
        13       21.9
        15      21.95
        17      22.12
     19.01      22.22
     21.01      22.27
     23.01      22.38
     25.01      22.42
     27.01      22.46
     29.01      22.45
     31.01      22.56
     33.01       22.7
     35.01      22.83
     37.01      22.97
     39.01      22.96
     41.01      23.03
     43.01      23.16
     45.01      23.28
     47.01      23.33
     49.01      23.35
     51.01      23.39
     53.01      23.43
     55.02      23.41
     57.02      23.44
     59.02      23.57
     61.02      23.65
     63.02      23.64
     65.02      23.68
     67.02      23.78
     69.02      23.84
     71.02      23.89
     73.02      23.91
     75.02      24.02
     77.02      24.15
     79.02      24.14
     81.02      24.17
     83.02      24.25
     85.02      24.27
     87.02      24.32
     89.02      24.32
     91.03      24.33
     93.03      24.31
     95.03      24.39
     97.03      24.42
     99.03       24.4
       101      24.49
       103      24.56
       105       24.6
       107      24.69
       109      24.62
       111      24.55
       113       24.8
       115      24.87
       117      24.89
       119      24.87
       121      24.85
       123      24.82
       125      24.99
       127      25.06
       129         25
       131      25.14
       133      25.19
       135      25.26
       137      25.38
       139      25.26
       141      25.34
       143      25.42
       145      25.42
       147      25.47
       149      25.57
       151      25.64
       153      25.62
       155      25.58
       157      25.66
       159      25.72
       161      25.65
       163      25.68
       165      25.81
       167      25.82
       169      25.79
       171      25.89
       173      25.85
       175      25.97
       177      26.03
       179      26.11
       181      26.22
     183.1      26.17
     185.1      26.24
     187.1      26.47
     189.1      26.27
     191.1      26.23
     193.1       26.3
     195.1      26.52
     197.1      26.53
     199.1      26.33
     201.1      26.37
     203.1      26.29
     205.1      26.41
     207.1      26.46
     209.1       26.6
     211.1      26.52
     213.1      26.44
     215.1      26.63
     217.1      26.85
     219.1      27.21
     221.1      27.12
     223.1      27.04
     225.1      27.06
     227.1      27.19
     229.1      27.42
     231.1      27.46
     233.1       27.7
     235.1      27.86
     237.1       27.9
     239.1      28.07
     241.1      27.92
     243.1      27.79
     245.1      27.92
     247.1      28.17
     249.1      28.59
     251.1      28.46
     253.1      28.79
     255.1      28.48
     257.1      28.54
     259.1      28.67
     261.1      28.76
     263.1      28.72
     265.1      28.76
     267.1      28.92
     269.1      29.36
     271.1      29.73
     273.1      29.64
     275.1      29.67
     277.1       29.5
     279.1      30.24
     281.1      30.09
     283.1      29.64
     285.1       30.6
     287.1      30.82
     289.1       31.1
     291.1      31.49
     293.1      30.98
     295.1      31.43
     297.1      30.54
     299.1      30.32
     301.1      30.18
     303.1      30.97
     305.1      31.88
     307.1      32.32
     309.1      32.08
     311.1      31.48
     313.1      31.32
     315.1      32.98
     317.1      34.35
     319.1       34.4
     321.1      33.13
     323.1      32.67
     325.1      33.08
     327.1      33.17
     329.1      31.73
     331.1      30.91
     333.1      31.99
     335.1      33.06
     337.1      32.36
     339.1      34.84
     341.1      35.37
     343.1      34.51
     345.1      34.77
     347.1      34.98
     349.1      34.67
     351.1      33.27
