         1      18.56
     3.001      20.65
     5.001      20.75
     7.002      20.75
     9.002      20.82
        11      20.88
        13      21.02
        15      21.14
        17      21.13
     19.01      21.31
     21.01      21.35
     23.01       21.4
     25.01      21.48
     27.01      21.67
     29.01       21.8
     31.01      21.81
     33.01      21.91
     35.01      22.06
     37.01       22.2
     39.01      22.32
     41.01      22.42
     43.01      22.51
     45.01      22.59
     47.01      22.55
     49.01      22.68
     51.01      22.73
     53.01      22.79
     55.02      22.92
     57.02      22.95
     59.02         23
     61.02      23.12
     63.02      23.19
     65.02       23.2
     67.02      23.24
     69.02       23.3
     71.02      23.43
     73.02      23.49
     75.02      23.45
     77.02      23.49
     79.02      23.58
     81.02      23.63
     83.02      23.79
     85.02      23.88
     87.02      23.96
     89.02      23.96
     91.03      24.01
     93.03      24.13
     95.03      24.16
     97.03      24.17
     99.03      24.25
       101      24.34
       103      24.54
       105      24.51
       107      24.55
       109      24.53
       111       24.4
       113      24.39
       115      24.51
       117       24.6
       119      24.56
       121      24.68
       123      24.65
       125       24.7
       127      24.67
       129       24.8
       131      24.91
       133       24.9
       135      24.79
       137      24.83
       139      24.88
       141      24.94
       143      25.03
       145       25.1
       147      25.13
       149      25.24
       151      25.36
       153      25.24
       155      25.22
       157      25.27
       159      25.35
       161      25.44
       163      25.41
       165      25.33
       167      25.61
       169      25.67
       171      25.67
       173       25.6
       175         26
       177      25.87
       179      25.85
       181       25.6
     183.1       25.5
     185.1      25.46
     187.1      25.48
     189.1      25.58
     191.1      25.67
     193.1      25.78
     195.1      25.82
     197.1      26.02
     199.1       26.1
     201.1      26.09
     203.1      26.19
     205.1      26.11
     207.1      26.17
     209.1      26.27
     211.1      26.36
     213.1      26.46
     215.1      26.36
     217.1      26.41
     219.1      26.35
     221.1      26.35
     223.1      26.56
     225.1      26.88
     227.1      26.68
     229.1      26.46
     231.1      26.46
     233.1      26.67
     235.1      26.67
     237.1      26.75
     239.1      26.77
     241.1      26.72
     243.1       26.7
     245.1      26.58
     247.1      26.81
     249.1      27.09
     251.1      27.13
     253.1      26.95
     255.1      27.12
     257.1      27.29
     259.1      27.27
     261.1      27.54
     263.1      27.26
     265.1      26.99
     267.1      27.13
     269.1      27.24
     271.1      27.55
     273.1      27.62
     275.1      27.64
     277.1      27.27
     279.1      27.15
     281.1      27.11
     283.1       27.3
     285.1      27.63
     287.1      27.57
     289.1      27.69
     291.1      27.63
     293.1      27.47
     295.1      27.75
     297.1      27.67
     299.1       27.7
     301.1       27.5
     303.1      28.03
     305.1      27.84
     307.1      28.05
     309.1      27.76
     311.1      28.12
     313.1      27.81
     315.1      28.59
     317.1      28.47
     319.1      28.28
     321.1      28.41
     323.1      28.16
     325.1       27.3
     327.1       26.7
     329.1      27.08
     331.1      27.74
     333.1       28.3
     335.1      27.76
     337.1      27.41
     339.1      28.33
     341.1      28.75
     343.1       30.1
     345.1      30.91
     347.1      28.95
     349.1      28.54
     351.1      27.57
