         1      18.63
     3.001      19.34
     5.002       19.8
     7.003      20.15
     9.004      20.39
        11      20.62
     13.01      20.85
     15.01       21.1
     17.01      21.27
     19.01      21.39
     21.01      21.48
     23.01      21.57
     25.01      21.74
     27.01      21.97
     29.01      21.91
     31.01      22.01
     33.01       22.1
     35.01       22.2
     37.01      22.29
     39.02      22.44
     41.02      22.47
     43.02      22.46
     45.02      22.42
     47.02      22.46
     49.02      22.47
     51.02      22.55
     53.02      22.58
     55.02      22.56
     57.02      22.63
     59.02      22.76
     61.02      22.81
     63.02      22.91
     65.03      22.86
     67.03      22.86
     69.03      22.79
     71.03      22.83
     73.03      22.98
     75.03      23.02
     77.03      23.05
     79.03      23.04
     81.03      23.06
     83.03         23
     85.03      23.15
     87.03       23.3
     89.04      23.24
     91.04       23.3
     93.04       23.4
     95.04      23.46
     97.04      23.58
     99.04      23.66
       101      23.68
       103      23.78
       105      23.81
       107      24.05
       109      24.41
       111      24.59
       113      24.77
       115      25.13
       117      25.32
       119      25.16
       121       25.1
       123      25.46
       125      25.94
     127.1      26.58
     129.1      27.17
     131.1      27.03
     133.1      27.22
     135.1      27.99
     137.1      27.52
     139.1      27.27
     141.1      28.19
     143.1      28.79
     145.1      29.11
     147.1      29.72
     149.1      29.99
     151.1      29.91
     153.1      29.93
     155.1      30.66
     157.1      31.21
     159.1      31.45
     161.1      31.28
     163.1      31.51
     165.1      31.72
     167.1      31.81
     169.1      31.94
     171.1      32.98
     173.1      33.44
     175.1      32.95
     177.1      33.17
     179.1      32.56
     181.1      32.32
     183.1      32.59
     185.1      33.94
     187.1      34.71
     189.1      34.72
     191.1      33.96
     193.1      33.92
     195.1      33.91
     197.1      34.78
     199.1      36.19
     201.1      36.41
     203.1      36.98
     205.1      36.77
     207.1      36.64
     209.1      36.33
     211.1      36.29
     213.1      35.51
     215.1      35.79
     217.1      35.68
     219.1      36.23
     221.1      37.37
     223.1      37.74
     225.1      38.39
     227.1      38.55
     229.1      38.49
     231.1       38.4
     233.1      38.92
     235.1      39.89
     237.1      39.64
     239.1      39.94
     241.1      39.64
     243.1      39.48
     245.1      39.45
     247.1      39.66
     249.1       40.2
     251.1      40.05
     253.1      40.08
     255.1      40.52
     257.1      39.95
     259.1      40.16
     261.1      40.01
     263.1      39.68
     265.1      39.49
     267.1      40.26
     269.1      40.63
     271.1       41.4
     273.1       41.5
     275.1      41.31
     277.1      41.22
     279.1      42.02
     281.1      43.36
     283.1       43.6
     285.1      42.73
     287.1      41.68
     289.1      42.19
     291.1      41.77
     293.1      43.02
     295.1      42.59
     297.1      42.48
     299.1       42.2
     301.1      43.82
     303.1       43.5
     305.1      43.03
     307.1      42.87
     309.1      42.71
     311.1      42.65
     313.1      42.68
     315.1      44.02
     317.1      46.04
     319.1      43.81
     321.1      42.88
     323.1      43.64
     325.1      44.18
     327.1      45.05
     329.1      44.06
     331.1      43.59
     333.1      43.05
     335.1      44.52
     337.1      46.03
     339.1      48.43
     341.1      49.12
     343.1      46.38
     345.1      44.21
     347.1      44.32
     349.1      46.02
     351.1      47.58
