     2.001   4.26e+10
     6.002  1.238e+11
        10  1.995e+11
     14.01  2.941e+11
     18.01  3.913e+11
     22.01  4.547e+11
     26.01  5.057e+11
     30.01  5.793e+11
     34.01  6.744e+11
     38.02  7.399e+11
     42.02   7.85e+11
     46.02  8.233e+11
     50.02   8.55e+11
     54.02  8.983e+11
     58.02  9.248e+11
     62.02  9.493e+11
     66.03  9.775e+11
     70.03  1.001e+12
     74.03  1.021e+12
     78.03  1.059e+12
     82.03  1.086e+12
     86.03  1.119e+12
     90.04  1.137e+12
     94.04  1.164e+12
     98.04   1.18e+12
       102  1.193e+12
       106  1.206e+12
       110  1.216e+12
       114  1.224e+12
       118  1.232e+12
       122   1.24e+12
       126  1.246e+12
     130.1  1.253e+12
     134.1   1.26e+12
     138.1  1.279e+12
     142.1  1.295e+12
     146.1  1.313e+12
     150.1  1.322e+12
     154.1  1.329e+12
     158.1  1.347e+12
     162.1  1.363e+12
     166.1  1.385e+12
     170.1  1.395e+12
     174.1  1.399e+12
     178.1  1.403e+12
     182.1  1.407e+12
     186.1   1.42e+12
     190.1  1.439e+12
     194.1  1.442e+12
     198.1  1.445e+12
     202.1  1.447e+12
     206.1   1.45e+12
     210.1  1.452e+12
     214.1  1.453e+12
     218.1  1.454e+12
     222.1  1.456e+12
     226.1  1.457e+12
     230.1  1.459e+12
     234.1   1.46e+12
     238.1  1.461e+12
     242.1  1.463e+12
     246.1  1.465e+12
     250.1  1.469e+12
     254.1  1.472e+12
     258.1  1.476e+12
     262.1  1.489e+12
     266.1  1.509e+12
     270.1   1.52e+12
     274.1  1.549e+12
     278.1  1.556e+12
     282.1  1.558e+12
     286.1  1.559e+12
     290.1   1.56e+12
     294.1   1.56e+12
     298.1  1.561e+12
     302.1  1.562e+12
     306.1  1.566e+12
     310.1  1.568e+12
     314.1  1.569e+12
     318.1  1.569e+12
     322.1   1.57e+12
     326.1   1.57e+12
     330.1   1.57e+12
     334.1  1.571e+12
     338.1  1.571e+12
     342.1  1.571e+12
     346.1  1.571e+12
     350.1  1.571e+12
