     1.003  3.563e+09
     3.009  1.987e+10
     5.014  4.191e+10
      7.02  6.743e+10
     9.026  8.904e+10
     11.03  1.103e+11
     13.04   1.29e+11
     15.04  1.457e+11
     17.05  1.603e+11
     19.05  1.728e+11
     21.06  1.835e+11
     23.07  1.938e+11
     25.07  2.044e+11
     27.08   2.15e+11
     29.08  2.241e+11
     31.09  2.328e+11
      33.1  2.407e+11
      35.1  2.493e+11
     37.11  2.581e+11
     39.11  2.659e+11
     41.12  2.728e+11
     43.12  2.801e+11
     45.13  2.862e+11
     47.14  2.926e+11
     49.14  2.975e+11
     51.15  3.022e+11
     53.15  3.074e+11
     55.16  3.118e+11
     57.16  3.159e+11
     59.17  3.199e+11
     61.18  3.245e+11
     63.18  3.283e+11
     65.19   3.32e+11
     67.19  3.364e+11
      69.2  3.402e+11
     71.21  3.443e+11
     73.21  3.481e+11
     75.22  3.525e+11
     77.22  3.561e+11
     79.23  3.608e+11
     81.23  3.647e+11
     83.24  3.679e+11
     85.25  3.705e+11
     87.25  3.736e+11
     89.26  3.778e+11
     91.26  3.812e+11
     93.27  3.856e+11
     95.27  3.882e+11
     97.28  3.907e+11
     99.29   3.93e+11
     101.3  3.958e+11
     103.3  3.976e+11
     105.3  3.994e+11
     107.3  4.016e+11
     109.3  4.034e+11
     111.3  4.056e+11
     113.3  4.079e+11
     115.3  4.098e+11
     117.3  4.115e+11
     119.3  4.139e+11
     121.3  4.169e+11
     123.4  4.189e+11
     125.4  4.207e+11
     127.4  4.222e+11
     129.4  4.235e+11
     131.4  4.253e+11
     133.4  4.269e+11
     135.4  4.287e+11
     137.4  4.311e+11
     139.4  4.329e+11
     141.4  4.352e+11
     143.4  4.371e+11
     145.4  4.389e+11
     147.4  4.409e+11
     149.4  4.426e+11
     151.4  4.446e+11
     153.4  4.464e+11
     155.4  4.479e+11
     157.5  4.493e+11
     159.5  4.511e+11
     161.5  4.533e+11
     163.5  4.544e+11
     165.5  4.561e+11
     167.5  4.572e+11
     169.5  4.585e+11
     171.5  4.596e+11
     173.5  4.605e+11
     175.5  4.611e+11
     177.5  4.618e+11
     179.5  4.627e+11
     181.5  4.636e+11
     183.5  4.644e+11
     185.5  4.651e+11
     187.5  4.657e+11
     189.5  4.666e+11
     191.6  4.673e+11
     193.6  4.682e+11
     195.6   4.71e+11
     197.6   4.73e+11
     199.6  4.733e+11
     201.6  4.737e+11
     203.6  4.741e+11
     205.6  4.744e+11
     207.6  4.748e+11
     209.6  4.752e+11
     211.6  4.755e+11
     213.6  4.758e+11
     215.6  4.761e+11
     217.6  4.765e+11
     219.6  4.768e+11
     221.6  4.773e+11
     223.6  4.777e+11
     225.7  4.779e+11
     227.7  4.782e+11
     229.7  4.784e+11
     231.7  4.788e+11
     233.7  4.792e+11
     235.7  4.795e+11
     237.7  4.798e+11
     239.7  4.801e+11
     241.7  4.802e+11
     243.7  4.807e+11
     245.7  4.812e+11
     247.7  4.814e+11
     249.7  4.816e+11
     251.7  4.817e+11
     253.7  4.819e+11
     255.7  4.819e+11
     257.7   4.82e+11
     259.7  4.821e+11
     261.8  4.822e+11
     263.8  4.823e+11
     265.8  4.824e+11
     267.8  4.825e+11
     269.8  4.826e+11
     271.8  4.827e+11
     273.8  4.827e+11
     275.8  4.827e+11
     277.8  4.829e+11
     279.8  4.829e+11
     281.8  4.829e+11
     283.8   4.83e+11
     285.8  4.831e+11
     287.8  4.831e+11
     289.8  4.832e+11
     291.8  4.832e+11
     293.8  4.833e+11
     295.9  4.833e+11
     297.9  4.833e+11
     299.9  4.833e+11
     301.9  4.833e+11
     303.9  4.835e+11
     305.9  4.835e+11
     307.9  4.836e+11
     309.9  4.836e+11
     311.9  4.836e+11
     313.9  4.837e+11
     315.9  4.837e+11
     317.9  4.837e+11
     319.9  4.837e+11
     321.9  4.838e+11
     323.9  4.838e+11
     325.9  4.838e+11
     327.9  4.839e+11
       330  4.839e+11
       332  4.839e+11
       334  4.839e+11
       336  4.839e+11
       338  4.839e+11
       340   4.84e+11
       342   4.84e+11
       344   4.84e+11
       346   4.84e+11
       348   4.84e+11
       350   4.84e+11
