     2.017  1.056e+10
     6.052  5.506e+10
     10.09  1.006e+11
     14.12  1.386e+11
     18.16  1.675e+11
     22.19  1.888e+11
     26.23  2.101e+11
     30.26  2.293e+11
     34.29  2.464e+11
     38.33  2.631e+11
     42.36  2.774e+11
      46.4  2.908e+11
     50.43  3.005e+11
     54.47  3.102e+11
      58.5  3.184e+11
     62.54  3.268e+11
     66.57   3.35e+11
     70.61   3.43e+11
     74.64  3.513e+11
     78.68  3.599e+11
     82.71   3.67e+11
     86.74  3.726e+11
     90.78  3.805e+11
     94.81  3.877e+11
     98.85  3.927e+11
     102.9  3.972e+11
     106.9  4.012e+11
       111  4.053e+11
       115  4.097e+11
       119  4.135e+11
     123.1  4.186e+11
     127.1   4.22e+11
     131.1   4.25e+11
     135.2  4.286e+11
     139.2  4.326e+11
     143.2   4.37e+11
     147.3  4.407e+11
     151.3  4.445e+11
     155.3  4.477e+11
     159.4   4.51e+11
     163.4  4.543e+11
     167.4  4.572e+11
     171.5  4.596e+11
     175.5  4.611e+11
     179.5  4.627e+11
     183.6  4.644e+11
     187.6  4.658e+11
     191.6  4.674e+11
     195.7  4.714e+11
     199.7  4.733e+11
     203.7  4.741e+11
     207.8  4.748e+11
     211.8  4.756e+11
     215.9  4.761e+11
     219.9  4.769e+11
     223.9  4.777e+11
       228  4.783e+11
       232  4.789e+11
       236  4.796e+11
     240.1  4.801e+11
     244.1  4.809e+11
     248.1  4.814e+11
     252.2  4.817e+11
     256.2   4.82e+11
     260.2  4.821e+11
     264.3  4.823e+11
     268.3  4.825e+11
     272.3  4.827e+11
     276.4  4.828e+11
     280.4  4.829e+11
     284.4   4.83e+11
     288.5  4.832e+11
     292.5  4.832e+11
     296.5  4.833e+11
     300.6  4.833e+11
     304.6  4.835e+11
     308.6  4.836e+11
     312.7  4.836e+11
     316.7  4.837e+11
     320.8  4.838e+11
     324.8  4.838e+11
     328.8  4.839e+11
     332.9  4.839e+11
     336.9  4.839e+11
     340.9   4.84e+11
       345   4.84e+11
       349   4.84e+11
