     2.017      19.91
     6.052      20.51
     10.09      21.14
     14.12      21.71
     18.16      22.21
     22.19      22.56
     26.23      22.82
     30.26      23.12
     34.29      23.39
     38.33      23.61
     42.36      23.84
      46.4      24.14
     50.43      24.49
     54.47      25.03
      58.5      25.04
     62.54      25.68
     66.57      25.89
     70.61      26.41
     74.64      26.81
     78.68       28.1
     82.71      29.17
     86.74      27.94
     90.78      28.82
     94.81      30.68
     98.85       31.6
     102.9      33.21
     106.9      34.21
       111      34.38
       115      35.25
       119      35.83
     123.1      36.36
     127.1      37.71
     131.1      37.68
     135.2      37.31
     139.2      37.51
     143.2      38.08
     147.3      38.01
     151.3      39.05
     155.3      39.72
     159.4      40.32
     163.4      41.18
     167.4      41.82
     171.5      42.56
     175.5         43
     179.5      42.71
     183.6      43.94
     187.6      44.18
     191.6      44.89
     195.7      45.81
     199.7      46.52
     203.7      46.53
     207.8      46.32
     211.8      46.87
     215.9      47.03
     219.9      46.45
     223.9      46.82
       228      47.56
       232      46.87
       236      47.51
     240.1      47.78
     244.1      47.16
     248.1      48.06
     252.2      48.68
     256.2      49.12
     260.2      48.78
     264.3      48.82
     268.3      48.73
     272.3       48.9
     276.4       48.9
     280.4      49.07
     284.4      48.81
     288.5      49.09
     292.5      48.93
     296.5       49.4
     300.6      48.92
     304.6      47.85
     308.6      49.35
     312.7      49.06
     316.7      48.76
     320.8      48.41
     324.8      49.45
     328.8      48.83
     332.9      48.86
     336.9      48.35
     340.9      46.65
       345       48.3
       349       46.8
