     2.017      20.27
     6.052      20.86
     10.09      21.48
     14.12      22.03
     18.16      22.52
     22.19      22.86
     26.23      23.11
     30.26      23.42
     34.29      23.69
     38.33      23.91
     42.36      24.14
      46.4      24.45
     50.43       24.8
     54.47      25.32
      58.5      25.33
     62.54      25.98
     66.57      26.19
     70.61      26.69
     74.64      27.09
     78.68      28.36
     82.71      29.44
     86.74      28.22
     90.78      29.08
     94.81      30.93
     98.85      31.84
     102.9      33.43
     106.9      34.42
       111      34.58
       115      35.44
       119         36
     123.1      36.53
     127.1      37.87
     131.1      37.85
     135.2      37.47
     139.2      37.66
     143.2      38.22
     147.3      38.17
     151.3      39.19
     155.3      39.86
     159.4      40.44
     163.4       41.3
     167.4      41.93
     171.5      42.66
     175.5       43.1
     179.5      42.81
     183.6      44.02
     187.6      44.26
     191.6      44.96
     195.7      45.86
     199.7      46.56
     203.7      46.57
     207.8      46.37
     211.8      46.92
     215.9      47.06
     219.9       46.5
     223.9      46.86
       228       47.6
       232      46.91
       236      47.55
     240.1      47.81
     244.1       47.2
     248.1      48.08
     252.2      48.69
     256.2      49.14
     260.2       48.8
     264.3      48.83
     268.3      48.75
     272.3      48.91
     276.4      48.92
     280.4      49.08
     284.4      48.82
     288.5       49.1
     292.5      48.94
     296.5      49.41
     300.6      48.93
     304.6      47.88
     308.6      49.36
     312.7      49.08
     316.7      48.78
     320.8      48.43
     324.8      49.46
     328.8      48.84
     332.9      48.88
     336.9      48.37
     340.9       46.7
       345      48.32
       349      46.79
