     1.001  5.403e+09
     3.003  2.687e+10
     5.005   5.29e+10
     7.008  7.973e+10
      9.01   1.05e+11
     11.01   1.25e+11
     13.01    1.4e+11
     15.02  1.545e+11
     17.02  1.688e+11
     19.02  1.817e+11
     21.02  1.901e+11
     23.02  1.985e+11
     25.03  2.065e+11
     27.03  2.123e+11
     29.03  2.172e+11
     31.03  2.226e+11
     33.04  2.275e+11
     35.04  2.325e+11
     37.04   2.39e+11
     39.04   2.43e+11
     41.04  2.469e+11
     43.05  2.499e+11
     45.05  2.532e+11
     47.05  2.565e+11
     49.05  2.605e+11
     51.06  2.637e+11
     53.06  2.665e+11
     55.06  2.691e+11
     57.06  2.716e+11
     59.06   2.74e+11
     61.07  2.764e+11
     63.07  2.784e+11
     65.07  2.803e+11
     67.07  2.822e+11
     69.07  2.844e+11
     71.08  2.862e+11
     73.08  2.876e+11
     75.08  2.887e+11
     77.08  2.906e+11
     79.09  2.915e+11
     81.09  2.927e+11
     83.09  2.937e+11
     85.09  2.944e+11
     87.09  2.953e+11
      89.1  2.962e+11
      91.1  2.967e+11
      93.1  2.977e+11
      95.1  2.987e+11
      97.1  2.994e+11
     99.11  3.001e+11
     101.1  3.011e+11
     103.1  3.018e+11
     105.1  3.025e+11
     107.1  3.031e+11
     109.1  3.038e+11
     111.1  3.043e+11
     113.1  3.048e+11
     115.1  3.051e+11
     117.1  3.058e+11
     119.1  3.062e+11
     121.1  3.065e+11
     123.1  3.072e+11
     125.1  3.074e+11
     127.1  3.077e+11
     129.1  3.084e+11
     131.1  3.088e+11
     133.1  3.092e+11
     135.1  3.097e+11
     137.1  3.101e+11
     139.2  3.104e+11
     141.2  3.109e+11
     143.2  3.111e+11
     145.2  3.114e+11
     147.2  3.117e+11
     149.2  3.119e+11
     151.2  3.121e+11
     153.2  3.123e+11
     155.2  3.125e+11
     157.2  3.129e+11
     159.2   3.13e+11
     161.2  3.133e+11
     163.2  3.135e+11
     165.2  3.137e+11
     167.2  3.139e+11
     169.2   3.14e+11
     171.2  3.142e+11
     173.2  3.143e+11
     175.2  3.143e+11
     177.2  3.144e+11
     179.2  3.145e+11
     181.2  3.147e+11
     183.2  3.148e+11
     185.2   3.15e+11
     187.2  3.151e+11
     189.2  3.152e+11
     191.2  3.152e+11
     193.2  3.153e+11
     195.2  3.154e+11
     197.2  3.155e+11
     199.2  3.156e+11
     201.2  3.157e+11
     203.2  3.158e+11
     205.2  3.159e+11
     207.2  3.159e+11
     209.2   3.16e+11
     211.2  3.161e+11
     213.2  3.162e+11
     215.2  3.163e+11
     217.2  3.163e+11
     219.2  3.164e+11
     221.2  3.165e+11
     223.2  3.167e+11
     225.2  3.168e+11
     227.2  3.168e+11
     229.2  3.168e+11
     231.2  3.168e+11
     233.3  3.168e+11
     235.3  3.168e+11
     237.3  3.168e+11
     239.3  3.168e+11
     241.3  3.169e+11
     243.3  3.169e+11
     245.3  3.169e+11
     247.3  3.169e+11
     249.3   3.17e+11
     251.3   3.17e+11
     253.3   3.17e+11
     255.3   3.17e+11
     257.3   3.17e+11
     259.3  3.171e+11
     261.3  3.172e+11
     263.3  3.172e+11
     265.3  3.173e+11
     267.3  3.174e+11
     269.3  3.174e+11
     271.3  3.174e+11
     273.3  3.175e+11
     275.3  3.175e+11
     277.3  3.175e+11
     279.3  3.175e+11
     281.3  3.176e+11
     283.3  3.176e+11
     285.3  3.176e+11
     287.3  3.176e+11
     289.3  3.176e+11
     291.3  3.176e+11
     293.3  3.177e+11
     295.3  3.177e+11
     297.3  3.177e+11
     299.3  3.177e+11
     301.3  3.177e+11
     303.3  3.177e+11
     305.3  3.177e+11
     307.3  3.177e+11
     309.3  3.177e+11
     311.3  3.177e+11
     313.3  3.177e+11
     315.3  3.177e+11
     317.3  3.177e+11
     319.3  3.177e+11
     321.3  3.177e+11
     323.3  3.177e+11
     325.4  3.177e+11
     327.4  3.177e+11
     329.4  3.177e+11
     331.4  3.177e+11
     333.4  3.177e+11
     335.4  3.177e+11
     337.4  3.177e+11
     339.4  3.177e+11
     341.4  3.177e+11
     343.4  3.177e+11
     345.4  3.177e+11
     347.4  3.177e+11
     349.4  3.177e+11
