     1.001      18.26
     3.003      19.24
     5.005      19.81
     7.008      20.16
      9.01      20.43
     11.01      20.89
     13.01      21.29
     15.02      21.54
     17.02      21.63
     19.02      21.91
     21.02      22.19
     23.02       22.6
     25.03      22.71
     27.03      23.03
     29.03      23.39
     31.03       23.5
     33.04      23.72
     35.04      23.83
     37.04      24.03
     39.04      24.55
     41.04      24.55
     43.05      25.15
     45.05       25.3
     47.05       24.7
     49.05      25.91
     51.06      27.34
     53.06      28.23
     55.06      27.48
     57.06      26.89
     59.06      27.15
     61.07      28.23
     63.07      30.13
     65.07      30.91
     67.07      32.51
     69.07      32.56
     71.08      33.56
     73.08      33.82
     75.08      35.75
     77.08      36.22
     79.09      37.06
     81.09      37.85
     83.09      38.89
     85.09      40.51
     87.09       39.3
      89.1      38.35
      91.1      38.85
      93.1      39.07
      95.1      40.52
      97.1      41.08
     99.11         41
     101.1       40.5
     103.1      40.33
     105.1      40.55
     107.1      41.94
     109.1      42.23
     111.1      43.33
     113.1      42.93
     115.1       44.1
     117.1      44.27
     119.1      45.72
     121.1      45.36
     123.1      45.75
     125.1      45.55
     127.1      44.98
     129.1       44.6
     131.1      44.82
     133.1      45.55
     135.1      45.15
     137.1       45.5
     139.2      45.97
     141.2       46.4
     143.2      46.97
     145.2       47.4
     147.2      47.57
     149.2      47.93
     151.2      47.79
     153.2      47.66
     155.2      47.27
     157.2      47.42
     159.2      47.99
     161.2      48.39
     163.2      48.18
     165.2      47.85
     167.2       48.1
     169.2      48.35
     171.2      49.11
     173.2      48.97
     175.2      48.88
     177.2      48.74
     179.2      48.51
     181.2      48.68
     183.2      48.29
     185.2      48.48
     187.2      49.03
     189.2      49.32
     191.2      49.15
     193.2      48.95
     195.2      49.09
     197.2      49.29
     199.2      49.19
     201.2      48.97
     203.2      48.98
     205.2      49.37
     207.2      49.51
     209.2      49.35
     211.2      49.23
     213.2      49.46
     215.2      49.52
     217.2      49.41
     219.2      49.29
     221.2      49.17
     223.2      49.13
     225.2      49.47
     227.2      49.63
     229.2      49.85
     231.2       49.9
     233.3      49.94
     235.3         50
     237.3      49.91
     239.3       49.9
     241.3      49.79
     243.3      49.81
     245.3      49.69
     247.3      49.76
     249.3      49.79
     251.3      49.73
     253.3      49.73
     255.3      49.61
     257.3       49.5
     259.3      49.36
     261.3      49.52
     263.3      49.31
     265.3      49.33
     267.3       49.2
     269.3      49.48
     271.3      49.71
     273.3      49.74
     275.3      49.75
     277.3      49.56
     279.3      49.51
     281.3       49.5
     283.3      49.76
     285.3      49.52
     287.3      49.61
     289.3      49.54
     291.3      49.59
     293.3      49.91
     295.3         50
     297.3         50
     299.3         50
     301.3         50
     303.3         50
     305.3         50
     307.3         50
     309.3         50
     311.3         50
     313.3         50
     315.3         50
     317.3         50
     319.3         50
     321.3         50
     323.3         50
     325.4         50
     327.4         50
     329.4         50
     331.4         50
     333.4         50
     335.4         50
     337.4         50
     339.4         50
     341.4         50
     343.4         50
     345.4         50
     347.4         50
     349.4         50
