     2.022  3.929e+10
     6.067  9.869e+10
     10.11  1.334e+11
     14.16  1.619e+11
      18.2  1.927e+11
     22.24    2.2e+11
     26.29  2.426e+11
     30.33  2.611e+11
     34.38  2.775e+11
     38.42  2.921e+11
     42.47  3.093e+11
     46.51  3.252e+11
     50.55  3.417e+11
      54.6  3.573e+11
     58.64  3.698e+11
     62.69    3.8e+11
     66.73  3.919e+11
     70.78  4.037e+11
     74.82  4.164e+11
     78.86  4.268e+11
     82.91  4.361e+11
     86.95  4.462e+11
        91  4.549e+11
     95.04  4.632e+11
     99.09  4.711e+11
     103.1   4.79e+11
     107.2  4.849e+11
     111.2  4.917e+11
     115.3  4.981e+11
     119.3  5.033e+11
     123.4   5.07e+11
     127.4  5.106e+11
     131.4  5.141e+11
     135.5  5.175e+11
     139.5   5.21e+11
     143.6  5.249e+11
     147.6  5.273e+11
     151.7  5.296e+11
     155.7  5.317e+11
     159.8  5.334e+11
     163.8  5.354e+11
     167.8  5.374e+11
     171.9  5.392e+11
     175.9  5.407e+11
       180   5.42e+11
       184  5.435e+11
     188.1  5.453e+11
     192.1  5.467e+11
     196.2  5.485e+11
     200.2  5.506e+11
     204.2  5.521e+11
     208.3  5.538e+11
     212.3  5.553e+11
     216.4  5.566e+11
     220.4   5.58e+11
     224.5  5.598e+11
     228.5  5.607e+11
     232.5  5.619e+11
     236.6  5.626e+11
     240.6  5.632e+11
     244.7  5.642e+11
     248.7  5.646e+11
     252.8  5.653e+11
     256.8  5.659e+11
     260.9  5.663e+11
     264.9  5.664e+11
     268.9  5.665e+11
       273  5.665e+11
       277  5.665e+11
     281.1  5.666e+11
     285.1  5.666e+11
     289.2  5.666e+11
     293.2  5.667e+11
     297.3  5.667e+11
     301.3  5.667e+11
     305.3  5.668e+11
     309.4  5.668e+11
     313.4  5.669e+11
     317.5  5.669e+11
     321.5  5.669e+11
     325.6  5.669e+11
     329.6  5.669e+11
     333.7  5.669e+11
     337.7  5.669e+11
     341.7  5.669e+11
     345.8  5.669e+11
     349.8  5.669e+11
