     1.005      18.25
     3.016      19.41
     5.027      20.34
     7.037      20.65
     9.048      20.97
     11.06      21.17
     13.07      21.31
     15.08      21.49
     17.09      21.63
      19.1      21.89
     21.11      21.92
     23.12      22.04
     25.13      22.21
     27.14      22.57
     29.15       23.2
     31.16      23.64
     33.18      23.89
     35.19      24.17
      37.2      23.66
     39.21      23.84
     41.22      23.81
     43.23      23.86
     45.24      24.13
     47.25       24.8
     49.26      24.74
     51.27      24.48
     53.28      25.09
     55.29      26.13
      57.3      28.28
     59.31      30.36
     61.32      30.46
     63.33      29.18
     65.34      29.05
     67.36      28.87
     69.37      29.56
     71.38      28.94
     73.39      28.72
      75.4       29.4
     77.41      30.36
     79.42       31.3
     81.43      31.84
     83.44      32.02
     85.45      31.04
     87.46      30.81
     89.47      31.25
     91.48      32.68
     93.49      31.86
      95.5      33.15
     97.51      34.18
     99.53      35.24
     101.5      35.28
     103.5      35.62
     105.6      37.05
     107.6      36.71
     109.6         36
     111.6      36.25
     113.6       37.3
     115.6      37.57
     117.6      38.33
     119.6      38.86
     121.6      39.17
     123.7      39.85
     125.7      39.87
     127.7      39.95
     129.7      39.61
     131.7      39.86
     133.7      41.13
     135.7      41.27
     137.7      41.54
     139.7      41.15
     141.7      40.96
     143.8      41.67
     145.8      42.69
     147.8      43.69
     149.8         44
     151.8       44.3
     153.8      44.33
     155.8      44.19
     157.8      45.18
     159.8      45.19
     161.9      45.48
     163.9      45.19
     165.9      45.39
     167.9      44.97
     169.9      44.61
     171.9      44.81
     173.9      44.98
     175.9      44.97
     177.9      45.45
     179.9         46
       182      45.95
       184      45.86
       186      46.14
       188      45.88
       190      45.82
       192      45.21
       194      45.06
       196      45.88
       198      46.15
     200.1      47.13
     202.1      46.98
     204.1      47.07
     206.1      46.85
     208.1      46.77
     210.1       46.9
     212.1      46.81
     214.1      47.16
     216.1         47
     218.2      46.53
     220.2      46.27
     222.2      46.35
     224.2      46.82
     226.2      47.37
     228.2      47.47
     230.2      47.66
     232.2      47.76
     234.2      47.92
     236.2       48.3
     238.3      48.33
     240.3      47.94
     242.3         48
     244.3      48.14
     246.3      48.47
     248.3      48.69
     250.3      48.72
     252.3      48.48
     254.3       48.6
     256.4      48.88
     258.4      49.08
     260.4      49.14
     262.4      49.29
     264.4      49.47
     266.4      49.65
     268.4      49.78
     270.4       49.8
     272.4      49.89
     274.4         50
     276.5      49.87
     278.5      49.68
     280.5       49.5
     282.5      49.37
     284.5      49.49
     286.5      49.65
     288.5      49.57
     290.5      49.22
     292.5      49.38
     294.6      49.37
     296.6      49.72
     298.6      49.65
     300.6      49.55
     302.6      49.05
     304.6      49.43
     306.6      49.48
     308.6       49.4
     310.6      49.51
     312.7      49.56
     314.7         50
     316.7         50
     318.7         50
     320.7         50
     322.7         50
     324.7         50
     326.7         50
     328.7         50
     330.7         50
     332.8         50
     334.8         50
     336.8         50
     338.8         50
     340.8         50
     342.8         50
     344.8         50
     346.8         50
     348.8         50
     350.9         50
