     2.022      19.02
     6.067      20.49
     10.11      21.09
     14.16      21.42
      18.2      21.77
     22.24      21.98
     26.29      22.42
     30.33      23.61
     34.38      23.89
     38.42      23.78
     42.47      23.85
     46.51      24.53
     50.55      24.56
      54.6      25.81
     58.64      29.53
     62.69      29.86
     66.73      28.78
     70.78      29.14
     74.82      29.35
     78.86      30.97
     82.91      31.86
     86.95      30.95
        91       31.9
     95.04      32.84
     99.09       34.9
     103.1      35.75
     107.2      36.73
     111.2      36.46
     115.3      37.45
     119.3      38.79
     123.4      39.67
     127.4      39.82
     131.4       40.1
     135.5      41.27
     139.5      41.21
     143.6      41.63
     147.6      43.43
     151.7      44.18
     155.7      44.57
     159.8      45.32
     163.8      45.31
     167.8      45.02
     171.9      44.79
     175.9      45.06
       180         46
       184      45.96
     188.1      45.95
     192.1      45.27
     196.2       45.8
     200.2      46.89
     204.2      46.93
     208.3      46.83
     212.3      47.02
     216.4      46.95
     220.4      46.21
     224.5      46.89
     228.5      47.57
     232.5       47.8
     236.6      48.29
     240.6      47.98
     244.7      48.22
     248.7      48.61
     252.8      48.56
     256.8      48.91
     260.9      49.12
     264.9      49.56
     268.9      49.74
       273      49.95
       277      49.81
     281.1      49.45
     285.1      49.55
     289.2      49.39
     293.2       49.4
     297.3      49.65
     301.3      49.48
     305.3      49.34
     309.4       49.4
     313.4      49.81
     317.5         50
     321.5         50
     325.6         50
     329.6         50
     333.7         50
     337.7         50
     341.7         50
     345.8         50
     349.8         50
