     2.022      18.66
     6.067      20.21
     10.11      20.86
     14.16       21.2
      18.2      21.55
     22.24      21.79
     26.29      22.23
     30.33      23.24
     34.38      23.62
     38.42      23.61
     42.47      23.67
     46.51      24.35
     50.55      24.41
      54.6      25.63
     58.64      29.38
     62.69      29.71
     66.73      28.63
     70.78      28.98
     74.82      29.19
     78.86      30.83
     82.91      31.73
     86.95      30.81
        91      31.73
     95.04      32.66
     99.09      34.59
     103.1      35.13
     107.2      36.19
     111.2      36.12
     115.3      37.26
     119.3      38.65
     123.4      39.46
     127.4       39.7
     131.4      39.97
     135.5      41.17
     139.5      41.13
     143.6      41.56
     147.6      43.37
     151.7      44.12
     155.7       44.5
     159.8      45.27
     163.8      45.26
     167.8      44.93
     171.9      44.74
     175.9      45.02
       180      45.86
       184      45.77
     188.1      45.82
     192.1      45.11
     196.2      45.67
     200.2      46.78
     204.2      46.86
     208.3      46.79
     212.3      46.99
     216.4      46.92
     220.4      46.08
     224.5      46.78
     228.5      47.45
     232.5       47.7
     236.6      48.24
     240.6      47.96
     244.7      48.21
     248.7      48.59
     252.8      48.55
     256.8      48.88
     260.9      49.03
     264.9      49.47
     268.9      49.56
       273      49.81
       277      49.75
     281.1      49.31
     285.1      49.37
     289.2       49.3
     293.2      49.33
     297.3      49.64
     301.3      49.47
     305.3      49.33
     309.4      49.39
     313.4       49.8
     317.5         50
     321.5      49.88
     325.6      49.94
     329.6         50
     333.7         50
     337.7         50
     341.7         50
     345.8         50
     349.8         50
