     2.001      20.23
     6.002      21.01
        10      21.19
        14      21.48
        18      21.75
     22.01      21.89
     26.01       22.2
     30.01      22.45
     34.01       22.7
     38.01      22.84
     42.01      22.95
     46.01      23.13
     50.01      23.33
     54.01       23.4
     58.02      23.44
     62.02      23.63
     66.02      23.84
     70.02      24.01
     74.02      24.06
     78.02      24.22
     82.02      24.35
     86.02      24.51
     90.02       24.6
     94.03      24.59
     98.03      24.63
       102      24.76
       106      25.02
       110      25.12
       114      25.26
       118      25.37
       122      25.59
       126       25.4
       130      25.62
       134      25.67
       138      25.88
       142      26.08
       146       26.4
       150      26.27
       154      26.57
       158      26.34
       162      26.68
       166      26.76
       170      26.88
       174      27.26
       178      27.34
     182.1      27.76
     186.1      28.17
     190.1      27.86
     194.1         28
     198.1      28.14
     202.1      28.05
     206.1       28.2
     210.1      28.14
     214.1      28.73
     218.1      28.87
     222.1         29
     226.1      29.31
     230.1      30.01
     234.1      30.24
     238.1      30.39
     242.1      30.36
     246.1       30.3
     250.1      31.33
     254.1      30.94
     258.1      31.29
     262.1      31.31
     266.1      31.06
     270.1      31.73
     274.1      31.28
     278.1      30.28
     282.1      31.84
     286.1      32.24
     290.1      32.51
     294.1      33.48
     298.1      34.04
     302.1      34.57
     306.1      34.55
     310.1      34.08
     314.1      37.08
     318.1      37.03
     322.1      36.66
     326.1      39.15
     330.1      40.71
     334.1      38.58
     338.1      36.47
     342.1      37.29
     346.1      37.13
     350.1      42.75
