     2.022   6.35e+09
     6.067  3.376e+10
     10.11   7.76e+10
     14.16  1.181e+11
      18.2  1.531e+11
     22.25  1.856e+11
     26.29  2.163e+11
     30.34  2.444e+11
     34.38    2.7e+11
     38.43  2.933e+11
     42.47  3.158e+11
     46.52  3.365e+11
     50.56   3.55e+11
     54.61  3.732e+11
     58.65  3.917e+11
      62.7  4.092e+11
     66.74   4.26e+11
     70.79  4.417e+11
     74.83  4.588e+11
     78.88  4.745e+11
     82.92  4.901e+11
     86.97  5.093e+11
     91.01  5.272e+11
     95.06   5.45e+11
      99.1  5.689e+11
     103.1  5.964e+11
     107.2  6.198e+11
     111.2  6.321e+11
     115.3  6.413e+11
     119.3  6.509e+11
     123.4  6.599e+11
     127.4  6.686e+11
     131.5   6.78e+11
     135.5   6.88e+11
     139.6  6.976e+11
     143.6  7.116e+11
     147.6  7.254e+11
     151.7  7.403e+11
     155.7  7.521e+11
     159.8   7.62e+11
     163.8  7.699e+11
     167.9  7.769e+11
     171.9  7.853e+11
       176  7.955e+11
       180  8.165e+11
       184  8.282e+11
     188.1  8.344e+11
     192.1  8.416e+11
     196.2  8.502e+11
     200.2  8.613e+11
     204.3  8.759e+11
     208.3  8.839e+11
     212.4  8.913e+11
     216.4  8.958e+11
     220.5  9.003e+11
     224.5  9.043e+11
     228.5  9.081e+11
     232.6  9.133e+11
     236.6  9.193e+11
     240.7  9.234e+11
     244.7  9.288e+11
     248.8  9.388e+11
     252.8  9.536e+11
     256.9  9.583e+11
     260.9  9.622e+11
     264.9  9.651e+11
       269   9.68e+11
       273  9.705e+11
     277.1  9.728e+11
     281.1  9.749e+11
     285.2  9.785e+11
     289.2  9.885e+11
     293.3      1e+12
     297.3  1.003e+12
     301.4  1.005e+12
     305.4  1.006e+12
     309.4  1.007e+12
     313.5  1.008e+12
     317.5  1.008e+12
     321.6  1.009e+12
     325.6  1.009e+12
     329.7  1.009e+12
     333.7  1.009e+12
     337.8   1.01e+12
     341.8   1.01e+12
     345.8   1.01e+12
     349.9   1.01e+12
