     2.022      21.46
     6.067      21.95
     10.11       22.3
     14.16      22.77
      18.2      23.03
     22.25      23.24
     26.29      23.48
     30.34      23.81
     34.38      24.01
     38.43      24.26
     42.47      24.55
     46.52      24.76
     50.56      24.87
     54.61      25.13
     58.65      25.25
      62.7      25.42
     66.74      25.72
     70.79      25.96
     74.83      26.06
     78.88      26.13
     82.92      26.28
     86.97      26.51
     91.01      26.41
     95.06      27.04
      99.1      27.88
     103.1      27.72
     107.2      28.08
     111.2      28.71
     115.3      29.36
     119.3      29.25
     123.4      30.39
     127.4      30.95
     131.5      31.82
     135.5      31.44
     139.6      31.71
     143.6       32.1
     147.6      32.36
     151.7       32.9
     155.7      31.88
     159.8      33.24
     163.8      34.47
     167.9      33.63
     171.9       34.6
       176      35.84
       180      36.34
       184      37.44
     188.1      37.71
     192.1      37.83
     196.2      38.26
     200.2       37.9
     204.3      38.24
     208.3      37.82
     212.4      38.57
     216.4      38.68
     220.5      38.94
     224.5      39.38
     228.5      38.83
     232.6      38.99
     236.6      40.05
     240.7      40.23
     244.7      40.38
     248.8       40.5
     252.8      40.46
     256.9      39.55
     260.9      39.61
     264.9       40.3
       269       39.6
       273      40.42
     277.1      40.65
     281.1      39.52
     285.2      39.23
     289.2      40.39
     293.3      40.16
     297.3      40.82
     301.4      41.54
     305.4      40.92
     309.4      41.59
     313.5      44.43
     317.5      43.54
     321.6      42.52
     325.6      44.28
     329.7      46.36
     333.7       45.3
     337.8      43.97
     341.8      44.65
     345.8      42.14
     349.9      42.07
