     1.002  1.972e+10
     3.005  7.198e+10
     5.008  1.058e+11
     7.011  1.308e+11
     9.014  1.494e+11
     11.02  1.638e+11
     13.02  1.771e+11
     15.02  1.902e+11
     17.03  2.016e+11
     19.03  2.203e+11
     21.03  2.576e+11
     23.04  2.773e+11
     25.04  2.855e+11
     27.04  2.935e+11
     29.04  3.101e+11
     31.05  3.427e+11
     33.05  3.551e+11
     35.05  3.606e+11
     37.06  3.654e+11
     39.06  3.694e+11
     41.06  3.729e+11
     43.07  3.758e+11
     45.07  3.786e+11
     47.07  3.806e+11
     49.07  3.838e+11
     51.08  3.873e+11
     53.08  3.908e+11
     55.08  3.956e+11
     57.09  4.034e+11
     59.09  4.246e+11
     61.09  4.605e+11
      63.1   4.71e+11
      65.1  4.789e+11
      67.1  4.841e+11
     69.11  4.869e+11
     71.11   4.89e+11
     73.11  4.918e+11
     75.11  4.928e+11
     77.12   4.94e+11
     79.12  4.954e+11
     81.12  4.962e+11
     83.13  4.972e+11
     85.13  4.984e+11
     87.13  4.992e+11
     89.14  4.997e+11
     91.14  5.003e+11
     93.14   5.01e+11
     95.14  5.016e+11
     97.15  5.021e+11
     99.15  5.026e+11
     101.2  5.031e+11
     103.2  5.035e+11
     105.2  5.043e+11
     107.2  5.047e+11
     109.2  5.052e+11
     111.2  5.053e+11
     113.2  5.058e+11
     115.2  5.062e+11
     117.2  5.067e+11
     119.2   5.07e+11
     121.2  5.075e+11
     123.2  5.079e+11
     125.2  5.082e+11
     127.2  5.087e+11
     129.2  5.091e+11
     131.2  5.096e+11
     133.2    5.1e+11
     135.2  5.108e+11
     137.2  5.114e+11
     139.2  5.123e+11
     141.2  5.131e+11
     143.2   5.14e+11
     145.2  5.146e+11
     147.2  5.154e+11
     149.2  5.165e+11
     151.2  5.183e+11
     153.2  5.273e+11
     155.2  5.354e+11
     157.2   5.37e+11
     159.2  5.386e+11
     161.2  5.398e+11
     163.2  5.407e+11
     165.3  5.419e+11
     167.3  5.438e+11
     169.3  5.461e+11
     171.3  5.505e+11
     173.3  5.617e+11
     175.3  5.729e+11
     177.3   5.92e+11
     179.3  6.107e+11
     181.3  6.142e+11
     183.3  6.164e+11
     185.3  6.172e+11
     187.3  6.181e+11
     189.3  6.187e+11
     191.3  6.198e+11
     193.3  6.209e+11
     195.3  6.228e+11
     197.3  6.277e+11
     199.3   6.37e+11
     201.3  6.399e+11
     203.3  6.407e+11
     205.3  6.426e+11
     207.3   6.47e+11
     209.3  6.475e+11
     211.3  6.478e+11
     213.3  6.481e+11
     215.3  6.481e+11
     217.3  6.486e+11
     219.3  6.488e+11
     221.3   6.49e+11
     223.3  6.492e+11
     225.3  6.493e+11
     227.3  6.494e+11
     229.3  6.496e+11
     231.4  6.497e+11
     233.4  6.498e+11
     235.4  6.501e+11
     237.4  6.503e+11
     239.4  6.504e+11
     241.4  6.506e+11
     243.4  6.507e+11
     245.4  6.509e+11
     247.4  6.511e+11
     249.4  6.514e+11
     251.4  6.514e+11
     253.4  6.514e+11
     255.4  6.515e+11
     257.4  6.515e+11
     259.4  6.517e+11
     261.4  6.518e+11
     263.4  6.518e+11
     265.4  6.518e+11
     267.4  6.518e+11
     269.4  6.519e+11
     271.4   6.52e+11
     273.4  6.521e+11
     275.4  6.521e+11
     277.4  6.521e+11
     279.4  6.521e+11
     281.4  6.521e+11
     283.4  6.521e+11
     285.4  6.521e+11
     287.4  6.521e+11
     289.4  6.521e+11
     291.4  6.521e+11
     293.4  6.521e+11
     295.4  6.521e+11
     297.5  6.521e+11
     299.5  6.521e+11
     301.5  6.521e+11
     303.5  6.521e+11
     305.5  6.521e+11
     307.5  6.521e+11
     309.5  6.521e+11
     311.5  6.521e+11
     313.5  6.521e+11
     315.5  6.521e+11
     317.5  6.521e+11
     319.5  6.521e+11
     321.5  6.521e+11
     323.5  6.521e+11
     325.5  6.521e+11
     327.5  6.521e+11
     329.5  6.521e+11
     331.5  6.521e+11
     333.5  6.521e+11
     335.5  6.521e+11
     337.5  6.521e+11
     339.5  6.521e+11
     341.5  6.521e+11
     343.5  6.521e+11
     345.5  6.521e+11
     347.5  6.521e+11
     349.5  6.521e+11
