         1  1.114e+10
     3.001  3.081e+10
     5.001  6.299e+10
     7.002  1.049e+11
     9.002  1.517e+11
        11  2.018e+11
        13   2.54e+11
        15  3.069e+11
        17  3.565e+11
     19.01  4.062e+11
     21.01  4.574e+11
     23.01  5.097e+11
     25.01  5.625e+11
     27.01  6.148e+11
     29.01  6.664e+11
     31.01  7.184e+11
     33.01  7.731e+11
     35.01  8.256e+11
     37.01  8.759e+11
     39.01  9.261e+11
     41.01  9.727e+11
     43.01  1.017e+12
     45.01   1.06e+12
     47.01  1.101e+12
     49.01   1.14e+12
     51.01   1.18e+12
     53.01  1.216e+12
     55.02  1.251e+12
     57.02  1.285e+12
     59.02  1.317e+12
     61.02  1.348e+12
     63.02  1.377e+12
     65.02   1.41e+12
     67.02  1.439e+12
     69.02  1.467e+12
     71.02  1.495e+12
     73.02  1.525e+12
     75.02  1.556e+12
     77.02  1.583e+12
     79.02  1.611e+12
     81.02  1.636e+12
     83.02   1.66e+12
     85.02  1.685e+12
     87.02   1.71e+12
     89.02  1.733e+12
     91.03  1.756e+12
     93.03   1.78e+12
     95.03  1.805e+12
     97.03  1.827e+12
     99.03   1.85e+12
       101  1.872e+12
       103  1.894e+12
       105  1.915e+12
       107  1.934e+12
       109  1.955e+12
       111  1.973e+12
       113   1.99e+12
       115  2.009e+12
       117   2.03e+12
       119  2.049e+12
       121  2.066e+12
       123  2.083e+12
       125  2.101e+12
       127   2.12e+12
       129  2.139e+12
       131  2.155e+12
       133  2.173e+12
       135  2.192e+12
       137   2.21e+12
       139  2.229e+12
       141  2.246e+12
       143  2.263e+12
       145  2.281e+12
       147  2.298e+12
       149  2.313e+12
       151  2.328e+12
       153  2.344e+12
       155   2.36e+12
       157  2.376e+12
       159  2.391e+12
       161  2.406e+12
       163  2.419e+12
       165  2.434e+12
       167  2.448e+12
       169  2.463e+12
       171  2.479e+12
       173  2.493e+12
       175  2.507e+12
       177  2.521e+12
       179  2.534e+12
       181  2.547e+12
     183.1  2.559e+12
     185.1  2.573e+12
     187.1  2.584e+12
     189.1  2.599e+12
     191.1  2.612e+12
     193.1  2.625e+12
     195.1  2.638e+12
     197.1   2.65e+12
     199.1  2.663e+12
     201.1  2.675e+12
     203.1  2.687e+12
     205.1  2.698e+12
     207.1  2.709e+12
     209.1  2.721e+12
     211.1  2.733e+12
     213.1  2.743e+12
     215.1  2.754e+12
     217.1  2.765e+12
     219.1  2.776e+12
     221.1  2.787e+12
     223.1  2.798e+12
     225.1  2.809e+12
     227.1  2.819e+12
     229.1  2.831e+12
     231.1  2.843e+12
     233.1  2.854e+12
     235.1  2.867e+12
     237.1   2.88e+12
     239.1  2.892e+12
     241.1  2.904e+12
     243.1  2.915e+12
     245.1  2.926e+12
     247.1  2.937e+12
     249.1  2.947e+12
     251.1  2.957e+12
     253.1  2.965e+12
     255.1  2.973e+12
     257.1  2.978e+12
     259.1  2.985e+12
     261.1  2.991e+12
     263.1  2.999e+12
     265.1  3.005e+12
     267.1  3.012e+12
     269.1  3.017e+12
     271.1  3.021e+12
     273.1  3.025e+12
     275.1  3.029e+12
     277.1  3.033e+12
     279.1  3.036e+12
     281.1  3.039e+12
     283.1  3.043e+12
     285.1  3.046e+12
     287.1  3.049e+12
     289.1  3.051e+12
     291.1  3.053e+12
     293.1  3.055e+12
     295.1  3.057e+12
     297.1   3.06e+12
     299.1  3.062e+12
     301.1  3.063e+12
     303.1  3.064e+12
     305.1  3.066e+12
     307.1  3.067e+12
     309.1  3.068e+12
     311.1  3.069e+12
     313.1   3.07e+12
     315.1  3.071e+12
     317.1  3.072e+12
     319.1  3.073e+12
     321.1  3.073e+12
     323.1  3.074e+12
     325.1  3.075e+12
     327.1  3.075e+12
     329.1  3.076e+12
     331.1  3.076e+12
     333.1  3.077e+12
     335.1  3.077e+12
     337.1  3.077e+12
     339.1  3.077e+12
     341.1  3.078e+12
     343.1  3.078e+12
     345.1  3.078e+12
     347.1  3.078e+12
     349.1  3.078e+12
     351.1  3.078e+12
