         1      20.58
     3.001      20.67
     5.001      20.86
     7.002      20.91
     9.002      21.06
        11      21.29
        13      21.33
        15      21.46
        17      21.55
     19.01      21.61
     21.01      21.64
     23.01      21.52
     25.01      21.61
     27.01       21.9
     29.01      21.98
     31.01      22.05
     33.01       22.2
     35.01      22.31
     37.01      22.23
     39.01      22.34
     41.01      22.52
     43.01      22.65
     45.01      22.71
     47.01      22.79
     49.01      22.86
     51.01      22.94
     53.01      23.09
     55.02      23.13
     57.02       23.3
     59.02      23.46
     61.02      23.51
     63.02      23.58
     65.02      23.62
     67.02      23.77
     69.02      23.83
     71.02      23.84
     73.02      23.94
     75.02      23.98
     77.02      24.03
     79.02      24.01
     81.02      24.14
     83.02       24.2
     85.02      24.26
     87.02      24.31
     89.02      24.34
     91.03      24.28
     93.03      24.34
     95.03      24.39
     97.03      24.46
     99.03      24.53
       101      24.56
       103      24.65
       105      24.73
       107      24.84
       109      24.83
       111      24.92
       113      24.97
       115      24.91
       117      24.96
       119      25.04
       121      25.09
       123      25.18
       125      25.17
       127      25.13
       129      25.27
       131      25.33
       133      25.32
       135      25.26
       137      25.28
       139      25.36
       141      25.46
       143      25.51
       145      25.63
       147      25.64
       149      25.77
       151      25.83
       153      25.85
       155      25.65
       157      25.73
       159      25.85
       161      25.99
       163      26.16
       165      26.31
       167      26.11
       169      26.21
       171      26.07
       173      26.13
       175      25.99
       177      26.21
       179      26.32
       181      26.42
     183.1      26.57
     185.1      26.41
     187.1      26.56
     189.1      26.52
     191.1       26.9
     193.1       27.1
     195.1      26.99
     197.1      26.96
     199.1       26.8
     201.1      26.95
     203.1      27.25
     205.1      27.43
     207.1      27.27
     209.1      27.35
     211.1      27.41
     213.1      27.55
     215.1      27.31
     217.1      27.21
     219.1      27.74
     221.1      28.18
     223.1      28.22
     225.1      28.25
     227.1      28.16
     229.1      28.05
     231.1      28.05
     233.1      28.14
     235.1       28.4
     237.1      28.62
     239.1      28.57
     241.1      28.72
     243.1      28.56
     245.1      28.55
     247.1      28.62
     249.1      28.97
     251.1      28.97
     253.1      28.71
     255.1      29.03
     257.1      28.85
     259.1      28.81
     261.1      28.64
     263.1      28.88
     265.1      28.84
     267.1      29.47
     269.1      29.41
     271.1      29.52
     273.1      30.08
     275.1      30.46
     277.1      30.81
     279.1      30.36
     281.1      30.47
     283.1      31.18
     285.1      31.13
     287.1      30.26
     289.1      30.27
     291.1      30.76
     293.1      30.94
     295.1      30.34
     297.1      31.21
     299.1      32.09
     301.1      33.06
     303.1      32.23
     305.1      34.03
     307.1      33.49
     309.1      33.16
     311.1      34.16
     313.1      33.74
     315.1      34.73
     317.1      34.28
     319.1      33.79
     321.1      34.61
     323.1      34.07
     325.1      34.89
     327.1      36.05
     329.1      35.41
     331.1      35.58
     333.1      36.78
     335.1      37.22
     337.1      38.05
     339.1      39.36
     341.1      40.55
     343.1      39.55
     345.1      38.21
     347.1      35.68
     349.1      37.38
     351.1      39.92
