         2  5.218e+10
     6.001  1.506e+11
        10   2.36e+11
        14  3.042e+11
        18  3.555e+11
     22.01  4.074e+11
     26.01  4.318e+11
     30.01  4.559e+11
     34.01  4.989e+11
     38.01  5.172e+11
     42.01   5.32e+11
     46.01  5.454e+11
     50.01  5.565e+11
     54.01  5.772e+11
     58.01  6.511e+11
     62.01  6.738e+11
     66.02  6.914e+11
     70.02  7.499e+11
     74.02  7.848e+11
     78.02  7.933e+11
     82.02  7.991e+11
     86.02  8.038e+11
     90.02  8.098e+11
     94.02   8.32e+11
     98.02  8.435e+11
       102  8.698e+11
       106  8.752e+11
       110  8.786e+11
       114  8.813e+11
       118  8.849e+11
       122  8.954e+11
       126      9e+11
       130  9.029e+11
       134  9.059e+11
       138  9.089e+11
       142  9.134e+11
       146  9.389e+11
       150  9.453e+11
       154  9.486e+11
       158  9.535e+11
       162  9.658e+11
       166  9.907e+11
       170  1.019e+12
       174  1.047e+12
       178   1.06e+12
       182  1.066e+12
       186   1.07e+12
       190  1.073e+12
       194  1.076e+12
       198   1.08e+12
       202  1.082e+12
       206  1.086e+12
       210  1.089e+12
     214.1  1.092e+12
     218.1  1.115e+12
     222.1  1.122e+12
     226.1  1.125e+12
     230.1  1.127e+12
     234.1  1.129e+12
     238.1  1.132e+12
     242.1  1.134e+12
     246.1  1.135e+12
     250.1  1.137e+12
     254.1  1.137e+12
     258.1   1.14e+12
     262.1  1.142e+12
     266.1  1.144e+12
     270.1  1.145e+12
     274.1  1.145e+12
     278.1  1.145e+12
     282.1  1.145e+12
     286.1  1.146e+12
     290.1  1.146e+12
     294.1  1.146e+12
     298.1  1.146e+12
     302.1  1.146e+12
     306.1  1.146e+12
     310.1  1.146e+12
     314.1  1.146e+12
     318.1  1.146e+12
     322.1  1.146e+12
     326.1  1.147e+12
     330.1  1.147e+12
     334.1  1.147e+12
     338.1  1.147e+12
     342.1  1.147e+12
     346.1  1.147e+12
     350.1  1.147e+12
