         1      16.45
     3.001      18.28
     5.001      18.94
     7.002      19.51
     9.002      19.72
        11      19.95
        13      20.28
        15      20.65
        17      20.87
        19       21.1
        21      21.35
     23.01      21.72
     25.01      21.95
     27.01      22.01
     29.01      22.16
     31.01      22.33
     33.01      22.49
     35.01      22.69
     37.01      22.78
     39.01      23.01
     41.01      23.26
     43.01       23.4
     45.01      23.49
     47.01      23.72
     49.01      23.97
     51.01      24.12
     53.01      23.98
     55.01      23.88
     57.01      24.25
     59.01      24.19
     61.01      24.24
     63.01      24.78
     65.02      24.55
     67.02      25.33
     69.02      26.84
     71.02      27.84
     73.02      27.54
     75.02      28.57
     77.02       29.2
     79.02      29.55
     81.02      30.35
     83.02         32
     85.02       31.9
     87.02      31.83
     89.02      32.25
     91.02      31.68
     93.02      32.01
     95.02      32.77
     97.02      33.13
     99.02      34.09
       101      35.21
       103      35.47
       105      34.44
       107      34.59
       109      35.69
       111       37.9
       113      39.14
       115      38.27
       117      37.67
       119      36.83
       121      37.71
       123      38.79
       125      38.96
       127       38.7
       129      39.06
       131      39.85
       133      40.56
       135      40.36
       137      40.37
       139       40.2
       141      40.19
       143      40.14
       145      40.79
       147      40.61
       149      40.85
       151      40.23
       153      40.88
       155      40.96
       157      40.32
       159      40.42
       161      39.12
       163      39.92
       165      40.44
       167      40.58
       169      40.64
       171      40.47
       173      40.74
       175      40.78
       177      40.78
       179      40.52
       181      39.88
       183       40.5
       185      40.99
       187      41.97
       189      43.54
       191       43.3
       193      42.85
       195       42.7
       197      42.54
       199       43.2
       201      43.44
       203      43.03
       205      42.75
       207      43.26
       209      44.32
       211      44.29
     213.1       43.7
     215.1      44.13
     217.1      44.73
     219.1      45.56
     221.1      45.96
     223.1      45.53
     225.1      45.06
     227.1      44.45
     229.1      44.14
     231.1      44.43
     233.1      45.23
     235.1      45.98
     237.1      45.88
     239.1      45.82
     241.1      46.51
     243.1       46.9
     245.1      47.42
     247.1      47.65
     249.1      47.66
     251.1      47.69
     253.1      47.36
     255.1      47.29
     257.1      47.27
     259.1      47.33
     261.1      46.69
     263.1      46.86
     265.1      46.99
     267.1      47.43
     269.1      47.95
     271.1      48.03
     273.1      48.34
     275.1       48.2
     277.1      48.17
     279.1      48.53
     281.1      48.75
     283.1      48.66
     285.1      48.41
     287.1      47.75
     289.1      47.79
     291.1      47.97
     293.1      48.17
     295.1      48.32
     297.1       48.2
     299.1      49.21
     301.1      48.91
     303.1      49.06
     305.1      49.08
     307.1      49.42
     309.1      48.98
     311.1       49.3
     313.1      49.59
     315.1         50
     317.1      49.38
     319.1      49.48
     321.1      48.62
     323.1      49.33
     325.1      49.55
     327.1      49.61
     329.1         50
     331.1         50
     333.1         50
     335.1         50
     337.1         50
     339.1         50
     341.1         50
     343.1         50
     345.1         50
     347.1         50
     349.1         50
     351.1         50
