         1  1.649e+10
     3.001  3.241e+10
     5.001  6.368e+10
     7.002  1.049e+11
     9.002  1.562e+11
        11  2.129e+11
        13  2.728e+11
        15  3.399e+11
        17  4.065e+11
     19.01  4.751e+11
     21.01  5.408e+11
     23.01  6.078e+11
     25.01  6.742e+11
     27.01  7.412e+11
     29.01  8.056e+11
     31.01  8.685e+11
     33.01  9.317e+11
     35.01  9.946e+11
     37.01  1.053e+12
     39.01  1.112e+12
     41.01  1.166e+12
     43.01   1.22e+12
     45.01  1.271e+12
     47.01  1.325e+12
     49.01  1.377e+12
     51.01  1.425e+12
     53.01  1.473e+12
     55.02  1.521e+12
     57.02  1.567e+12
     59.02  1.611e+12
     61.02  1.654e+12
     63.02  1.694e+12
     65.02  1.737e+12
     67.02  1.778e+12
     69.02  1.821e+12
     71.02  1.861e+12
     73.02  1.898e+12
     75.02  1.936e+12
     77.02  1.975e+12
     79.02  2.014e+12
     81.02  2.053e+12
     83.02  2.089e+12
     85.02  2.123e+12
     87.02  2.154e+12
     89.02  2.185e+12
     91.03  2.217e+12
     93.03  2.249e+12
     95.03  2.277e+12
     97.03  2.307e+12
     99.03  2.336e+12
       101  2.364e+12
       103  2.388e+12
       105  2.413e+12
       107  2.437e+12
       109  2.463e+12
       111  2.488e+12
       113  2.518e+12
       115  2.546e+12
       117  2.571e+12
       119  2.599e+12
       121  2.625e+12
       123  2.651e+12
       125  2.676e+12
       127  2.701e+12
       129  2.725e+12
       131  2.746e+12
       133  2.768e+12
       135  2.791e+12
       137  2.815e+12
       139  2.839e+12
       141  2.862e+12
       143  2.887e+12
       145  2.907e+12
       147  2.929e+12
       149  2.949e+12
       151  2.968e+12
       153  2.987e+12
       155  3.008e+12
       157  3.028e+12
       159  3.047e+12
       161  3.067e+12
       163  3.086e+12
       165  3.107e+12
       167  3.127e+12
       169  3.144e+12
       171  3.164e+12
       173  3.182e+12
       175  3.201e+12
       177  3.218e+12
       179  3.234e+12
       181  3.254e+12
     183.1  3.273e+12
     185.1  3.294e+12
     187.1  3.314e+12
     189.1  3.336e+12
     191.1  3.354e+12
     193.1  3.375e+12
     195.1  3.394e+12
     197.1  3.414e+12
     199.1  3.432e+12
     201.1  3.449e+12
     203.1  3.468e+12
     205.1  3.486e+12
     207.1  3.503e+12
     209.1  3.519e+12
     211.1  3.535e+12
     213.1  3.551e+12
     215.1  3.566e+12
     217.1   3.58e+12
     219.1  3.595e+12
     221.1   3.61e+12
     223.1  3.626e+12
     225.1  3.642e+12
     227.1  3.657e+12
     229.1  3.674e+12
     231.1   3.69e+12
     233.1  3.705e+12
     235.1  3.719e+12
     237.1  3.735e+12
     239.1   3.75e+12
     241.1  3.764e+12
     243.1  3.781e+12
     245.1  3.796e+12
     247.1  3.812e+12
     249.1  3.826e+12
     251.1  3.839e+12
     253.1  3.851e+12
     255.1  3.861e+12
     257.1  3.871e+12
     259.1   3.88e+12
     261.1  3.887e+12
     263.1  3.895e+12
     265.1  3.903e+12
     267.1   3.91e+12
     269.1  3.918e+12
     271.1  3.923e+12
     273.1  3.929e+12
     275.1  3.934e+12
     277.1   3.94e+12
     279.1  3.944e+12
     281.1   3.95e+12
     283.1  3.955e+12
     285.1   3.96e+12
     287.1  3.964e+12
     289.1  3.969e+12
     291.1  3.973e+12
     293.1  3.977e+12
     295.1  3.981e+12
     297.1  3.985e+12
     299.1  3.988e+12
     301.1  3.992e+12
     303.1  3.995e+12
     305.1  3.998e+12
     307.1  4.001e+12
     309.1  4.003e+12
     311.1  4.006e+12
     313.1  4.008e+12
     315.1   4.01e+12
     317.1  4.012e+12
     319.1  4.015e+12
     321.1  4.016e+12
     323.1  4.017e+12
     325.1  4.019e+12
     327.1  4.021e+12
     329.1  4.022e+12
     331.1  4.024e+12
     333.1  4.025e+12
     335.1  4.026e+12
     337.1  4.027e+12
     339.1  4.028e+12
     341.1  4.028e+12
     343.1  4.029e+12
     345.1  4.029e+12
     347.1   4.03e+12
     349.1   4.03e+12
     351.1   4.03e+12
