         1      18.56
     3.001      20.65
     5.001      20.75
     7.002      20.75
     9.002      20.82
        11      20.88
        13      21.02
        15      21.14
        17      21.13
     19.01      21.31
     21.01      21.35
     23.01       21.4
     25.01      21.48
     27.01      21.67
     29.01      21.81
     31.01      21.85
     33.01      21.97
     35.01      22.12
     37.01      22.23
     39.01      22.33
     41.01      22.42
     43.01      22.52
     45.01      22.61
     47.01      22.58
     49.01      22.71
     51.01      22.75
     53.01       22.8
     55.02      22.92
     57.02      22.95
     59.02         23
     61.02      23.13
     63.02      23.21
     65.02      23.25
     67.02      23.29
     69.02      23.35
     71.02      23.49
     73.02      23.54
     75.02       23.5
     77.02      23.55
     79.02      23.64
     81.02      23.68
     83.02      23.83
     85.02       23.9
     87.02      23.97
     89.02      23.96
     91.03      24.02
     93.03      24.15
     95.03      24.18
     97.03       24.2
     99.03      24.26
       101      24.36
       103      24.55
       105      24.53
       107      24.59
       109      24.58
       111      24.44
       113      24.45
       115      24.59
       117       24.7
       119      24.66
       121      24.76
       123      24.71
       125      24.73
       127       24.7
       129      24.84
       131      24.97
       133      25.01
       135       24.9
       137      24.91
       139      24.95
       141      24.98
       143      25.05
       145      25.13
       147      25.15
       149      25.27
       151      25.39
       153      25.25
       155      25.24
       157      25.29
       159      25.38
       161      25.46
       163      25.44
       165      25.36
       167      25.64
       169      25.69
       171      25.68
       173      25.61
       175      26.02
       177       25.9
       179      25.88
       181      25.67
     183.1      25.57
     185.1      25.53
     187.1       25.6
     189.1      25.67
     191.1      25.78
     193.1      25.87
     195.1      25.92
     197.1      26.12
     199.1      26.21
     201.1       26.2
     203.1      26.26
     205.1      26.15
     207.1      26.19
     209.1      26.29
     211.1      26.38
     213.1      26.48
     215.1      26.37
     217.1      26.42
     219.1      26.38
     221.1      26.37
     223.1      26.58
     225.1      26.92
     227.1      26.73
     229.1       26.5
     231.1      26.48
     233.1      26.73
     235.1      26.76
     237.1      26.85
     239.1      26.84
     241.1      26.79
     243.1      26.77
     245.1      26.62
     247.1      26.85
     249.1      27.14
     251.1      27.17
     253.1      26.97
     255.1      27.15
     257.1      27.34
     259.1      27.41
     261.1      27.74
     263.1       27.3
     265.1      27.02
     267.1      27.19
     269.1      27.32
     271.1      27.66
     273.1      27.78
     275.1      27.85
     277.1      27.51
     279.1      27.24
     281.1      27.24
     283.1      27.44
     285.1      27.76
     287.1      27.75
     289.1      27.86
     291.1      27.74
     293.1      27.57
     295.1      27.81
     297.1      27.69
     299.1      27.72
     301.1      27.51
     303.1      28.04
     305.1      27.85
     307.1      28.09
     309.1      27.79
     311.1      28.13
     313.1      27.83
     315.1      28.62
     317.1      28.54
     319.1      28.36
     321.1      28.54
     323.1      28.32
     325.1      27.46
     327.1      26.81
     329.1      27.19
     331.1      27.85
     333.1      28.41
     335.1      27.83
     337.1      27.52
     339.1      28.41
     341.1      28.81
     343.1      30.23
     345.1      31.01
     347.1      29.05
     349.1      28.56
     351.1      27.57
