         1  6.544e+09
     3.001  1.422e+10
     5.001  2.723e+10
     7.002   4.43e+10
     9.002  6.594e+10
        11  9.007e+10
        13  1.142e+11
        15  1.403e+11
        17   1.66e+11
     19.01  1.903e+11
     21.01  2.158e+11
     23.01  2.421e+11
     25.01  2.707e+11
     27.01  2.992e+11
     29.01  3.251e+11
     31.01    3.5e+11
     33.01  3.743e+11
     35.01  3.957e+11
     37.01  4.178e+11
     39.01  4.388e+11
     41.01  4.602e+11
     43.01  4.833e+11
     45.01  5.046e+11
     47.01  5.246e+11
     49.01  5.437e+11
     51.01  5.624e+11
     53.01  5.793e+11
     55.02  5.998e+11
     57.02   6.21e+11
     59.02  6.406e+11
     61.02  6.603e+11
     63.02   6.84e+11
     65.02   7.07e+11
     67.02   7.31e+11
     69.02  7.559e+11
     71.02  7.798e+11
     73.02  7.971e+11
     75.02  8.129e+11
     77.02  8.275e+11
     79.02  8.446e+11
     81.02  8.599e+11
     83.02  8.779e+11
     85.02  8.981e+11
     87.02  9.192e+11
     89.02  9.402e+11
     91.03  9.601e+11
     93.03  9.808e+11
     95.03  1.004e+12
     97.03  1.026e+12
     99.03   1.05e+12
       101  1.068e+12
       103  1.084e+12
       105  1.098e+12
       107  1.111e+12
       109  1.124e+12
       111  1.137e+12
       113  1.149e+12
       115  1.162e+12
       117  1.174e+12
       119  1.184e+12
       121  1.197e+12
       123  1.208e+12
       125   1.22e+12
       127  1.233e+12
       129  1.244e+12
       131  1.258e+12
       133  1.275e+12
       135  1.291e+12
       137  1.306e+12
       139  1.319e+12
       141  1.332e+12
       143  1.345e+12
       145  1.359e+12
       147  1.372e+12
       149  1.385e+12
       151  1.397e+12
       153  1.409e+12
       155  1.422e+12
       157  1.435e+12
       159  1.446e+12
       161  1.457e+12
       163  1.467e+12
       165  1.479e+12
       167  1.494e+12
       169  1.506e+12
       171  1.515e+12
       173  1.525e+12
       175  1.534e+12
       177  1.544e+12
       179  1.553e+12
       181  1.561e+12
     183.1   1.57e+12
     185.1  1.578e+12
     187.1  1.586e+12
     189.1  1.594e+12
     191.1  1.602e+12
     193.1  1.609e+12
     195.1  1.616e+12
     197.1  1.624e+12
     199.1  1.633e+12
     201.1  1.641e+12
     203.1  1.648e+12
     205.1  1.655e+12
     207.1  1.664e+12
     209.1  1.672e+12
     211.1  1.679e+12
     213.1  1.685e+12
     215.1  1.691e+12
     217.1  1.698e+12
     219.1  1.704e+12
     221.1   1.71e+12
     223.1  1.716e+12
     225.1  1.722e+12
     227.1  1.728e+12
     229.1  1.736e+12
     231.1  1.745e+12
     233.1  1.755e+12
     235.1  1.762e+12
     237.1  1.769e+12
     239.1  1.776e+12
     241.1  1.782e+12
     243.1  1.789e+12
     245.1  1.797e+12
     247.1  1.805e+12
     249.1  1.816e+12
     251.1  1.829e+12
     253.1  1.846e+12
     255.1  1.857e+12
     257.1  1.866e+12
     259.1  1.872e+12
     261.1  1.876e+12
     263.1   1.88e+12
     265.1  1.883e+12
     267.1  1.885e+12
     269.1  1.888e+12
     271.1  1.889e+12
     273.1  1.891e+12
     275.1  1.893e+12
     277.1  1.894e+12
     279.1  1.895e+12
     281.1  1.896e+12
     283.1  1.898e+12
     285.1  1.899e+12
     287.1  1.899e+12
     289.1    1.9e+12
     291.1  1.901e+12
     293.1  1.902e+12
     295.1  1.903e+12
     297.1  1.904e+12
     299.1  1.905e+12
     301.1  1.905e+12
     303.1  1.906e+12
     305.1  1.906e+12
     307.1  1.907e+12
     309.1  1.907e+12
     311.1  1.908e+12
     313.1  1.908e+12
     315.1  1.909e+12
     317.1  1.909e+12
     319.1   1.91e+12
     321.1   1.91e+12
     323.1   1.91e+12
     325.1  1.911e+12
     327.1  1.912e+12
     329.1  1.914e+12
     331.1  1.917e+12
     333.1  1.918e+12
     335.1  1.918e+12
     337.1  1.918e+12
     339.1  1.918e+12
     341.1  1.918e+12
     343.1  1.918e+12
     345.1  1.918e+12
     347.1  1.918e+12
     349.1  1.918e+12
     351.1  1.918e+12
