     2.001       21.7
     6.002      21.94
        10      22.12
        14      22.34
        18      22.63
     22.01      22.79
     26.01      22.89
     30.01       23.1
     34.01      23.27
     38.01      23.55
     42.01      23.69
     46.01      23.89
     50.01      24.02
     54.01      24.14
     58.02      24.21
     62.02      24.33
     66.02      24.41
     70.02      24.54
     74.02       24.8
     78.02      24.88
     82.02      24.87
     86.02      24.97
     90.02       25.1
     94.03      25.12
     98.03      25.23
       102      25.32
       106      25.57
       110      25.56
       114      25.79
       118      25.76
       122      25.85
       126      25.84
       130      26.15
       134      26.61
       138      26.51
       142       26.6
       146      27.11
       150      27.15
       154      27.54
       158      27.35
       162      27.74
       166       28.4
       170      28.95
       174      29.29
       178      29.04
     182.1      29.38
     186.1      30.14
     190.1       31.2
     194.1      30.85
     198.1      29.99
     202.1      30.63
     206.1      30.65
     210.1      31.12
     214.1      32.07
     218.1      32.86
     222.1         33
     226.1      32.67
     230.1      33.42
     234.1      34.22
     238.1      33.63
     242.1       33.5
     246.1      32.65
     250.1      33.32
     254.1      34.74
     258.1      35.52
     262.1      34.95
     266.1      36.55
     270.1      36.09
     274.1      36.46
     278.1       37.9
     282.1      37.07
     286.1      38.63
     290.1      38.26
     294.1      37.84
     298.1      39.12
     302.1      40.23
     306.1      41.46
     310.1      39.96
     314.1      37.69
     318.1      38.78
     322.1      39.82
     326.1      37.91
     330.1      37.82
     334.1      38.51
     338.1      42.77
     342.1      45.82
     346.1      43.98
     350.1      42.69
