         1  2.024e+10
     3.001  7.662e+10
     5.001  1.241e+11
     7.002  1.688e+11
     9.002  2.127e+11
        11   2.52e+11
        13  2.872e+11
        15  3.137e+11
        17  3.374e+11
        19  3.559e+11
        21  3.724e+11
     23.01  3.867e+11
     25.01  3.977e+11
     27.01  4.092e+11
     29.01  4.199e+11
     31.01   4.29e+11
     33.01  4.375e+11
     35.01  4.451e+11
     37.01  4.534e+11
     39.01  4.617e+11
     41.01  4.687e+11
     43.01  4.755e+11
     45.01  4.822e+11
     47.01  4.876e+11
     49.01  4.929e+11
     51.01   4.98e+11
     53.01   5.03e+11
     55.01  5.082e+11
     57.01   5.14e+11
     59.01  5.198e+11
     61.01  5.252e+11
     63.01  5.294e+11
     65.02  5.342e+11
     67.02  5.389e+11
     69.02  5.441e+11
     71.02  5.475e+11
     73.02  5.516e+11
     75.02  5.557e+11
     77.02  5.587e+11
     79.02  5.618e+11
     81.02  5.647e+11
     83.02  5.668e+11
     85.02  5.689e+11
     87.02  5.714e+11
     89.02  5.744e+11
     91.02  5.771e+11
     93.02  5.794e+11
     95.02  5.815e+11
     97.02  5.839e+11
     99.02  5.863e+11
       101  5.896e+11
       103  5.912e+11
       105   5.93e+11
       107  5.951e+11
       109  5.968e+11
       111  5.979e+11
       113  5.995e+11
       115  6.006e+11
       117  6.018e+11
       119  6.039e+11
       121  6.056e+11
       123  6.073e+11
       125   6.09e+11
       127  6.105e+11
       129  6.115e+11
       131  6.133e+11
       133  6.147e+11
       135   6.16e+11
       137  6.172e+11
       139  6.185e+11
       141  6.201e+11
       143  6.211e+11
       145  6.223e+11
       147  6.236e+11
       149   6.25e+11
       151  6.264e+11
       153  6.273e+11
       155  6.288e+11
       157  6.303e+11
       159  6.319e+11
       161   6.34e+11
       163  6.361e+11
       165  6.381e+11
       167  6.399e+11
       169  6.418e+11
       171  6.436e+11
       173  6.455e+11
       175  6.473e+11
       177  6.492e+11
       179   6.51e+11
       181  6.528e+11
       183  6.546e+11
       185  6.561e+11
       187  6.573e+11
       189  6.585e+11
       191  6.595e+11
       193  6.606e+11
       195   6.62e+11
       197  6.632e+11
       199  6.648e+11
       201  6.658e+11
       203   6.67e+11
       205  6.687e+11
       207  6.698e+11
       209  6.708e+11
       211  6.715e+11
     213.1   6.72e+11
     215.1  6.729e+11
     217.1  6.737e+11
     219.1  6.742e+11
     221.1  6.747e+11
     223.1  6.751e+11
     225.1  6.756e+11
     227.1   6.76e+11
     229.1  6.768e+11
     231.1  6.773e+11
     233.1  6.783e+11
     235.1  6.788e+11
     237.1  6.791e+11
     239.1  6.796e+11
     241.1  6.802e+11
     243.1  6.807e+11
     245.1  6.809e+11
     247.1  6.822e+11
     249.1   6.83e+11
     251.1  6.833e+11
     253.1  6.835e+11
     255.1  6.838e+11
     257.1  6.839e+11
     259.1   6.84e+11
     261.1  6.844e+11
     263.1  6.845e+11
     265.1  6.848e+11
     267.1  6.849e+11
     269.1   6.85e+11
     271.1  6.851e+11
     273.1  6.853e+11
     275.1  6.853e+11
     277.1  6.854e+11
     279.1  6.855e+11
     281.1  6.856e+11
     283.1  6.857e+11
     285.1  6.858e+11
     287.1  6.859e+11
     289.1   6.86e+11
     291.1   6.86e+11
     293.1  6.861e+11
     295.1  6.862e+11
     297.1  6.862e+11
     299.1  6.862e+11
     301.1  6.862e+11
     303.1  6.863e+11
     305.1  6.863e+11
     307.1  6.863e+11
     309.1  6.863e+11
     311.1  6.863e+11
     313.1  6.863e+11
     315.1  6.863e+11
     317.1  6.863e+11
     319.1  6.863e+11
     321.1  6.863e+11
     323.1  6.863e+11
     325.1  6.864e+11
     327.1  6.864e+11
     329.1  6.864e+11
     331.1  6.864e+11
     333.1  6.864e+11
     335.1  6.864e+11
     337.1  6.864e+11
     339.1  6.864e+11
     341.1  6.864e+11
     343.1  6.864e+11
     345.1  6.864e+11
     347.1  6.864e+11
     349.1  6.864e+11
     351.1  6.864e+11
