         2       17.9
     6.001      19.23
        10      19.85
        14      20.49
        18       21.1
     22.01      21.58
     26.01      22.03
     30.01      22.39
     34.01      22.76
     38.01      22.98
     42.01      23.38
     46.01       23.8
     50.01      24.24
     54.01       24.3
     58.01      24.52
     62.01      24.67
     66.02      25.25
     70.02      27.57
     74.02      28.15
     78.02      29.39
     82.02      31.34
     86.02      31.88
     90.02      32.06
     94.02      32.55
     98.02      33.71
       102      35.38
       106      34.55
       110      37.11
       114      38.86
       118       37.3
       122      38.29
       126      38.84
       130      39.49
       134      40.47
       138      40.32
       142      40.24
       146       40.8
       150      40.89
       154      41.06
       158      40.61
       162      39.84
       166      40.97
       170      41.12
       174      41.43
       178      41.51
       182      41.02
       186      42.29
       190      44.05
       194      43.14
       198      43.54
       202      44.31
       206      43.91
       210      45.01
     214.1      44.95
     218.1      46.28
     222.1      46.68
     226.1      45.89
     230.1      45.61
     234.1      46.76
     238.1      46.83
     242.1      47.21
     246.1      47.94
     250.1      48.04
     254.1      48.05
     258.1      48.21
     262.1      47.66
     266.1      47.94
     270.1      48.31
     274.1       48.5
     278.1      48.73
     282.1      48.83
     286.1      48.47
     290.1      48.42
     294.1      49.08
     298.1      49.38
     302.1      49.02
     306.1      49.51
     310.1      49.53
     314.1      49.78
     318.1         50
     322.1       49.4
     326.1      49.58
     330.1         50
     334.1         50
     338.1         50
     342.1         50
     346.1         50
     350.1         50
