         1  8.062e+10
     3.001  4.419e+11
     5.001  6.892e+11
     7.002  8.831e+11
     9.002  1.035e+12
        11  1.169e+12
        13  1.284e+12
        15  1.385e+12
        17  1.473e+12
     19.01  1.552e+12
     21.01  1.619e+12
     23.01  1.684e+12
     25.01  1.746e+12
     27.01  1.807e+12
     29.01  1.868e+12
     31.01  1.923e+12
     33.01   1.97e+12
     35.01  2.015e+12
     37.01  2.058e+12
     39.01  2.099e+12
     41.01  2.138e+12
     43.01  2.175e+12
     45.01   2.21e+12
     47.01  2.243e+12
     49.01  2.276e+12
     51.01  2.306e+12
     53.01  2.337e+12
     55.02  2.366e+12
     57.02  2.392e+12
     59.02  2.418e+12
     61.02  2.443e+12
     63.02  2.466e+12
     65.02  2.489e+12
     67.02  2.514e+12
     69.02  2.539e+12
     71.02  2.561e+12
     73.02  2.582e+12
     75.02  2.598e+12
     77.02  2.616e+12
     79.02  2.633e+12
     81.02  2.649e+12
     83.02  2.662e+12
     85.02  2.676e+12
     87.02   2.69e+12
     89.02  2.702e+12
     91.03  2.715e+12
     93.03  2.727e+12
     95.03  2.738e+12
     97.03  2.749e+12
     99.03  2.761e+12
       101  2.772e+12
       103  2.783e+12
       105  2.793e+12
       107  2.802e+12
       109  2.812e+12
       111  2.821e+12
       113  2.829e+12
       115  2.837e+12
       117  2.846e+12
       119  2.855e+12
       121  2.866e+12
       123  2.876e+12
       125  2.886e+12
       127  2.895e+12
       129  2.902e+12
       131  2.911e+12
       133  2.919e+12
       135  2.928e+12
       137  2.936e+12
       139  2.944e+12
       141  2.952e+12
       143  2.959e+12
       145  2.968e+12
       147  2.977e+12
       149  2.985e+12
       151  2.994e+12
       153  3.001e+12
       155   3.01e+12
       157  3.018e+12
       159  3.028e+12
       161  3.036e+12
       163  3.049e+12
       165  3.066e+12
       167  3.095e+12
       169  3.132e+12
       171  3.168e+12
       173  3.195e+12
       175  3.212e+12
       177  3.223e+12
       179  3.231e+12
       181  3.237e+12
     183.1  3.243e+12
     185.1   3.25e+12
     187.1  3.256e+12
     189.1  3.261e+12
     191.1  3.267e+12
     193.1  3.273e+12
     195.1  3.278e+12
     197.1  3.284e+12
     199.1  3.289e+12
     201.1  3.294e+12
     203.1  3.299e+12
     205.1  3.303e+12
     207.1  3.307e+12
     209.1  3.311e+12
     211.1  3.315e+12
     213.1  3.319e+12
     215.1  3.323e+12
     217.1  3.326e+12
     219.1  3.331e+12
     221.1  3.334e+12
     223.1  3.337e+12
     225.1  3.342e+12
     227.1  3.346e+12
     229.1   3.35e+12
     231.1  3.354e+12
     233.1  3.358e+12
     235.1  3.363e+12
     237.1  3.367e+12
     239.1  3.372e+12
     241.1  3.379e+12
     243.1  3.386e+12
     245.1  3.391e+12
     247.1  3.395e+12
     249.1  3.399e+12
     251.1  3.403e+12
     253.1  3.405e+12
     255.1  3.407e+12
     257.1  3.409e+12
     259.1  3.411e+12
     261.1  3.413e+12
     263.1  3.414e+12
     265.1  3.416e+12
     267.1  3.418e+12
     269.1  3.419e+12
     271.1  3.421e+12
     273.1  3.422e+12
     275.1  3.424e+12
     277.1  3.427e+12
     279.1  3.432e+12
     281.1  3.438e+12
     283.1  3.442e+12
     285.1  3.445e+12
     287.1  3.446e+12
     289.1  3.447e+12
     291.1  3.448e+12
     293.1  3.449e+12
     295.1  3.449e+12
     297.1   3.45e+12
     299.1   3.45e+12
     301.1  3.451e+12
     303.1  3.451e+12
     305.1  3.451e+12
     307.1  3.452e+12
     309.1  3.452e+12
     311.1  3.452e+12
     313.1  3.453e+12
     315.1  3.453e+12
     317.1  3.453e+12
     319.1  3.454e+12
     321.1  3.454e+12
     323.1  3.454e+12
     325.1  3.454e+12
     327.1  3.455e+12
     329.1  3.455e+12
     331.1  3.455e+12
     333.1  3.455e+12
     335.1  3.455e+12
     337.1  3.455e+12
     339.1  3.456e+12
     341.1  3.456e+12
     343.1  3.456e+12
     345.1  3.456e+12
     347.1  3.456e+12
     349.1  3.456e+12
     351.1  3.456e+12
