         1      15.49
     3.001      17.14
     5.001      18.55
     7.002      19.53
     9.002       20.1
        11      20.53
        13      20.94
        15      21.24
        17      21.54
     19.01      21.83
     21.01         22
     23.01      22.13
     25.01       22.3
     27.01       22.4
     29.01       22.5
     31.01      22.68
     33.01      22.82
     35.01      22.96
     37.01       23.1
     39.01      23.19
     41.01      23.31
     43.01      23.42
     45.01      23.52
     47.01      23.58
     49.01      23.71
     51.01      23.76
     53.01      23.84
     55.02      23.98
     57.02      24.07
     59.02       24.2
     61.02      24.27
     63.02      24.25
     65.02       24.3
     67.02      24.39
     69.02      24.48
     71.02      24.57
     73.02      24.75
     75.02      24.83
     77.02      24.86
     79.02      24.94
     81.02      25.06
     83.02       25.2
     85.02      25.19
     87.02      25.37
     89.02      25.38
     91.03      25.46
     93.03      25.68
     95.03      25.72
     97.03      25.66
     99.03      25.76
       101      25.86
       103      25.85
       105      25.96
       107      26.05
       109      26.12
       111      26.22
       113      26.52
       115      26.46
       117      26.31
       119      26.38
       121      26.33
       123       26.3
       125       26.5
       127      26.62
       129      26.78
       131      26.59
       133      26.68
       135       26.9
       137      27.17
       139      27.48
       141      27.56
       143       27.8
       145      27.68
       147       27.5
       149       28.2
       151      28.19
       153       28.8
       155      29.02
       157      28.83
       159      29.03
       161      29.79
       163      29.73
       165      28.89
       167       28.9
       169      29.17
       171      29.83
       173      29.57
       175      29.85
       177      30.01
       179      30.56
       181      30.63
     183.1      30.65
     185.1      31.04
     187.1      31.66
     189.1      32.18
     191.1       32.3
     193.1      31.93
     195.1      31.79
     197.1       31.6
     199.1      32.25
     201.1      31.97
     203.1      32.15
     205.1      32.58
     207.1      33.49
     209.1      33.72
     211.1      33.42
     213.1      33.91
     215.1      33.62
     217.1      33.74
     219.1      34.98
     221.1      34.62
     223.1      33.47
     225.1      33.56
     227.1      34.28
     229.1      35.05
     231.1      35.23
     233.1      35.27
     235.1      35.44
     237.1      35.82
     239.1      35.72
     241.1      35.65
     243.1      36.54
     245.1      36.32
     247.1      36.83
     249.1      36.91
     251.1      36.58
     253.1      37.41
     255.1      37.21
     257.1       37.9
     259.1      37.37
     261.1      37.95
     263.1      38.67
     265.1      38.65
     267.1      39.06
     269.1       38.9
     271.1      39.85
     273.1      40.41
     275.1      40.97
     277.1      39.63
     279.1      39.57
     281.1       38.9
     283.1      39.84
     285.1      40.15
     287.1      40.37
     289.1      40.09
     291.1      40.08
     293.1      41.11
     295.1       40.9
     297.1      42.56
     299.1      42.08
     301.1         43
     303.1      42.52
     305.1      41.63
     307.1      42.57
     309.1      41.29
     311.1      43.15
     313.1      42.08
     315.1      41.94
     317.1      40.44
     319.1      41.01
     321.1      42.62
     323.1      41.99
     325.1      42.15
     327.1      42.92
     329.1      43.96
     331.1      44.95
     333.1      42.98
     335.1      41.56
     337.1      40.53
     339.1      39.68
     341.1      39.59
     343.1      42.89
     345.1      46.06
     347.1      49.67
     349.1      45.47
     351.1      44.25
