     2.001  4.676e+10
     6.003  1.356e+11
        10  2.131e+11
     14.01  2.621e+11
     18.01  2.977e+11
     22.01  3.338e+11
     26.01  3.635e+11
     30.01  3.927e+11
     34.01   4.26e+11
     38.02  4.794e+11
     42.02  5.357e+11
     46.02  5.675e+11
     50.02  5.949e+11
     54.02  6.213e+11
     58.03  6.449e+11
     62.03  6.748e+11
     66.03  7.049e+11
     70.03  7.442e+11
     74.03   7.92e+11
     78.03    8.4e+11
     82.04  8.788e+11
     86.04  9.245e+11
     90.04  9.909e+11
     94.04  1.042e+12
     98.04  1.074e+12
       102  1.096e+12
       106  1.112e+12
       110  1.147e+12
       114   1.16e+12
     118.1  1.172e+12
     122.1  1.184e+12
     126.1  1.215e+12
     130.1  1.233e+12
     134.1  1.246e+12
     138.1  1.277e+12
     142.1  1.295e+12
     146.1  1.314e+12
     150.1  1.344e+12
     154.1  1.369e+12
     158.1  1.386e+12
     162.1  1.393e+12
     166.1  1.401e+12
     170.1  1.409e+12
     174.1  1.416e+12
     178.1  1.423e+12
     182.1   1.43e+12
     186.1  1.439e+12
     190.1  1.476e+12
     194.1  1.489e+12
     198.1  1.501e+12
     202.1  1.513e+12
     206.1  1.517e+12
     210.1  1.522e+12
     214.1  1.528e+12
     218.1  1.536e+12
     222.1  1.542e+12
     226.1  1.547e+12
     230.1  1.563e+12
     234.1  1.588e+12
     238.1  1.605e+12
     242.1  1.618e+12
     246.1   1.63e+12
     250.1  1.648e+12
     254.1  1.655e+12
     258.1  1.659e+12
     262.1  1.662e+12
     266.1  1.666e+12
     270.1  1.672e+12
     274.1  1.675e+12
     278.1  1.679e+12
     282.1  1.684e+12
     286.1  1.687e+12
     290.1  1.691e+12
     294.1  1.698e+12
     298.1  1.702e+12
     302.1  1.706e+12
     306.1  1.726e+12
     310.1  1.746e+12
     314.1  1.751e+12
     318.1  1.754e+12
     322.1  1.756e+12
     326.1  1.757e+12
     330.1  1.757e+12
     334.1  1.758e+12
     338.1  1.758e+12
     342.1  1.759e+12
     346.2   1.76e+12
     350.2   1.76e+12
