     2.001      18.32
     6.003      19.65
        10      20.31
     14.01      20.81
     18.01      21.08
     22.01      21.35
     26.01      21.87
     30.01      22.16
     34.01      22.19
     38.02      22.29
     42.02       22.5
     46.02      22.69
     50.02      22.83
     54.02      22.91
     58.03      23.12
     62.03      23.23
     66.03      23.59
     70.03      24.42
     74.03      25.16
     78.03      26.08
     82.04      26.71
     86.04       26.5
     90.04      28.21
     94.04      30.43
     98.04      31.65
       102      31.45
       106      31.45
       110      32.98
       114      33.62
     118.1      33.57
     122.1      32.51
     126.1      33.67
     130.1      33.82
     134.1      33.79
     138.1      34.79
     142.1      35.49
     146.1      36.87
     150.1      36.35
     154.1      37.36
     158.1      37.23
     162.1      36.92
     166.1      37.29
     170.1       38.4
     174.1       38.4
     178.1      37.83
     182.1      37.76
     186.1       39.4
     190.1      39.57
     194.1      39.08
     198.1      38.85
     202.1      40.64
     206.1      40.45
     210.1      40.57
     214.1      40.46
     218.1      41.05
     222.1      41.42
     226.1      41.63
     230.1      41.14
     234.1      41.48
     238.1      41.93
     242.1      42.16
     246.1      41.85
     250.1      41.74
     254.1      41.32
     258.1      40.31
     262.1      39.73
     266.1      40.48
     270.1      40.21
     274.1      40.04
     278.1      40.31
     282.1      40.33
     286.1      39.93
     290.1      38.88
     294.1      39.41
     298.1      39.55
     302.1      40.76
     306.1      41.56
     310.1      43.26
     314.1      43.05
     318.1      43.24
     322.1      43.51
     326.1      45.84
     330.1      44.86
     334.1       42.3
     338.1      42.84
     342.1      41.34
     346.2      42.52
     350.2      38.98
