     1.005   9.36e+09
     3.015  3.072e+10
     5.026  4.626e+10
     7.036  6.197e+10
     9.046  7.868e+10
     11.06  9.395e+10
     13.07  1.079e+11
     15.08  1.198e+11
     17.09  1.312e+11
      19.1  1.422e+11
     21.11  1.521e+11
     23.12  1.611e+11
     25.13  1.698e+11
     27.14  1.784e+11
     29.15  1.861e+11
     31.16  1.938e+11
     33.17  2.015e+11
     35.18  2.091e+11
     37.19  2.166e+11
      39.2  2.246e+11
     41.21  2.318e+11
     43.22   2.39e+11
     45.23  2.463e+11
     47.24  2.538e+11
     49.25  2.609e+11
     51.26  2.678e+11
     53.27  2.744e+11
     55.28  2.808e+11
     57.29  2.865e+11
      59.3  2.913e+11
     61.31  2.959e+11
     63.32  2.999e+11
     65.33  3.044e+11
     67.34  3.081e+11
     69.35  3.121e+11
     71.36  3.158e+11
     73.37  3.201e+11
     75.38  3.231e+11
     77.39  3.279e+11
      79.4  3.332e+11
     81.41   3.37e+11
     83.42  3.401e+11
     85.43  3.434e+11
     87.44  3.467e+11
     89.45  3.493e+11
     91.46  3.515e+11
     93.47  3.538e+11
     95.49   3.56e+11
      97.5  3.583e+11
     99.51  3.605e+11
     101.5  3.628e+11
     103.5  3.647e+11
     105.5  3.663e+11
     107.5  3.684e+11
     109.6  3.699e+11
     111.6  3.716e+11
     113.6  3.727e+11
     115.6  3.738e+11
     117.6  3.745e+11
     119.6  3.752e+11
     121.6  3.761e+11
     123.6  3.772e+11
     125.6  3.785e+11
     127.6  3.794e+11
     129.7  3.807e+11
     131.7  3.817e+11
     133.7  3.824e+11
     135.7  3.827e+11
     137.7  3.831e+11
     139.7  3.835e+11
     141.7  3.841e+11
     143.7  3.845e+11
     145.7  3.848e+11
     147.8  3.852e+11
     149.8  3.857e+11
     151.8  3.862e+11
     153.8  3.868e+11
     155.8  3.872e+11
     157.8  3.877e+11
     159.8  3.882e+11
     161.8  3.886e+11
     163.8   3.89e+11
     165.8  3.894e+11
     167.9  3.898e+11
     169.9  3.902e+11
     171.9  3.907e+11
     173.9  3.911e+11
     175.9  3.916e+11
     177.9  3.923e+11
     179.9  3.929e+11
     181.9  3.932e+11
     183.9  3.937e+11
     185.9   3.94e+11
       188  3.945e+11
       190  3.946e+11
       192  3.951e+11
       194  3.953e+11
       196  3.955e+11
       198  3.959e+11
       200  3.961e+11
       202  3.963e+11
       204  3.967e+11
       206   3.97e+11
     208.1  3.971e+11
     210.1  3.975e+11
     212.1  3.978e+11
     214.1   3.98e+11
     216.1  3.983e+11
     218.1  3.986e+11
     220.1  3.989e+11
     222.1  3.994e+11
     224.1  3.997e+11
     226.1  3.999e+11
     228.2  4.005e+11
     230.2  4.022e+11
     232.2  4.031e+11
     234.2  4.034e+11
     236.2  4.044e+11
     238.2  4.052e+11
     240.2  4.055e+11
     242.2  4.059e+11
     244.2   4.06e+11
     246.3  4.063e+11
     248.3  4.065e+11
     250.3  4.067e+11
     252.3  4.068e+11
     254.3  4.068e+11
     256.3  4.069e+11
     258.3   4.07e+11
     260.3  4.071e+11
     262.3  4.072e+11
     264.3  4.073e+11
     266.4  4.073e+11
     268.4  4.074e+11
     270.4  4.074e+11
     272.4  4.075e+11
     274.4  4.076e+11
     276.4  4.077e+11
     278.4  4.077e+11
     280.4  4.077e+11
     282.4  4.077e+11
     284.4  4.078e+11
     286.5  4.078e+11
     288.5  4.079e+11
     290.5  4.079e+11
     292.5  4.079e+11
     294.5  4.079e+11
     296.5  4.079e+11
     298.5  4.079e+11
     300.5   4.08e+11
     302.5   4.08e+11
     304.5  4.081e+11
     306.6  4.082e+11
     308.6  4.084e+11
     310.6  4.084e+11
     312.6  4.085e+11
     314.6  4.085e+11
     316.6  4.085e+11
     318.6  4.085e+11
     320.6  4.085e+11
     322.6  4.085e+11
     324.6  4.085e+11
     326.7  4.086e+11
     328.7  4.086e+11
     330.7  4.086e+11
     332.7  4.086e+11
     334.7  4.087e+11
     336.7  4.087e+11
     338.7  4.087e+11
     340.7  4.087e+11
     342.7  4.087e+11
     344.8  4.087e+11
     346.8  4.087e+11
     348.8  4.087e+11
     350.8  4.087e+11
