     1.005      16.22
     3.015      18.95
     5.026      19.21
     7.036      19.37
     9.046       19.7
     11.06      20.13
     13.07      20.49
     15.08      20.73
     17.09      21.03
      19.1      21.32
     21.11      21.55
     23.12      21.75
     25.13      22.06
     27.14       22.4
     29.15      22.53
     31.16      22.62
     33.17      22.83
     35.18      23.11
     37.19      23.51
      39.2      23.57
     41.21      23.56
     43.22      24.07
     45.23      23.95
     47.24      24.54
     49.25      25.15
     51.26      25.28
     53.27      26.92
     55.28      26.85
     57.29      27.01
      59.3      27.12
     61.31      27.38
     63.32      27.89
     65.33      28.85
     67.34      28.82
     69.35      28.04
     71.36      28.48
     73.37      28.33
     75.38      28.35
     77.39      28.83
      79.4      29.59
     81.41      30.04
     83.42       30.6
     85.43      30.59
     87.44      32.23
     89.45      33.41
     91.46      33.65
     93.47      34.57
     95.49      35.65
      97.5      36.26
     99.51      35.68
     101.5      36.45
     103.5      37.49
     105.5      37.35
     107.5      37.82
     109.6      36.98
     111.6      37.53
     113.6      38.05
     115.6      39.82
     117.6      41.11
     119.6      41.45
     121.6      40.37
     123.6      40.09
     125.6      40.98
     127.6      41.47
     129.7       41.6
     131.7      42.51
     133.7      43.54
     135.7      45.12
     137.7      44.71
     139.7      44.02
     141.7      44.33
     143.7      45.08
     145.7       44.9
     147.8       45.2
     149.8      45.13
     151.8      45.46
     153.8       45.1
     155.8      45.52
     157.8      45.55
     159.8      45.66
     161.8      45.65
     163.8      45.66
     165.8      45.68
     167.9      46.03
     169.9       46.2
     171.9      45.76
     173.9      45.49
     175.9      45.63
     177.9      45.24
     179.9      46.16
     181.9      46.29
     183.9      46.47
     185.9      46.33
       188      47.02
       190       47.2
       192      47.73
       194      47.64
       196      47.57
       198      47.52
       200      47.71
       202      47.86
       204      47.95
       206       47.9
     208.1      47.55
     210.1       47.6
     212.1      47.67
     214.1      47.62
     216.1      47.84
     218.1      47.37
     220.1      47.64
     222.1      47.38
     224.1      47.74
     226.1      47.71
     228.2      47.72
     230.2      47.39
     232.2      47.66
     234.2      48.07
     236.2      47.86
     238.2      47.99
     240.2      48.16
     242.2      48.21
     244.2      48.37
     246.3       48.8
     248.3      48.89
     250.3      48.88
     252.3      49.01
     254.3      49.12
     256.3      49.14
     258.3      49.02
     260.3      49.12
     262.3      48.93
     264.3      48.94
     266.4      49.12
     268.4      49.31
     270.4      49.25
     272.4      49.29
     274.4      48.85
     276.4      48.76
     278.4      49.48
     280.4      49.54
     282.4      49.78
     284.4      49.53
     286.5      49.47
     288.5       49.5
     290.5      49.55
     292.5      49.82
     294.5      49.49
     296.5      49.36
     298.5      49.04
     300.5      48.41
     302.5      48.02
     304.5      48.14
     306.6      48.34
     308.6      49.02
     310.6      48.26
     312.6      49.01
     314.6      49.01
     316.6      49.42
     318.6      49.41
     320.6      49.92
     322.6      49.67
     324.6      49.04
     326.7      49.03
     328.7      49.68
     330.7      48.94
     332.7      48.13
     334.7      47.93
     336.7      49.15
     338.7         50
     340.7         50
     342.7         50
     344.8         50
     346.8         50
     348.8         50
     350.8         50
