     2.001  3.846e+10
     6.002    1.3e+11
        10  2.439e+11
        14  3.577e+11
        18   4.67e+11
     22.01  5.767e+11
     26.01  6.801e+11
     30.01  7.837e+11
     34.01  8.864e+11
     38.01  9.858e+11
     42.01  1.083e+12
     46.01  1.174e+12
     50.01  1.268e+12
     54.01   1.36e+12
     58.02  1.448e+12
     62.02  1.535e+12
     66.02   1.62e+12
     70.02  1.703e+12
     74.02  1.787e+12
     78.02  1.878e+12
     82.02  1.962e+12
     86.02  2.046e+12
     90.02  2.131e+12
     94.03  2.216e+12
     98.03  2.296e+12
       102   2.37e+12
       106   2.45e+12
       110  2.532e+12
       114  2.613e+12
       118  2.682e+12
       122  2.754e+12
       126  2.823e+12
       130  2.896e+12
       134  2.972e+12
       138  3.045e+12
       142  3.116e+12
       146  3.187e+12
       150  3.252e+12
       154  3.316e+12
       158  3.381e+12
       162  3.442e+12
       166  3.508e+12
       170  3.573e+12
       174  3.636e+12
       178  3.696e+12
     182.1  3.754e+12
     186.1  3.815e+12
     190.1  3.875e+12
     194.1  3.933e+12
     198.1  3.991e+12
     202.1  4.047e+12
     206.1  4.105e+12
     210.1  4.165e+12
     214.1  4.223e+12
     218.1  4.281e+12
     222.1  4.339e+12
     226.1  4.396e+12
     230.1  4.453e+12
     234.1  4.508e+12
     238.1  4.561e+12
     242.1  4.615e+12
     246.1  4.664e+12
     250.1  4.714e+12
     254.1  4.753e+12
     258.1  4.783e+12
     262.1  4.808e+12
     266.1  4.829e+12
     270.1  4.849e+12
     274.1  4.865e+12
     278.1  4.881e+12
     282.1  4.898e+12
     286.1  4.911e+12
     290.1  4.923e+12
     294.1  4.934e+12
     298.1  4.943e+12
     302.1  4.951e+12
     306.1  4.958e+12
     310.1  4.964e+12
     314.1  4.969e+12
     318.1  4.972e+12
     322.1  4.975e+12
     326.1  4.977e+12
     330.1   4.98e+12
     334.1  4.982e+12
     338.1  4.983e+12
     342.1  4.984e+12
     346.1  4.985e+12
     350.1  4.985e+12
