         1      19.95
     3.001      20.22
     5.001      20.39
     7.002       20.7
     9.002      20.95
        11      21.01
        13      21.13
        15      21.21
        17      21.34
     19.01      21.41
     21.01      21.51
     23.01      21.61
     25.01      21.67
     27.01      21.77
     29.01      21.82
     31.01      21.98
     33.01      22.01
     35.01      22.04
     37.01      22.14
     39.01      22.33
     41.01      22.35
     43.01      22.54
     45.01      22.66
     47.01      22.67
     49.01      22.63
     51.01      22.67
     53.01       22.8
     55.02      22.89
     57.02      23.04
     59.02      23.03
     61.02      23.07
     63.02      23.17
     65.02       23.2
     67.02      23.19
     69.02      23.21
     71.02      23.31
     73.02      23.35
     75.02      23.27
     77.02      23.45
     79.02      23.47
     81.02      23.44
     83.02      23.43
     85.02      23.48
     87.02      23.51
     89.02       23.5
     91.03      23.52
     93.03      23.57
     95.03      23.63
     97.03      23.78
     99.03      23.81
       101      23.89
       103       23.9
       105      23.88
       107      23.93
       109      23.97
       111      23.98
       113      24.09
       115      24.12
       117      24.13
       119      24.05
       121       24.2
       123      24.22
       125      24.25
       127      24.25
       129      24.34
       131      24.33
       133      24.39
       135      24.41
       137      24.45
       139      24.44
       141      24.49
       143      24.52
       145      24.56
       147      24.61
       149      24.67
       151       24.7
       153      24.71
       155      24.75
       157      24.77
       159      24.79
       161      24.86
       163       24.9
       165      24.91
       167      24.85
       169      24.87
       171      24.88
       173      24.95
       175      24.89
       177      24.97
       179      25.07
       181      25.04
     183.1         25
     185.1      25.07
     187.1      25.09
     189.1      25.27
     191.1      25.33
     193.1      25.32
     195.1      25.37
     197.1      25.34
     199.1      25.26
     201.1      25.36
     203.1       25.3
     205.1      25.25
     207.1      25.41
     209.1      25.47
     211.1      25.55
     213.1      25.66
     215.1      25.65
     217.1      25.54
     219.1      25.49
     221.1      25.48
     223.1      25.59
     225.1      25.75
     227.1       25.9
     229.1      25.81
     231.1      25.74
     233.1      25.74
     235.1      25.83
     237.1      25.88
     239.1      25.89
     241.1      26.12
     243.1      26.09
     245.1      26.13
     247.1      25.99
     249.1      26.08
     251.1      26.02
     253.1      26.22
     255.1      26.11
     257.1      26.17
     259.1      26.88
     261.1      27.05
     263.1      26.78
     265.1      26.45
     267.1      26.48
     269.1      26.74
     271.1      26.68
     273.1      26.48
     275.1       26.6
     277.1      26.65
     279.1      26.65
     281.1      26.42
     283.1      26.76
     285.1      27.06
     287.1      27.29
     289.1      26.91
     291.1       27.4
     293.1      27.49
     295.1      27.58
     297.1      28.15
     299.1      27.84
     301.1      27.67
     303.1      27.63
     305.1      28.22
     307.1      27.43
     309.1      27.14
     311.1      27.59
     313.1      28.49
     315.1      28.38
     317.1      29.31
     319.1      28.24
     321.1      28.49
     323.1      29.06
     325.1      29.59
     327.1      29.93
     329.1      29.27
     331.1      28.22
     333.1      28.67
     335.1         29
     337.1      29.59
     339.1      31.24
     341.1      32.47
     343.1      30.24
     345.1       27.3
     347.1      26.98
     349.1      28.86
     351.1      27.04
