     2.001      19.79
     6.002      20.18
        10      20.63
        14      20.84
        18      21.05
     22.01      21.25
     26.01      21.41
     30.01      21.59
     34.01      21.72
     38.01      21.93
     42.01      22.12
     46.01      22.33
     50.01      22.33
     54.01      22.52
     58.02      22.69
     62.02      22.78
     66.02      22.85
     70.02      22.93
     74.02      22.97
     78.02      23.11
     82.02      23.11
     86.02      23.16
     90.02      23.19
     94.03      23.28
     98.03      23.46
       102      23.55
       106      23.57
       110      23.64
       114      23.75
       118      23.76
       122      23.87
       126       23.9
       130      23.98
       134      24.04
       138      24.09
       142      24.15
       146      24.23
       150      24.33
       154      24.38
       158      24.43
       162      24.52
       166      24.52
       170      24.52
       174      24.57
       178      24.67
     182.1      24.66
     186.1      24.72
     190.1      24.94
     194.1      24.98
     198.1      24.94
     202.1      24.97
     206.1      24.97
     210.1      25.15
     214.1       25.3
     218.1      25.15
     222.1      25.17
     226.1      25.47
     230.1      25.41
     234.1      25.43
     238.1      25.53
     242.1      25.74
     246.1       25.7
     250.1       25.7
     254.1      25.81
     258.1      26.16
     262.1      26.57
     266.1      26.11
     270.1      26.35
     274.1      26.17
     278.1      26.29
     282.1      26.22
     286.1      26.79
     290.1      26.78
     294.1      27.17
     298.1      27.61
     302.1      27.28
     306.1      27.48
     310.1      26.97
     314.1      28.07
     318.1      28.35
     322.1      28.42
     326.1      29.41
     330.1      28.51
     334.1      28.44
     338.1      29.96
     342.1      30.77
     346.1      26.74
     350.1      27.75
