         1  6.683e+09
     3.001   3.47e+10
     5.002  7.308e+10
     7.002  1.104e+11
     9.003  1.503e+11
        11    1.9e+11
        13  2.274e+11
        15  2.618e+11
     17.01  2.967e+11
     19.01  3.265e+11
     21.01  3.557e+11
     23.01   3.82e+11
     25.01  4.059e+11
     27.01  4.285e+11
     29.01  4.526e+11
     31.01  4.769e+11
     33.01  5.023e+11
     35.01  5.265e+11
     37.01  5.483e+11
     39.01  5.727e+11
     41.01  5.945e+11
     43.01  6.159e+11
     45.01  6.353e+11
     47.01  6.554e+11
     49.02  6.725e+11
     51.02  6.925e+11
     53.02   7.11e+11
     55.02  7.291e+11
     57.02   7.46e+11
     59.02  7.601e+11
     61.02  7.739e+11
     63.02  7.864e+11
     65.02  7.997e+11
     67.02  8.142e+11
     69.02  8.273e+11
     71.02  8.398e+11
     73.02  8.517e+11
     75.02  8.638e+11
     77.02  8.762e+11
     79.02  8.887e+11
     81.03  9.002e+11
     83.03  9.131e+11
     85.03  9.257e+11
     87.03  9.381e+11
     89.03  9.507e+11
     91.03   9.62e+11
     93.03   9.75e+11
     95.03   9.88e+11
     97.03  9.997e+11
     99.03  1.009e+12
       101  1.018e+12
       103  1.026e+12
       105  1.036e+12
       107  1.048e+12
       109  1.057e+12
       111  1.066e+12
       113  1.072e+12
       115  1.081e+12
       117  1.091e+12
       119  1.099e+12
       121  1.107e+12
       123  1.115e+12
       125  1.124e+12
       127  1.131e+12
       129  1.138e+12
       131  1.145e+12
       133  1.153e+12
       135   1.16e+12
       137  1.165e+12
       139  1.172e+12
       141  1.179e+12
       143  1.185e+12
       145  1.193e+12
       147  1.201e+12
       149  1.208e+12
       151  1.216e+12
       153  1.223e+12
       155   1.23e+12
       157  1.236e+12
     159.1  1.241e+12
     161.1  1.246e+12
     163.1  1.252e+12
     165.1  1.257e+12
     167.1  1.262e+12
     169.1  1.266e+12
     171.1  1.271e+12
     173.1  1.275e+12
     175.1   1.28e+12
     177.1  1.284e+12
     179.1  1.288e+12
     181.1  1.292e+12
     183.1  1.296e+12
     185.1    1.3e+12
     187.1  1.305e+12
     189.1  1.308e+12
     191.1  1.313e+12
     193.1  1.319e+12
     195.1  1.322e+12
     197.1  1.326e+12
     199.1   1.33e+12
     201.1  1.335e+12
     203.1  1.339e+12
     205.1  1.343e+12
     207.1  1.348e+12
     209.1  1.352e+12
     211.1  1.355e+12
     213.1  1.359e+12
     215.1  1.361e+12
     217.1  1.364e+12
     219.1  1.367e+12
     221.1  1.369e+12
     223.1  1.372e+12
     225.1  1.375e+12
     227.1  1.377e+12
     229.1  1.379e+12
     231.1  1.381e+12
     233.1  1.383e+12
     235.1  1.385e+12
     237.1  1.387e+12
     239.1  1.389e+12
     241.1   1.39e+12
     243.1  1.392e+12
     245.1  1.394e+12
     247.1  1.396e+12
     249.1  1.398e+12
     251.1  1.399e+12
     253.1  1.401e+12
     255.1  1.403e+12
     257.1  1.405e+12
     259.1  1.406e+12
     261.1  1.408e+12
     263.1  1.409e+12
     265.1   1.41e+12
     267.1  1.411e+12
     269.1  1.411e+12
     271.1  1.412e+12
     273.1  1.412e+12
     275.1  1.413e+12
     277.1  1.414e+12
     279.1  1.415e+12
     281.1  1.416e+12
     283.1  1.416e+12
     285.1  1.417e+12
     287.1  1.417e+12
     289.1  1.417e+12
     291.1  1.418e+12
     293.1  1.418e+12
     295.1  1.418e+12
     297.1  1.419e+12
     299.1  1.419e+12
     301.1  1.419e+12
     303.1   1.42e+12
     305.1   1.42e+12
     307.1   1.42e+12
     309.1   1.42e+12
     311.1   1.42e+12
     313.1  1.421e+12
     315.1  1.421e+12
     317.1  1.421e+12
     319.1  1.421e+12
     321.1  1.421e+12
     323.1  1.421e+12
     325.1  1.421e+12
     327.1  1.421e+12
     329.1  1.421e+12
     331.1  1.421e+12
     333.1  1.422e+12
     335.1  1.422e+12
     337.1  1.422e+12
     339.1  1.422e+12
     341.1  1.422e+12
     343.1  1.422e+12
     345.1  1.422e+12
     347.1  1.422e+12
     349.1  1.422e+12
     351.1  1.422e+12
