         1      18.22
     3.001      19.23
     5.002      19.39
     7.002      19.78
     9.003      20.06
        11      20.32
        13      20.63
        15      20.81
     17.01      21.16
     19.01      21.23
     21.01      21.37
     23.01       21.6
     25.01      21.74
     27.01       21.9
     29.01      21.97
     31.01      21.98
     33.01      22.09
     35.01      22.25
     37.01      22.38
     39.01      22.43
     41.01      22.54
     43.01      22.63
     45.01      22.59
     47.01      22.65
     49.02      22.88
     51.02      23.04
     53.02      23.08
     55.02      23.04
     57.02       23.2
     59.02      23.38
     61.02      23.37
     63.02      23.59
     65.02      23.63
     67.02      23.69
     69.02      23.75
     71.02      23.89
     73.02       23.9
     75.02      23.89
     77.02      23.93
     79.02      24.15
     81.03       24.3
     83.03      24.31
     85.03       24.6
     87.03      24.67
     89.03      24.42
     91.03      24.46
     93.03      24.64
     95.03         25
     97.03      24.97
     99.03      24.96
       101      25.42
       103      25.54
       105      25.29
       107      25.31
       109      25.55
       111      25.79
       113       25.8
       115      25.63
       117      26.08
       119      26.17
       121      26.29
       123       25.9
       125      26.15
       127      26.15
       129      26.49
       131      26.44
       133       26.8
       135      26.84
       137      27.31
       139      27.23
       141      27.57
       143      27.72
       145      27.75
       147      28.47
       149      29.08
       151      28.72
       153      28.73
       155      29.17
       157      28.66
     159.1      28.47
     161.1      28.95
     163.1      29.92
     165.1      29.38
     167.1      30.02
     169.1      30.59
     171.1      30.14
     173.1      29.89
     175.1      30.24
     177.1      30.77
     179.1      31.15
     181.1      31.15
     183.1      32.32
     185.1      33.05
     187.1      31.97
     189.1         32
     191.1      32.36
     193.1      32.94
     195.1      34.07
     197.1      34.21
     199.1      34.03
     201.1      34.33
     203.1      34.26
     205.1      34.86
     207.1      34.33
     209.1      34.82
     211.1      35.51
     213.1      35.45
     215.1      36.17
     217.1      36.38
     219.1      36.26
     221.1      36.81
     223.1      37.18
     225.1      37.98
     227.1       38.7
     229.1      39.14
     231.1      39.22
     233.1      39.81
     235.1      40.23
     237.1      39.45
     239.1      39.67
     241.1       40.2
     243.1      40.93
     245.1       40.7
     247.1      40.64
     249.1      41.67
     251.1      41.63
     253.1      41.27
     255.1      40.92
     257.1      41.86
     259.1       41.7
     261.1      42.23
     263.1      42.61
     265.1      42.96
     267.1      41.71
     269.1      42.16
     271.1      42.77
     273.1      42.76
     275.1      41.92
     277.1      40.69
     279.1      41.32
     281.1      41.69
     283.1      42.84
     285.1      42.78
     287.1      43.59
     289.1       43.8
     291.1      44.76
     293.1      44.24
     295.1      44.76
     297.1      43.75
     299.1      43.26
     301.1      43.77
     303.1      43.87
     305.1      44.78
     307.1      44.46
     309.1      45.21
     311.1      45.55
     313.1      45.21
     315.1      46.81
     317.1      47.34
     319.1      46.68
     321.1      46.01
     323.1      45.19
     325.1      43.51
     327.1      43.83
     329.1      44.24
     331.1      45.56
     333.1      47.34
     335.1      46.97
     337.1      46.25
     339.1      45.78
     341.1      44.54
     343.1      44.99
     345.1      45.56
     347.1      45.53
     349.1      38.74
     351.1      37.57
