     2.001  4.238e+10
     6.002   1.19e+11
        10  1.796e+11
     14.01   2.44e+11
     18.01  3.083e+11
     22.01  3.643e+11
     26.01  4.134e+11
     30.01  4.662e+11
     34.01  5.154e+11
     38.02  5.568e+11
     42.02  5.954e+11
     46.02  6.315e+11
     50.02  6.611e+11
     54.02  6.868e+11
     58.02   7.11e+11
     62.02  7.345e+11
     66.03  7.553e+11
     70.03  7.758e+11
     74.03  7.918e+11
     78.03  8.074e+11
     82.03  8.241e+11
     86.03  8.402e+11
     90.04  8.547e+11
     94.04  8.699e+11
     98.04  8.825e+11
       102  8.946e+11
       106  9.077e+11
       110  9.181e+11
       114  9.262e+11
       118   9.34e+11
       122  9.421e+11
       126  9.481e+11
     130.1   9.54e+11
     134.1  9.603e+11
     138.1  9.657e+11
     142.1  9.705e+11
     146.1  9.764e+11
     150.1  9.822e+11
     154.1  9.876e+11
     158.1  9.929e+11
     162.1  9.988e+11
     166.1  1.005e+12
     170.1   1.01e+12
     174.1  1.014e+12
     178.1  1.017e+12
     182.1   1.02e+12
     186.1  1.023e+12
     190.1  1.026e+12
     194.1  1.028e+12
     198.1  1.031e+12
     202.1  1.033e+12
     206.1  1.034e+12
     210.1  1.036e+12
     214.1  1.038e+12
     218.1  1.038e+12
     222.1   1.04e+12
     226.1  1.041e+12
     230.1  1.042e+12
     234.1  1.044e+12
     238.1  1.045e+12
     242.1  1.046e+12
     246.1  1.047e+12
     250.1  1.048e+12
     254.1   1.05e+12
     258.1  1.051e+12
     262.1  1.053e+12
     266.1  1.054e+12
     270.1  1.055e+12
     274.1  1.056e+12
     278.1  1.057e+12
     282.1  1.057e+12
     286.1  1.058e+12
     290.1  1.058e+12
     294.1  1.058e+12
     298.1  1.058e+12
     302.1  1.059e+12
     306.1  1.059e+12
     310.1  1.059e+12
     314.1   1.06e+12
     318.1   1.06e+12
     322.1   1.06e+12
     326.1  1.061e+12
     330.1  1.061e+12
     334.1  1.061e+12
     338.1  1.061e+12
     342.1  1.061e+12
     346.1  1.062e+12
     350.1  1.062e+12
