         1  5.403e+09
     3.001  2.675e+10
     5.001  5.279e+10
     7.002  7.969e+10
     9.002  1.049e+11
        11  1.248e+11
        13    1.4e+11
        15  1.568e+11
        17  1.764e+11
        19  1.902e+11
        21  1.987e+11
     23.01  2.071e+11
     25.01   2.15e+11
     27.01  2.209e+11
     29.01  2.259e+11
     31.01  2.313e+11
     33.01  2.361e+11
     35.01  2.412e+11
     37.01  2.477e+11
     39.01  2.518e+11
     41.01  2.556e+11
     43.01  2.586e+11
     45.01   2.62e+11
     47.01  2.651e+11
     49.01  2.692e+11
     51.01  2.724e+11
     53.01  2.752e+11
     55.01  2.778e+11
     57.01  2.802e+11
     59.01  2.826e+11
     61.01  2.851e+11
     63.01   2.87e+11
     65.02  2.891e+11
     67.02  2.909e+11
     69.02   2.93e+11
     71.02   2.95e+11
     73.02  2.963e+11
     75.02  2.977e+11
     77.02  2.999e+11
     79.02  3.042e+11
     81.02  3.222e+11
     83.02  3.276e+11
     85.02  3.289e+11
     87.02  3.302e+11
     89.02  3.313e+11
     91.02  3.324e+11
     93.02  3.341e+11
     95.02  3.358e+11
     97.02  3.372e+11
     99.02  3.408e+11
       101  3.434e+11
       103  3.442e+11
       105  3.449e+11
       107  3.456e+11
       109  3.464e+11
       111  3.469e+11
       113  3.475e+11
       115  3.483e+11
       117  3.494e+11
       119  3.507e+11
       121   3.53e+11
       123  3.606e+11
       125  3.672e+11
       127  3.716e+11
       129  3.732e+11
       131  3.742e+11
       133  3.751e+11
       135  3.761e+11
       137  3.771e+11
       139  3.784e+11
       141   3.82e+11
       143  4.044e+11
       145  4.258e+11
       147  4.383e+11
       149  4.436e+11
       151  4.501e+11
       153  4.596e+11
       155  4.628e+11
       157   4.66e+11
       159  4.678e+11
       161  4.685e+11
       163  4.692e+11
       165  4.695e+11
       167  4.699e+11
       169  4.701e+11
       171  4.702e+11
       173  4.704e+11
       175  4.704e+11
       177  4.706e+11
       179  4.706e+11
       181  4.709e+11
       183   4.71e+11
       185  4.711e+11
       187  4.713e+11
       189  4.714e+11
       191  4.715e+11
       193  4.716e+11
       195  4.717e+11
       197  4.718e+11
       199  4.719e+11
       201  4.721e+11
       203  4.722e+11
       205  4.723e+11
       207  4.724e+11
       209  4.725e+11
       211  4.727e+11
     213.1  4.729e+11
     215.1   4.73e+11
     217.1   4.73e+11
     219.1  4.731e+11
     221.1  4.733e+11
     223.1  4.737e+11
     225.1   4.74e+11
     227.1  4.742e+11
     229.1  4.743e+11
     231.1  4.746e+11
     233.1   4.75e+11
     235.1  4.762e+11
     237.1  4.795e+11
     239.1  4.937e+11
     241.1  5.086e+11
     243.1  5.109e+11
     245.1   5.12e+11
     247.1  5.124e+11
     249.1  5.129e+11
     251.1  5.132e+11
     253.1  5.135e+11
     255.1   5.14e+11
     257.1  5.148e+11
     259.1  5.161e+11
     261.1  5.191e+11
     263.1  5.196e+11
     265.1    5.2e+11
     267.1  5.204e+11
     269.1  5.207e+11
     271.1  5.211e+11
     273.1  5.214e+11
     275.1  5.219e+11
     277.1  5.225e+11
     279.1  5.232e+11
     281.1  5.246e+11
     283.1  5.292e+11
     285.1  5.464e+11
     287.1  5.553e+11
     289.1  5.576e+11
     291.1  5.586e+11
     293.1  5.593e+11
     295.1  5.599e+11
     297.1  5.601e+11
     299.1  5.601e+11
     301.1  5.603e+11
     303.1  5.603e+11
     305.1  5.604e+11
     307.1  5.604e+11
     309.1  5.604e+11
     311.1  5.604e+11
     313.1  5.604e+11
     315.1  5.604e+11
     317.1  5.604e+11
     319.1  5.605e+11
     321.1  5.605e+11
     323.1  5.605e+11
     325.1  5.605e+11
     327.1  5.605e+11
     329.1  5.605e+11
     331.1  5.605e+11
     333.1  5.605e+11
     335.1  5.605e+11
     337.1  5.605e+11
     339.1  5.605e+11
     341.1  5.605e+11
     343.1  5.605e+11
     345.1  5.605e+11
     347.1  5.605e+11
     349.1  5.605e+11
     351.1  5.605e+11
