         1      18.25
     3.001      19.23
     5.001       19.8
     7.002      20.15
     9.002      20.43
        11      20.89
        13      21.28
        15      21.49
        17      21.57
        19      21.92
        21       22.2
     23.01      22.53
     25.01      22.73
     27.01      23.04
     29.01      23.39
     31.01      23.49
     33.01      23.71
     35.01      23.83
     37.01      23.89
     39.01      24.45
     41.01      24.61
     43.01      25.19
     45.01      25.15
     47.01      24.77
     49.01      25.65
     51.01      27.56
     53.01      27.54
     55.01      27.88
     57.01       26.4
     59.01      27.33
     61.01      28.41
     63.01      29.54
     65.02      30.95
     67.02      32.74
     69.02      32.28
     71.02      33.31
     73.02       33.6
     75.02      35.55
     77.02      35.87
     79.02       36.4
     81.02      37.39
     83.02      39.23
     85.02      39.56
     87.02      39.14
     89.02      37.83
     91.02      38.26
     93.02      38.93
     95.02      39.05
     97.02       40.3
     99.02      39.76
       101      39.29
       103      40.21
       105      40.11
       107      41.31
       109      41.83
       111      42.73
       113      43.17
       115      43.07
       117      44.18
       119      44.48
       121      44.99
       123      44.13
       125      44.26
       127      43.61
       129      42.93
       131      43.02
       133      43.22
       135      43.35
       137       43.5
       139      43.99
       141      43.78
       143      44.42
       145      44.15
       147      44.81
       149      45.25
       151      45.27
       153      45.49
       155      44.92
       157      45.14
       159      46.55
       161      47.07
       163      47.03
       165      47.03
       167      47.26
       169      47.87
       171      48.72
       173      48.63
       175      48.73
       177      48.32
       179      48.41
       181      48.37
       183       48.1
       185      48.39
       187       48.7
       189         49
       191      49.11
       193       48.7
       195      48.63
       197      48.77
       199      48.93
       201      48.92
       203      48.85
       205      49.09
       207      48.86
       209      48.81
       211       48.6
     213.1      48.91
     215.1       49.3
     217.1      49.21
     219.1      48.87
     221.1      48.46
     223.1      48.66
     225.1      48.76
     227.1       49.1
     229.1      49.29
     231.1      49.17
     233.1      48.99
     235.1      49.09
     237.1      49.25
     239.1      49.16
     241.1      48.93
     243.1      48.89
     245.1      48.68
     247.1      48.57
     249.1      48.46
     251.1       48.8
     253.1      48.58
     255.1      48.36
     257.1      48.04
     259.1      48.03
     261.1      47.98
     263.1      47.92
     265.1      47.36
     267.1      47.39
     269.1      47.78
     271.1      47.84
     273.1      48.59
     275.1      48.32
     277.1      48.39
     279.1      47.76
     281.1      47.74
     283.1      48.01
     285.1      47.39
     287.1      47.71
     289.1       47.4
     291.1      47.83
     293.1      48.11
     295.1       47.8
     297.1      48.81
     299.1      48.54
     301.1      48.83
     303.1      48.56
     305.1      49.23
     307.1      49.84
     309.1      49.56
     311.1      49.33
     313.1      49.11
     315.1      49.45
     317.1      49.33
     319.1      48.93
     321.1      49.45
     323.1      49.69
     325.1         50
     327.1         50
     329.1         50
     331.1         50
     333.1         50
     335.1         50
     337.1         50
     339.1         50
     341.1         50
     343.1         50
     345.1         50
     347.1         50
     349.1         50
     351.1         50
