         1  1.883e+10
     3.001  1.031e+11
     5.002   1.53e+11
     7.003  1.902e+11
     9.004  2.209e+11
        11  2.494e+11
     13.01  2.776e+11
     15.01  3.049e+11
     17.01   3.29e+11
     19.01  3.509e+11
     21.01  3.731e+11
     23.01  3.937e+11
     25.01  4.437e+11
     27.01  4.879e+11
     29.01  5.041e+11
     31.01  5.152e+11
     33.01  5.265e+11
     35.02  5.373e+11
     37.02  5.472e+11
     39.02  5.566e+11
     41.02  5.688e+11
     43.02  5.901e+11
     45.02  6.046e+11
     47.02  6.234e+11
     49.02  6.481e+11
     51.02  6.577e+11
     53.02  6.646e+11
     55.02  6.708e+11
     57.02  6.763e+11
     59.03  6.817e+11
     61.03   6.88e+11
     63.03  6.974e+11
     65.03  7.217e+11
     67.03  7.344e+11
     69.03  7.532e+11
     71.03  7.734e+11
     73.03  7.799e+11
     75.03  7.854e+11
     77.03  7.894e+11
     79.03  7.937e+11
     81.04  7.978e+11
     83.04  8.019e+11
     85.04  8.064e+11
     87.04  8.108e+11
     89.04  8.152e+11
     91.04  8.241e+11
     93.04  8.354e+11
     95.04  8.438e+11
     97.04  8.516e+11
     99.04  8.644e+11
       101  8.945e+11
       103    9.1e+11
       105  9.184e+11
       107  9.249e+11
       109  9.312e+11
       111  9.414e+11
       113   9.62e+11
     115.1   9.85e+11
     117.1  1.007e+12
     119.1  1.015e+12
     121.1  1.021e+12
     123.1  1.027e+12
     125.1  1.035e+12
     127.1  1.059e+12
     129.1  1.085e+12
     131.1  1.093e+12
     133.1  1.099e+12
     135.1  1.105e+12
     137.1  1.112e+12
     139.1  1.117e+12
     141.1  1.121e+12
     143.1  1.124e+12
     145.1  1.127e+12
     147.1   1.13e+12
     149.1  1.132e+12
     151.1  1.134e+12
     153.1  1.137e+12
     155.1  1.139e+12
     157.1  1.142e+12
     159.1  1.145e+12
     161.1  1.148e+12
     163.1   1.15e+12
     165.1  1.153e+12
     167.1  1.155e+12
     169.1  1.158e+12
     171.1   1.16e+12
     173.1  1.163e+12
     175.1  1.164e+12
     177.1  1.166e+12
     179.1  1.168e+12
     181.1   1.17e+12
     183.1  1.172e+12
     185.1  1.174e+12
     187.1  1.176e+12
     189.1  1.181e+12
     191.1    1.2e+12
     193.1  1.208e+12
     195.1   1.21e+12
     197.1  1.212e+12
     199.1  1.214e+12
     201.1  1.215e+12
     203.1  1.217e+12
     205.1  1.219e+12
     207.1  1.228e+12
     209.1  1.232e+12
     211.1  1.234e+12
     213.1  1.237e+12
     215.1  1.238e+12
     217.1   1.24e+12
     219.1  1.242e+12
     221.1  1.244e+12
     223.1  1.246e+12
     225.1  1.248e+12
     227.1  1.251e+12
     229.1  1.256e+12
     231.1  1.265e+12
     233.1  1.277e+12
     235.1  1.291e+12
     237.1  1.299e+12
     239.1  1.304e+12
     241.1  1.309e+12
     243.1  1.319e+12
     245.1  1.339e+12
     247.1  1.347e+12
     249.1  1.352e+12
     251.1  1.355e+12
     253.1  1.356e+12
     255.1  1.357e+12
     257.1  1.358e+12
     259.1  1.359e+12
     261.1   1.36e+12
     263.1  1.361e+12
     265.1  1.363e+12
     267.1  1.364e+12
     269.1  1.364e+12
     271.1  1.366e+12
     273.1  1.368e+12
     275.1  1.376e+12
     277.1  1.381e+12
     279.1  1.383e+12
     281.1  1.385e+12
     283.1  1.385e+12
     285.1  1.386e+12
     287.1  1.387e+12
     289.1  1.391e+12
     291.1   1.41e+12
     293.1  1.416e+12
     295.1  1.417e+12
     297.1  1.419e+12
     299.1   1.42e+12
     301.1   1.42e+12
     303.1   1.42e+12
     305.1  1.421e+12
     307.1  1.423e+12
     309.1  1.424e+12
     311.1  1.425e+12
     313.1  1.425e+12
     315.1  1.426e+12
     317.1  1.426e+12
     319.1  1.426e+12
     321.1  1.426e+12
     323.1  1.427e+12
     325.1  1.427e+12
     327.1  1.427e+12
     329.1  1.427e+12
     331.1  1.427e+12
     333.1  1.427e+12
     335.1  1.428e+12
     337.1  1.428e+12
     339.1  1.428e+12
     341.1  1.428e+12
     343.1  1.428e+12
     345.2  1.428e+12
     347.2  1.428e+12
     349.2  1.428e+12
     351.2  1.428e+12
