         1  9.101e+10
     3.001  5.035e+11
     5.001  8.395e+11
     7.002  1.126e+12
     9.002  1.383e+12
        11  1.612e+12
        13  1.826e+12
        15  2.023e+12
        17  2.196e+12
     19.01  2.358e+12
     21.01  2.503e+12
     23.01  2.642e+12
     25.01  2.772e+12
     27.01  2.897e+12
     29.01  3.006e+12
     31.01  3.106e+12
     33.01  3.202e+12
     35.01  3.294e+12
     37.01  3.377e+12
     39.01  3.457e+12
     41.01  3.536e+12
     43.01  3.609e+12
     45.01  3.675e+12
     47.01  3.737e+12
     49.01  3.796e+12
     51.01  3.852e+12
     53.01  3.908e+12
     55.02  3.961e+12
     57.02   4.01e+12
     59.02  4.061e+12
     61.02  4.108e+12
     63.02  4.152e+12
     65.02  4.196e+12
     67.02  4.242e+12
     69.02  4.285e+12
     71.02   4.33e+12
     73.02  4.368e+12
     75.02  4.408e+12
     77.02  4.446e+12
     79.02  4.484e+12
     81.02   4.52e+12
     83.02  4.555e+12
     85.02  4.591e+12
     87.02   4.63e+12
     89.02  4.679e+12
     91.03  4.731e+12
     93.03  4.787e+12
     95.03  4.833e+12
     97.03  4.871e+12
     99.03    4.9e+12
       101  4.928e+12
       103  4.954e+12
       105   4.98e+12
       107  5.002e+12
       109  5.024e+12
       111  5.047e+12
       113  5.067e+12
       115  5.087e+12
       117  5.107e+12
       119  5.127e+12
       121  5.146e+12
       123  5.163e+12
       125  5.182e+12
       127  5.199e+12
       129  5.216e+12
       131  5.234e+12
       133  5.252e+12
       135  5.269e+12
       137  5.288e+12
       139  5.305e+12
       141   5.32e+12
       143  5.338e+12
       145  5.358e+12
       147  5.377e+12
       149  5.396e+12
       151  5.414e+12
       153  5.435e+12
       155  5.456e+12
       157  5.482e+12
       159  5.515e+12
       161  5.562e+12
       163   5.63e+12
       165  5.717e+12
       167  5.837e+12
       169  5.941e+12
       171  6.029e+12
       173  6.092e+12
       175  6.137e+12
       177  6.171e+12
       179  6.195e+12
       181  6.216e+12
     183.1  6.234e+12
     185.1  6.248e+12
     187.1  6.263e+12
     189.1  6.277e+12
     191.1   6.29e+12
     193.1  6.302e+12
     195.1  6.315e+12
     197.1  6.329e+12
     199.1  6.342e+12
     201.1  6.353e+12
     203.1  6.366e+12
     205.1  6.376e+12
     207.1  6.387e+12
     209.1  6.396e+12
     211.1  6.405e+12
     213.1  6.414e+12
     215.1  6.426e+12
     217.1  6.435e+12
     219.1  6.445e+12
     221.1  6.459e+12
     223.1  6.479e+12
     225.1  6.506e+12
     227.1  6.533e+12
     229.1  6.552e+12
     231.1  6.565e+12
     233.1  6.575e+12
     235.1  6.586e+12
     237.1  6.597e+12
     239.1  6.609e+12
     241.1   6.62e+12
     243.1  6.633e+12
     245.1  6.646e+12
     247.1  6.662e+12
     249.1  6.682e+12
     251.1  6.703e+12
     253.1  6.725e+12
     255.1  6.748e+12
     257.1   6.78e+12
     259.1  6.811e+12
     261.1  6.846e+12
     263.1  6.897e+12
     265.1  6.973e+12
     267.1  7.073e+12
     269.1  7.193e+12
     271.1  7.296e+12
     273.1  7.377e+12
     275.1  7.427e+12
     277.1  7.459e+12
     279.1  7.483e+12
     281.1  7.504e+12
     283.1  7.518e+12
     285.1   7.53e+12
     287.1   7.54e+12
     289.1  7.549e+12
     291.1  7.561e+12
     293.1  7.577e+12
     295.1  7.595e+12
     297.1   7.61e+12
     299.1   7.62e+12
     301.1  7.625e+12
     303.1  7.628e+12
     305.1   7.63e+12
     307.1  7.631e+12
     309.1  7.633e+12
     311.1  7.634e+12
     313.1  7.635e+12
     315.1  7.636e+12
     317.1  7.637e+12
     319.1  7.638e+12
     321.1  7.638e+12
     323.1  7.639e+12
     325.1  7.639e+12
     327.1   7.64e+12
     329.1  7.641e+12
     331.1  7.641e+12
     333.1  7.642e+12
     335.1  7.642e+12
     337.1  7.642e+12
     339.1  7.642e+12
     341.1  7.642e+12
     343.1  7.642e+12
     345.1  7.642e+12
     347.1  7.643e+12
     349.1  7.643e+12
     351.1  7.643e+12
