         1      15.13
     3.001      16.44
     5.001      17.74
     7.002      18.49
     9.002      19.14
        11      19.56
        13      19.95
        15      20.34
        17      20.57
     19.01      20.89
     21.01      21.02
     23.01      21.21
     25.01      21.33
     27.01      21.56
     29.01      21.78
     31.01      21.93
     33.01      22.05
     35.01      22.19
     37.01      22.32
     39.01      22.43
     41.01      22.51
     43.01      22.66
     45.01       22.8
     47.01      22.91
     49.01      22.98
     51.01      23.06
     53.01       23.1
     55.02      23.23
     57.02      23.32
     59.02      23.41
     61.02      23.49
     63.02      23.53
     65.02      23.54
     67.02      23.59
     69.02      23.64
     71.02      23.77
     73.02      23.84
     75.02      23.87
     77.02      23.92
     79.02      23.98
     81.02      24.08
     83.02      24.15
     85.02      24.17
     87.02      24.15
     89.02      24.27
     91.03      24.37
     93.03      24.39
     95.03       24.4
     97.03      24.49
     99.03      24.57
       101      24.61
       103      24.73
       105      24.85
       107      24.89
       109      24.89
       111      24.95
       113      25.08
       115      25.06
       117       25.1
       119      25.22
       121      25.31
       123      25.33
       125      25.37
       127      25.42
       129      25.41
       131      25.42
       133      25.44
       135       25.5
       137      25.52
       139      25.68
       141      25.72
       143      25.64
       145       25.7
       147      25.73
       149      25.72
       151      25.87
       153      25.86
       155      25.94
       157      25.86
       159       26.1
       161      26.07
       163      25.99
       165      25.91
       167      25.85
       169      25.95
       171      26.23
       173      26.56
       175      26.37
       177      26.36
       179      26.31
       181      26.41
     183.1      26.99
     185.1      27.24
     187.1      27.12
     189.1      26.81
     191.1      27.04
     193.1      27.15
     195.1      27.16
     197.1      27.44
     199.1      27.57
     201.1      27.32
     203.1      27.37
     205.1      27.49
     207.1      27.55
     209.1      28.05
     211.1      27.75
     213.1      27.67
     215.1      27.85
     217.1       28.2
     219.1      28.26
     221.1      28.32
     223.1      28.61
     225.1      28.25
     227.1      28.29
     229.1      28.52
     231.1      28.97
     233.1         29
     235.1      29.04
     237.1      28.57
     239.1       28.8
     241.1      28.92
     243.1      29.19
     245.1      29.73
     247.1         30
     249.1      30.21
     251.1      29.87
     253.1      28.94
     255.1      28.78
     257.1      29.68
     259.1      29.43
     261.1      29.35
     263.1      29.08
     265.1      28.59
     267.1      28.73
     269.1      28.79
     271.1      28.98
     273.1      29.21
     275.1      29.74
     277.1      28.62
     279.1      28.72
     281.1      29.53
     283.1      30.05
     285.1      30.32
     287.1      31.37
     289.1      31.58
     291.1      30.59
     293.1      30.35
     295.1      30.38
     297.1      31.78
     299.1      31.44
     301.1      31.66
     303.1      32.09
     305.1      33.41
     307.1      34.64
     309.1      34.12
     311.1      33.26
     313.1       34.3
     315.1      36.15
     317.1      36.81
     319.1      37.01
     321.1      35.61
     323.1       34.2
     325.1      32.72
     327.1       32.8
     329.1      33.84
     331.1      37.77
     333.1      37.82
     335.1         37
     337.1      38.26
     339.1      40.16
     341.1      39.84
     343.1      36.53
     345.1      36.06
     347.1      38.79
     349.1      43.39
     351.1       44.6
