     1.005  1.495e+10
     3.016  5.882e+10
     5.027  8.507e+10
     7.037  1.096e+11
     9.048  1.259e+11
     11.06  1.392e+11
     13.07  1.541e+11
     15.08  1.696e+11
     17.09  1.847e+11
      19.1  1.992e+11
     21.11  2.129e+11
     23.12  2.256e+11
     25.13   2.37e+11
     27.14   2.47e+11
     29.15  2.557e+11
     31.16  2.645e+11
     33.18  2.728e+11
     35.19  2.809e+11
      37.2  2.883e+11
     39.21  2.949e+11
     41.22  3.032e+11
     43.23  3.119e+11
     45.24  3.204e+11
     47.25  3.278e+11
     49.26  3.366e+11
     51.27   3.44e+11
     53.28  3.523e+11
     55.29  3.601e+11
      57.3  3.664e+11
     59.31  3.719e+11
     61.32  3.774e+11
     63.33   3.82e+11
     65.34  3.873e+11
     67.36  3.936e+11
     69.37  3.998e+11
     71.38  4.056e+11
     73.39  4.116e+11
      75.4  4.179e+11
     77.41  4.225e+11
     79.42  4.282e+11
     81.43  4.331e+11
     83.44  4.373e+11
     85.45  4.425e+11
     87.46  4.471e+11
     89.47  4.519e+11
     91.48  4.562e+11
     93.49    4.6e+11
      95.5  4.643e+11
     97.51  4.681e+11
     99.53  4.721e+11
     101.5  4.756e+11
     103.5  4.799e+11
     105.6  4.824e+11
     107.6  4.855e+11
     109.6  4.888e+11
     111.6  4.925e+11
     113.6  4.955e+11
     115.6  4.984e+11
     117.6  5.011e+11
     119.6  5.035e+11
     121.6  5.052e+11
     123.7  5.071e+11
     125.7  5.088e+11
     127.7  5.108e+11
     129.7  5.128e+11
     131.7  5.143e+11
     133.7  5.158e+11
     135.7  5.176e+11
     137.7  5.194e+11
     139.7  5.213e+11
     141.7  5.232e+11
     143.8   5.25e+11
     145.8  5.263e+11
     147.8  5.275e+11
     149.8  5.286e+11
     151.8  5.298e+11
     153.8  5.309e+11
     155.8  5.317e+11
     157.8  5.326e+11
     159.8  5.335e+11
     161.9  5.345e+11
     163.9  5.354e+11
     165.9  5.365e+11
     167.9  5.374e+11
     169.9  5.385e+11
     171.9  5.392e+11
     173.9  5.399e+11
     175.9  5.407e+11
     177.9  5.414e+11
     179.9   5.42e+11
       182  5.429e+11
       184  5.435e+11
       186  5.444e+11
       188  5.452e+11
       190  5.459e+11
       192  5.467e+11
       194  5.475e+11
       196  5.484e+11
       198  5.493e+11
     200.1  5.506e+11
     202.1  5.511e+11
     204.1   5.52e+11
     206.1   5.53e+11
     208.1  5.538e+11
     210.1  5.544e+11
     212.1  5.553e+11
     214.1  5.558e+11
     216.1  5.565e+11
     218.2   5.57e+11
     220.2  5.578e+11
     222.2   5.59e+11
     224.2  5.597e+11
     226.2  5.602e+11
     228.2  5.607e+11
     230.2  5.611e+11
     232.2  5.617e+11
     234.2  5.623e+11
     236.2  5.626e+11
     238.3  5.628e+11
     240.3  5.632e+11
     242.3  5.637e+11
     244.3  5.641e+11
     246.3  5.643e+11
     248.3  5.646e+11
     250.3  5.648e+11
     252.3  5.652e+11
     254.3  5.655e+11
     256.4  5.658e+11
     258.4  5.661e+11
     260.4  5.662e+11
     262.4  5.664e+11
     264.4  5.664e+11
     266.4  5.665e+11
     268.4  5.665e+11
     270.4  5.665e+11
     272.4  5.665e+11
     274.4  5.665e+11
     276.5  5.665e+11
     278.5  5.665e+11
     280.5  5.666e+11
     282.5  5.666e+11
     284.5  5.666e+11
     286.5  5.666e+11
     288.5  5.666e+11
     290.5  5.667e+11
     292.5  5.667e+11
     294.6  5.667e+11
     296.6  5.667e+11
     298.6  5.667e+11
     300.6  5.667e+11
     302.6  5.668e+11
     304.6  5.668e+11
     306.6  5.668e+11
     308.6  5.668e+11
     310.6  5.669e+11
     312.7  5.669e+11
     314.7  5.669e+11
     316.7  5.669e+11
     318.7  5.669e+11
     320.7  5.669e+11
     322.7  5.669e+11
     324.7  5.669e+11
     326.7  5.669e+11
     328.7  5.669e+11
     330.7  5.669e+11
     332.8  5.669e+11
     334.8  5.669e+11
     336.8  5.669e+11
     338.8  5.669e+11
     340.8  5.669e+11
     342.8  5.669e+11
     344.8  5.669e+11
     346.8  5.669e+11
     348.8  5.669e+11
     350.9  5.669e+11
