         1      18.68
     3.001      19.01
     5.002       19.7
     7.003      20.12
     9.004       20.5
        11      20.63
     13.01      20.73
     15.01      20.72
     17.01      20.83
     19.01      21.06
     21.01      21.23
     23.01      21.49
     25.01      21.82
     27.01       21.9
     29.01      22.04
     31.01       22.3
     33.01      22.44
     35.01      22.54
     37.01      22.63
     39.02      22.64
     41.02       22.8
     43.02      22.91
     45.02      22.94
     47.02      23.02
     49.02      23.08
     51.02      23.18
     53.02      23.27
     55.02      23.44
     57.02      23.53
     59.02      23.63
     61.02      23.73
     63.02      23.77
     65.03       23.8
     67.03      23.83
     69.03      23.92
     71.03      23.92
     73.03      23.99
     75.03      24.13
     77.03      24.11
     79.03      24.12
     81.03      24.28
     83.03      24.41
     85.03       24.7
     87.03      24.98
     89.04      25.05
     91.04      25.04
     93.04      25.14
     95.04      25.12
     97.04      25.04
     99.04      25.43
       101       25.3
       103      25.34
       105      25.83
       107      25.92
       109      25.79
       111       25.7
       113      26.36
       115      26.96
       117      26.89
       119      26.66
       121      26.08
       123      26.25
       125      26.67
     127.1      27.15
     129.1       27.4
     131.1      27.97
     133.1      27.97
     135.1      28.32
     137.1      29.33
     139.1      29.44
     141.1      29.27
     143.1      29.26
     145.1       29.1
     147.1         29
     149.1      29.05
     151.1      29.88
     153.1      29.91
     155.1      29.79
     157.1      30.32
     159.1      30.45
     161.1      30.45
     163.1      30.51
     165.1      30.07
     167.1      29.89
     169.1      29.58
     171.1      30.12
     173.1      29.97
     175.1      30.25
     177.1      30.79
     179.1      30.82
     181.1      31.17
     183.1      31.37
     185.1       31.6
     187.1      31.69
     189.1      31.89
     191.1      31.86
     193.1      32.26
     195.1      32.54
     197.1      32.85
     199.1      33.24
     201.1      33.22
     203.1      32.88
     205.1      32.93
     207.1      33.39
     209.1      33.47
     211.1      33.85
     213.1      34.59
     215.1      35.11
     217.1      34.74
     219.1      34.43
     221.1      34.09
     223.1      34.57
     225.1      34.71
     227.1      34.95
     229.1      34.52
     231.1      34.25
     233.1      34.06
     235.1      34.46
     237.1      34.76
     239.1      35.72
     241.1      36.56
     243.1      36.08
     245.1      35.97
     247.1      35.22
     249.1      35.25
     251.1      35.82
     253.1      36.49
     255.1      35.98
     257.1      35.19
     259.1      34.86
     261.1      35.31
     263.1      35.67
     265.1      36.63
     267.1       37.3
     269.1      37.48
     271.1      37.19
     273.1      37.89
     275.1      38.18
     277.1      38.78
     279.1      38.83
     281.1      38.59
     283.1      37.61
     285.1      37.56
     287.1      37.69
     289.1      39.49
     291.1      39.12
     293.1      39.62
     295.1      38.88
     297.1      39.14
     299.1      39.44
     301.1      39.96
     303.1      38.58
     305.1      39.05
     307.1      39.46
     309.1      39.98
     311.1      38.91
     313.1      37.88
     315.1      37.61
     317.1      39.46
     319.1      40.45
     321.1      40.07
     323.1      40.59
     325.1      42.07
     327.1      41.53
     329.1      40.43
     331.1      40.22
     333.1      40.23
     335.1       40.2
     337.1      40.45
     339.1       41.7
     341.1      40.37
     343.1      40.81
     345.1      40.93
     347.1      40.29
     349.1      38.37
     351.1      37.85
