         1  2.144e+10
     3.001  4.177e+10
     5.002   4.55e+10
     7.003  4.834e+10
     9.004  5.039e+10
        11  5.225e+10
     13.01   5.53e+10
     15.01  5.727e+10
     17.01  5.943e+10
     19.01  6.186e+10
     21.01   6.47e+10
     23.01  6.768e+10
     25.01  6.987e+10
     27.01  7.257e+10
     29.01  7.533e+10
     31.01  7.782e+10
     33.01  8.116e+10
     35.02  8.554e+10
     37.02  9.077e+10
     39.02  9.488e+10
     41.02  9.962e+10
     43.02  1.038e+11
     45.02  1.077e+11
     47.02  1.111e+11
     49.02  1.137e+11
     51.02  1.161e+11
     53.02  1.189e+11
     55.02  1.214e+11
     57.02  1.242e+11
     59.03  1.263e+11
     61.03  1.291e+11
     63.03  1.317e+11
     65.03  1.338e+11
     67.03  1.367e+11
     69.03  1.394e+11
     71.03  1.414e+11
     73.03  1.433e+11
     75.03  1.457e+11
     77.03  1.479e+11
     79.03  1.506e+11
     81.04  1.528e+11
     83.04  1.551e+11
     85.04  1.564e+11
     87.04  1.588e+11
     89.04   1.61e+11
     91.04  1.632e+11
     93.04  1.656e+11
     95.04  1.679e+11
     97.04  1.708e+11
     99.04   1.74e+11
       101  1.771e+11
       103  1.794e+11
       105  1.816e+11
       107  1.843e+11
       109  1.872e+11
       111  1.907e+11
       113  1.942e+11
     115.1  1.979e+11
     117.1  2.005e+11
     119.1  2.032e+11
     121.1  2.067e+11
     123.1  2.097e+11
     125.1  2.131e+11
     127.1  2.161e+11
     129.1  2.194e+11
     131.1  2.219e+11
     133.1  2.245e+11
     135.1  2.276e+11
     137.1  2.326e+11
     139.1  2.364e+11
     141.1  2.391e+11
     143.1  2.416e+11
     145.1   2.45e+11
     147.1  2.478e+11
     149.1  2.505e+11
     151.1  2.533e+11
     153.1   2.56e+11
     155.1  2.591e+11
     157.1  2.623e+11
     159.1  2.653e+11
     161.1  2.685e+11
     163.1  2.717e+11
     165.1  2.748e+11
     167.1  2.778e+11
     169.1  2.816e+11
     171.1  2.857e+11
     173.1  2.896e+11
     175.1  2.926e+11
     177.1  2.955e+11
     179.1  2.977e+11
     181.1      3e+11
     183.1   3.02e+11
     185.1  3.043e+11
     187.1  3.066e+11
     189.1  3.089e+11
     191.1  3.116e+11
     193.1  3.152e+11
     195.1    3.2e+11
     197.1  3.229e+11
     199.1  3.248e+11
     201.1  3.264e+11
     203.1   3.28e+11
     205.1  3.294e+11
     207.1  3.311e+11
     209.1  3.324e+11
     211.1  3.335e+11
     213.1  3.346e+11
     215.1  3.356e+11
     217.1  3.371e+11
     219.1  3.383e+11
     221.1  3.397e+11
     223.1  3.411e+11
     225.1  3.428e+11
     227.1   3.44e+11
     229.1  3.452e+11
     231.1  3.464e+11
     233.1  3.477e+11
     235.1  3.489e+11
     237.1  3.499e+11
     239.1  3.509e+11
     241.1  3.519e+11
     243.1  3.531e+11
     245.1   3.54e+11
     247.1  3.549e+11
     249.1  3.555e+11
     251.1  3.562e+11
     253.1  3.569e+11
     255.1  3.576e+11
     257.1  3.584e+11
     259.1  3.587e+11
     261.1  3.591e+11
     263.1  3.594e+11
     265.1  3.596e+11
     267.1  3.598e+11
     269.1    3.6e+11
     271.1  3.601e+11
     273.1  3.602e+11
     275.1  3.603e+11
     277.1  3.604e+11
     279.1  3.605e+11
     281.1  3.605e+11
     283.1  3.606e+11
     285.1  3.607e+11
     287.1  3.607e+11
     289.1  3.607e+11
     291.1  3.607e+11
     293.1  3.607e+11
     295.1  3.607e+11
     297.1  3.608e+11
     299.1  3.608e+11
     301.1  3.608e+11
     303.1  3.608e+11
     305.1  3.608e+11
     307.1   3.61e+11
     309.1   3.61e+11
     311.1  3.611e+11
     313.1  3.611e+11
     315.1  3.611e+11
     317.1  3.611e+11
     319.1  3.611e+11
     321.1  3.611e+11
     323.1  3.611e+11
     325.1  3.611e+11
     327.1  3.611e+11
     329.1  3.611e+11
     331.1  3.611e+11
     333.1  3.611e+11
     335.1  3.611e+11
     337.1  3.611e+11
     339.1  3.611e+11
     341.1  3.611e+11
     343.1  3.611e+11
     345.2  3.611e+11
     347.2  3.611e+11
     349.2  3.611e+11
     351.2  3.611e+11
