         1      18.09
     3.001      20.65
     5.002      21.32
     7.003      21.99
     9.004       22.3
        11      22.08
     13.01      22.14
     15.01      22.71
     17.01      22.76
     19.01      22.62
     21.01      22.74
     23.01      23.14
     25.01      23.48
     27.01      23.24
     29.01      23.52
     31.01       23.4
     33.01      23.72
     35.02      23.18
     37.02      23.98
     39.02      25.55
     41.02      25.42
     43.02      25.42
     45.02      24.87
     47.02      26.34
     49.02       27.9
     51.02      28.29
     53.02       28.8
     55.02      28.83
     57.02      28.15
     59.03      28.72
     61.03      29.23
     63.03      29.68
     65.03      29.27
     67.03      29.57
     69.03      31.63
     71.03      32.21
     73.03      34.03
     75.03      33.56
     77.03      32.69
     79.03      32.49
     81.04      33.89
     83.04      34.25
     85.04       34.4
     87.04      34.28
     89.04      34.21
     91.04      33.77
     93.04      34.51
     95.04      35.05
     97.04      35.18
     99.04         36
       101      36.26
       103      35.83
       105      36.22
       107      35.48
       109      34.78
       111      35.03
       113      34.25
     115.1      34.28
     117.1      34.79
     119.1      35.04
     121.1      34.75
     123.1      34.58
     125.1      34.82
     127.1      35.85
     129.1      36.65
     131.1      37.79
     133.1      38.59
     135.1      38.63
     137.1      39.28
     139.1      39.81
     141.1      39.59
     143.1       39.1
     145.1      38.58
     147.1      38.86
     149.1      39.36
     151.1      40.43
     153.1      40.87
     155.1      40.44
     157.1      40.63
     159.1       40.8
     161.1      41.63
     163.1      41.64
     165.1      41.39
     167.1      41.14
     169.1       41.1
     171.1      41.45
     173.1      41.23
     175.1      41.56
     177.1      41.97
     179.1      42.19
     181.1      42.02
     183.1      42.41
     185.1      42.79
     187.1      43.17
     189.1      43.07
     191.1      43.33
     193.1      42.85
     195.1      42.92
     197.1      42.72
     199.1      42.87
     201.1      43.53
     203.1      43.63
     205.1      43.39
     207.1       43.9
     209.1      44.39
     211.1      44.92
     213.1      44.97
     215.1      44.98
     217.1      45.07
     219.1      45.04
     221.1      44.87
     223.1      44.45
     225.1      44.66
     227.1      44.79
     229.1      44.54
     231.1       44.3
     233.1      44.58
     235.1      45.29
     237.1      45.77
     239.1      45.25
     241.1      45.12
     243.1      45.15
     245.1       45.5
     247.1      45.64
     249.1         46
     251.1      45.75
     253.1      46.29
     255.1      45.91
     257.1      46.12
     259.1      46.35
     261.1      46.53
     263.1      46.77
     265.1      47.34
     267.1      47.48
     269.1      47.87
     271.1      47.97
     273.1      48.02
     275.1      48.48
     277.1      48.84
     279.1      48.93
     281.1       48.7
     283.1      48.54
     285.1         49
     287.1      49.61
     289.1      49.82
     291.1         50
     293.1      49.76
     295.1      49.67
     297.1      49.66
     299.1      49.55
     301.1      49.64
     303.1      49.03
     305.1      48.32
     307.1       48.2
     309.1      48.45
     311.1      49.08
     313.1      49.48
     315.1         50
     317.1       49.9
     319.1      49.31
     321.1      49.45
     323.1      49.25
     325.1         50
     327.1         50
     329.1         50
     331.1      49.82
     333.1      48.96
     335.1      48.84
     337.1      48.92
     339.1         50
     341.1         50
     343.1         50
     345.2         50
     347.2         50
     349.2         50
     351.2         50
