         1  6.204e+10
     3.001  3.702e+11
     5.001  6.277e+11
     7.002  8.392e+11
     9.002  1.013e+12
        11  1.165e+12
        13  1.307e+12
        15  1.444e+12
        17  1.561e+12
     19.01  1.671e+12
     21.01  1.769e+12
     23.01   1.86e+12
     25.01  1.945e+12
     27.01  2.023e+12
     29.01  2.095e+12
     31.01  2.162e+12
     33.01  2.227e+12
     35.01  2.288e+12
     37.01  2.345e+12
     39.01  2.398e+12
     41.01  2.449e+12
     43.01  2.495e+12
     45.01  2.542e+12
     47.01  2.586e+12
     49.01  2.628e+12
     51.01  2.668e+12
     53.01  2.707e+12
     55.02  2.744e+12
     57.02  2.778e+12
     59.02  2.813e+12
     61.02  2.847e+12
     63.02   2.88e+12
     65.02  2.912e+12
     67.02  2.947e+12
     69.02  2.979e+12
     71.02  3.009e+12
     73.02  3.041e+12
     75.02  3.069e+12
     77.02  3.097e+12
     79.02  3.124e+12
     81.02  3.148e+12
     83.02  3.174e+12
     85.02  3.197e+12
     87.02  3.222e+12
     89.02  3.245e+12
     91.03  3.266e+12
     93.03  3.288e+12
     95.03   3.31e+12
     97.03  3.335e+12
     99.03  3.365e+12
       101  3.411e+12
       103   3.45e+12
       105  3.477e+12
       107  3.498e+12
       109  3.517e+12
       111  3.536e+12
       113  3.553e+12
       115   3.57e+12
       117  3.586e+12
       119  3.603e+12
       121   3.62e+12
       123  3.636e+12
       125  3.651e+12
       127  3.666e+12
       129   3.68e+12
       131  3.695e+12
       133   3.71e+12
       135  3.724e+12
       137  3.737e+12
       139   3.75e+12
       141  3.763e+12
       143  3.774e+12
       145  3.785e+12
       147  3.797e+12
       149  3.808e+12
       151  3.818e+12
       153  3.829e+12
       155   3.84e+12
       157  3.852e+12
       159  3.863e+12
       161  3.873e+12
       163  3.885e+12
       165  3.899e+12
       167  3.918e+12
       169  3.943e+12
       171  3.977e+12
       173  4.009e+12
       175  4.032e+12
       177  4.048e+12
       179  4.059e+12
       181  4.068e+12
     183.1  4.078e+12
     185.1  4.086e+12
     187.1  4.094e+12
     189.1  4.101e+12
     191.1  4.109e+12
     193.1  4.115e+12
     195.1  4.122e+12
     197.1   4.13e+12
     199.1  4.138e+12
     201.1  4.144e+12
     203.1   4.15e+12
     205.1  4.156e+12
     207.1  4.162e+12
     209.1  4.167e+12
     211.1  4.172e+12
     213.1  4.178e+12
     215.1  4.184e+12
     217.1  4.189e+12
     219.1  4.195e+12
     221.1    4.2e+12
     223.1  4.205e+12
     225.1  4.211e+12
     227.1  4.216e+12
     229.1  4.222e+12
     231.1  4.228e+12
     233.1  4.235e+12
     235.1  4.245e+12
     237.1  4.258e+12
     239.1   4.27e+12
     241.1  4.279e+12
     243.1  4.287e+12
     245.1  4.292e+12
     247.1  4.297e+12
     249.1  4.303e+12
     251.1  4.308e+12
     253.1  4.313e+12
     255.1  4.316e+12
     257.1  4.321e+12
     259.1  4.325e+12
     261.1  4.329e+12
     263.1  4.333e+12
     265.1  4.338e+12
     267.1  4.348e+12
     269.1  4.365e+12
     271.1  4.384e+12
     273.1    4.4e+12
     275.1  4.409e+12
     277.1  4.414e+12
     279.1  4.417e+12
     281.1   4.42e+12
     283.1  4.422e+12
     285.1  4.425e+12
     287.1  4.427e+12
     289.1   4.43e+12
     291.1  4.432e+12
     293.1  4.435e+12
     295.1   4.44e+12
     297.1  4.446e+12
     299.1  4.455e+12
     301.1  4.461e+12
     303.1  4.463e+12
     305.1  4.465e+12
     307.1  4.466e+12
     309.1  4.468e+12
     311.1  4.468e+12
     313.1  4.469e+12
     315.1   4.47e+12
     317.1  4.471e+12
     319.1  4.471e+12
     321.1  4.472e+12
     323.1  4.472e+12
     325.1  4.473e+12
     327.1  4.473e+12
     329.1  4.473e+12
     331.1  4.473e+12
     333.1  4.474e+12
     335.1  4.474e+12
     337.1  4.474e+12
     339.1  4.474e+12
     341.1  4.474e+12
     343.1  4.475e+12
     345.1  4.475e+12
     347.1  4.475e+12
     349.1  4.475e+12
     351.1  4.475e+12
