     2.001  8.059e+10
     6.003  2.285e+11
        10  3.284e+11
     14.01  4.237e+11
     18.01  4.892e+11
     22.01  5.525e+11
     26.01  5.953e+11
     30.01  6.439e+11
     34.01  6.991e+11
     38.02  7.363e+11
     42.02   7.72e+11
     46.02  8.296e+11
     50.02  8.858e+11
     54.02  9.582e+11
     58.03  1.024e+12
     62.03  1.059e+12
     66.03  1.109e+12
     70.03  1.156e+12
     74.03  1.244e+12
     78.03  1.292e+12
     82.04  1.319e+12
     86.04  1.355e+12
     90.04  1.383e+12
     94.04  1.425e+12
     98.04  1.473e+12
       102  1.497e+12
       106  1.517e+12
       110  1.531e+12
       114  1.543e+12
     118.1  1.554e+12
     122.1  1.568e+12
     126.1  1.603e+12
     130.1  1.616e+12
     134.1  1.632e+12
     138.1  1.648e+12
     142.1  1.678e+12
     146.1    1.7e+12
     150.1   1.71e+12
     154.1  1.724e+12
     158.1  1.737e+12
     162.1  1.779e+12
     166.1  1.804e+12
     170.1  1.815e+12
     174.1  1.844e+12
     178.1  1.857e+12
     182.1  1.882e+12
     186.1  1.907e+12
     190.1  1.919e+12
     194.1  1.935e+12
     198.1   1.97e+12
     202.1  1.979e+12
     206.1  1.986e+12
     210.1  1.991e+12
     214.1  1.997e+12
     218.1  2.006e+12
     222.1   2.02e+12
     226.1  2.062e+12
     230.1    2.1e+12
     234.1   2.11e+12
     238.1  2.115e+12
     242.1  2.121e+12
     246.1  2.133e+12
     250.1  2.175e+12
     254.1  2.199e+12
     258.1  2.212e+12
     262.1  2.218e+12
     266.1   2.22e+12
     270.1  2.222e+12
     274.1  2.231e+12
     278.1  2.254e+12
     282.1  2.256e+12
     286.1  2.257e+12
     290.1  2.257e+12
     294.1  2.258e+12
     298.1  2.259e+12
     302.1  2.259e+12
     306.1   2.26e+12
     310.1   2.26e+12
     314.1   2.26e+12
     318.1   2.26e+12
     322.1   2.26e+12
     326.1   2.26e+12
     330.1  2.261e+12
     334.1  2.261e+12
     338.1  2.261e+12
     342.1  2.261e+12
     346.2  2.261e+12
     350.2  2.261e+12
