         1      16.48
     3.001         18
     5.002      18.98
     7.003      19.32
     9.004      19.47
        11      19.77
     13.01      20.09
     15.01      20.35
     17.01      20.54
     19.01      20.71
     21.01      20.99
     23.01      21.16
     25.01      21.32
     27.01      21.31
     29.01      21.42
     31.01      21.58
     33.01       21.8
     35.02      21.94
     37.02      21.95
     39.02      22.07
     41.02      22.18
     43.02      22.12
     45.02      22.04
     47.02      21.96
     49.02      22.01
     51.02      22.15
     53.02       22.3
     55.02       22.5
     57.02      22.74
     59.03      22.88
     61.03      23.17
     63.03      23.39
     65.03      23.35
     67.03      23.43
     69.03      23.34
     71.03      23.35
     73.03      23.35
     75.03      23.68
     77.03       23.8
     79.03      23.49
     81.04      23.76
     83.04      24.01
     85.04      24.49
     87.04      24.18
     89.04      24.57
     91.04      24.62
     93.04      24.91
     95.04       25.2
     97.04      25.12
     99.04      25.11
       101      25.08
       103      25.22
       105      26.18
       107      26.14
       109      26.08
       111      25.76
       113      26.25
     115.1      26.64
     117.1       26.7
     119.1      27.02
     121.1      27.86
     123.1      28.48
     125.1      29.31
     127.1      29.16
     129.1      28.52
     131.1      27.96
     133.1      28.86
     135.1      28.32
     137.1      29.56
     139.1      29.86
     141.1      30.07
     143.1      29.99
     145.1      30.49
     147.1      31.03
     149.1      30.97
     151.1      31.37
     153.1      31.57
     155.1      31.44
     157.1      31.59
     159.1      31.76
     161.1       31.4
     163.1      31.79
     165.1      31.47
     167.1      31.93
     169.1      33.21
     171.1      34.39
     173.1      34.13
     175.1      33.61
     177.1      33.47
     179.1      35.01
     181.1      35.99
     183.1      36.61
     185.1      36.52
     187.1      36.18
     189.1      36.67
     191.1      37.13
     193.1      36.61
     195.1      36.53
     197.1      36.63
     199.1      36.96
     201.1      37.96
     203.1      37.85
     205.1      37.64
     207.1      37.45
     209.1      37.11
     211.1      37.16
     213.1      38.15
     215.1       37.7
     217.1      38.88
     219.1      38.56
     221.1       38.4
     223.1      38.95
     225.1      39.05
     227.1      39.63
     229.1      39.44
     231.1      39.83
     233.1      40.15
     235.1      39.84
     237.1      39.57
     239.1      39.82
     241.1      39.84
     243.1      40.07
     245.1      40.19
     247.1      40.34
     249.1      40.74
     251.1       40.8
     253.1      41.33
     255.1      41.73
     257.1      41.52
     259.1      41.34
     261.1      42.12
     263.1       42.5
     265.1      43.07
     267.1      44.05
     269.1      43.96
     271.1      43.92
     273.1      43.31
     275.1      43.31
     277.1      43.72
     279.1      43.48
     281.1      44.34
     283.1       44.8
     285.1      45.22
     287.1       45.7
     289.1      45.79
     291.1       45.9
     293.1      44.88
     295.1      45.28
     297.1      45.79
     299.1      47.04
     301.1      47.03
     303.1      46.82
     305.1      46.75
     307.1      46.73
     309.1      46.92
     311.1      47.38
     313.1      47.36
     315.1      48.96
     317.1      49.48
     319.1      48.63
     321.1      48.94
     323.1      48.31
     325.1      49.16
     327.1      49.33
     329.1      48.15
     331.1      48.24
     333.1      48.31
     335.1       48.6
     337.1      47.85
     339.1      47.95
     341.1      48.09
     343.1      48.93
     345.2         50
     347.2         50
     349.2         50
     351.2         50
