         1  1.006e+10
     3.001  4.136e+10
     5.002  7.503e+10
     7.003  1.072e+11
     9.004  1.424e+11
        11  1.747e+11
     13.01  2.064e+11
     15.01  2.372e+11
     17.01  2.663e+11
     19.01  2.978e+11
     21.01  3.277e+11
     23.01  3.586e+11
     25.01   3.84e+11
     27.01  4.052e+11
     29.01  4.246e+11
     31.01  4.437e+11
     33.01  4.628e+11
     35.01  4.864e+11
     37.01  5.186e+11
     39.02  5.429e+11
     41.02  5.593e+11
     43.02  5.729e+11
     45.02  5.908e+11
     47.02  6.089e+11
     49.02  6.293e+11
     51.02  6.438e+11
     53.02  6.555e+11
     55.02   6.67e+11
     57.02  6.774e+11
     59.02  6.883e+11
     61.02  6.972e+11
     63.02  7.071e+11
     65.03  7.166e+11
     67.03  7.245e+11
     69.03  7.335e+11
     71.03  7.446e+11
     73.03  7.531e+11
     75.03  7.598e+11
     77.03   7.67e+11
     79.03   7.74e+11
     81.03  7.802e+11
     83.03  7.855e+11
     85.03   7.91e+11
     87.03  7.977e+11
     89.04  8.037e+11
     91.04  8.095e+11
     93.04  8.166e+11
     95.04  8.234e+11
     97.04  8.369e+11
     99.04  8.654e+11
       101  8.838e+11
       103   8.93e+11
       105  8.992e+11
       107  9.041e+11
       109  9.083e+11
       111  9.133e+11
       113  9.187e+11
       115   9.23e+11
       117  9.273e+11
       119  9.313e+11
       121  9.353e+11
       123  9.397e+11
       125  9.446e+11
     127.1  9.522e+11
     129.1  9.708e+11
     131.1  9.803e+11
     133.1  9.875e+11
     135.1  1.002e+12
     137.1   1.02e+12
     139.1  1.037e+12
     141.1  1.064e+12
     143.1  1.089e+12
     145.1  1.102e+12
     147.1  1.109e+12
     149.1  1.117e+12
     151.1  1.125e+12
     153.1  1.142e+12
     155.1  1.151e+12
     157.1  1.155e+12
     159.1  1.159e+12
     161.1  1.162e+12
     163.1  1.165e+12
     165.1  1.168e+12
     167.1   1.17e+12
     169.1  1.173e+12
     171.1  1.176e+12
     173.1  1.178e+12
     175.1  1.181e+12
     177.1  1.184e+12
     179.1  1.187e+12
     181.1  1.189e+12
     183.1  1.192e+12
     185.1  1.195e+12
     187.1  1.198e+12
     189.1    1.2e+12
     191.1  1.202e+12
     193.1  1.205e+12
     195.1  1.207e+12
     197.1   1.21e+12
     199.1  1.213e+12
     201.1  1.218e+12
     203.1  1.225e+12
     205.1  1.228e+12
     207.1   1.23e+12
     209.1  1.232e+12
     211.1  1.234e+12
     213.1  1.236e+12
     215.1  1.238e+12
     217.1   1.24e+12
     219.1  1.243e+12
     221.1  1.247e+12
     223.1  1.252e+12
     225.1  1.257e+12
     227.1  1.268e+12
     229.1  1.278e+12
     231.1  1.281e+12
     233.1  1.283e+12
     235.1  1.285e+12
     237.1  1.286e+12
     239.1  1.288e+12
     241.1   1.29e+12
     243.1  1.291e+12
     245.1  1.293e+12
     247.1  1.294e+12
     249.1  1.296e+12
     251.1  1.298e+12
     253.1    1.3e+12
     255.1  1.307e+12
     257.1  1.319e+12
     259.1  1.323e+12
     261.1  1.325e+12
     263.1  1.326e+12
     265.1  1.327e+12
     267.1  1.328e+12
     269.1  1.328e+12
     271.1  1.329e+12
     273.1   1.33e+12
     275.1   1.33e+12
     277.1  1.331e+12
     279.1  1.331e+12
     281.1  1.332e+12
     283.1  1.332e+12
     285.1  1.333e+12
     287.1  1.334e+12
     289.1  1.335e+12
     291.1  1.337e+12
     293.1  1.339e+12
     295.1  1.343e+12
     297.1  1.346e+12
     299.1  1.348e+12
     301.1  1.349e+12
     303.1  1.349e+12
     305.1   1.35e+12
     307.1   1.35e+12
     309.1   1.35e+12
     311.1   1.35e+12
     313.1  1.351e+12
     315.1  1.352e+12
     317.1  1.352e+12
     319.1  1.354e+12
     321.1  1.359e+12
     323.1   1.37e+12
     325.1  1.373e+12
     327.1  1.373e+12
     329.1  1.373e+12
     331.1  1.373e+12
     333.1  1.373e+12
     335.1  1.373e+12
     337.1  1.373e+12
     339.1  1.373e+12
     341.1  1.373e+12
     343.1  1.373e+12
     345.1  1.373e+12
     347.1  1.373e+12
     349.1  1.373e+12
     351.1  1.373e+12
