     2.001      18.68
     6.002       20.3
        10       20.8
     14.01      21.21
     18.01      21.47
     22.01      21.68
     26.01      22.03
     30.01      22.34
     34.01      22.51
     38.02      22.77
     42.02         23
     46.02      23.06
     50.02      23.38
     54.02      23.63
     58.02      23.83
     62.02      24.07
     66.03      24.33
     70.03      24.59
     74.03      24.76
     78.03      24.97
     82.03      25.25
     86.03      25.13
     90.04      25.22
     94.04      25.51
     98.04      25.24
       102      25.66
       106      26.12
       110      26.62
       114       27.1
       118      28.18
       122      27.64
       126      27.82
     130.1      27.35
     134.1      27.83
     138.1      28.79
     142.1      28.68
     146.1      29.45
     150.1      29.62
     154.1      29.76
     158.1      30.58
     162.1      31.25
     166.1      32.41
     170.1       32.3
     174.1      32.55
     178.1      32.85
     182.1      33.53
     186.1      34.75
     190.1      35.42
     194.1      35.26
     198.1      35.83
     202.1      37.05
     206.1      38.58
     210.1      38.54
     214.1      38.15
     218.1      38.83
     222.1      40.02
     226.1      41.11
     230.1         41
     234.1       40.1
     238.1      40.41
     242.1      41.97
     246.1      41.73
     250.1      42.91
     254.1      43.02
     258.1       43.2
     262.1       43.9
     266.1      43.52
     270.1      42.67
     274.1      43.55
     278.1      44.22
     282.1      43.98
     286.1      43.05
     290.1      43.38
     294.1      44.41
     298.1      45.02
     302.1      45.18
     306.1      44.62
     310.1      44.18
     314.1      43.84
     318.1      45.11
     322.1      44.84
     326.1      45.43
     330.1      47.37
     334.1      46.69
     338.1      47.87
     342.1      48.62
     346.1         50
     350.1         50
