     2.001  1.848e+10
     6.002  8.259e+10
        10  1.767e+11
        14  2.797e+11
        18  3.813e+11
     22.01  4.832e+11
     26.01  5.877e+11
     30.01  6.909e+11
     34.01  7.987e+11
     38.01   9.01e+11
     42.01  9.952e+11
     46.01  1.081e+12
     50.01  1.159e+12
     54.01  1.234e+12
     58.02    1.3e+12
     62.02  1.363e+12
     66.02  1.424e+12
     70.02  1.481e+12
     74.02   1.54e+12
     78.02  1.597e+12
     82.02  1.648e+12
     86.02  1.696e+12
     90.02  1.745e+12
     94.03  1.792e+12
     98.03  1.839e+12
       102  1.884e+12
       106  1.925e+12
       110  1.964e+12
       114  1.999e+12
       118  2.039e+12
       122  2.076e+12
       126   2.11e+12
       130  2.146e+12
       134  2.182e+12
       138   2.22e+12
       142  2.254e+12
       146  2.289e+12
       150  2.321e+12
       154  2.351e+12
       158  2.384e+12
       162  2.413e+12
       166  2.441e+12
       170   2.47e+12
       174    2.5e+12
       178  2.528e+12
     182.1  2.554e+12
     186.1  2.579e+12
     190.1  2.605e+12
     194.1  2.631e+12
     198.1  2.657e+12
     202.1  2.681e+12
     206.1  2.704e+12
     210.1  2.727e+12
     214.1  2.748e+12
     218.1  2.771e+12
     222.1  2.792e+12
     226.1  2.814e+12
     230.1  2.836e+12
     234.1   2.86e+12
     238.1  2.886e+12
     242.1   2.91e+12
     246.1  2.931e+12
     250.1  2.953e+12
     254.1  2.969e+12
     258.1  2.982e+12
     262.1  2.995e+12
     266.1  3.008e+12
     270.1  3.019e+12
     274.1  3.027e+12
     278.1  3.034e+12
     282.1  3.041e+12
     286.1  3.047e+12
     290.1  3.052e+12
     294.1  3.057e+12
     298.1  3.061e+12
     302.1  3.064e+12
     306.1  3.066e+12
     310.1  3.068e+12
     314.1   3.07e+12
     318.1  3.072e+12
     322.1  3.074e+12
     326.1  3.075e+12
     330.1  3.076e+12
     334.1  3.077e+12
     338.1  3.077e+12
     342.1  3.078e+12
     346.1  3.078e+12
     350.1  3.078e+12
