     2.001      20.64
     6.002      20.89
        10      21.19
        14       21.4
        18      21.59
     22.01      21.66
     26.01      21.85
     30.01      22.08
     34.01      22.28
     38.01      22.34
     42.01       22.7
     46.01      22.87
     50.01      23.02
     54.01      23.14
     58.02       23.4
     62.02      23.57
     66.02       23.7
     70.02      23.83
     74.02      23.96
     78.02      24.02
     82.02      24.17
     86.02      24.29
     90.02      24.31
     94.03      24.36
     98.03      24.49
       102      24.61
       106      24.84
       110       24.9
       114      24.95
       118         25
       122      25.14
       126      25.15
       130       25.3
       134      25.29
       138      25.32
       142      25.48
       146      25.63
       150       25.8
       154      25.75
       158      25.79
       162      26.08
       166      26.21
       170      26.17
       174      26.09
       178      26.29
     182.1      26.52
     186.1      26.51
     190.1      26.71
     194.1      27.05
     198.1      26.88
     202.1       27.1
     206.1      27.35
     210.1      27.41
     214.1      27.43
     218.1      27.49
     222.1       28.2
     226.1       28.2
     230.1      28.05
     234.1      28.27
     238.1       28.6
     242.1      28.64
     246.1      28.59
     250.1      28.97
     254.1      28.87
     258.1      28.83
     262.1      28.76
     266.1      29.14
     270.1      29.47
     274.1      30.28
     278.1      30.58
     282.1      30.81
     286.1      30.75
     290.1      30.51
     294.1      30.62
     298.1      31.68
     302.1      32.65
     306.1      33.78
     310.1      33.61
     314.1      34.19
     318.1      34.01
     322.1      34.32
     326.1      35.46
     330.1      35.48
     334.1      36.94
     338.1      38.61
     342.1      39.92
     346.1      36.69
     350.1       38.4
