     1.006  8.614e+09
     3.019  2.956e+10
     5.032  4.458e+10
     7.044  5.909e+10
     9.057  7.065e+10
     11.07   7.91e+10
     13.08   8.53e+10
      15.1  9.112e+10
     17.11  9.641e+10
     19.12  1.007e+11
     21.13  1.046e+11
     23.15  1.072e+11
     25.16  1.095e+11
     27.17  1.119e+11
     29.18  1.138e+11
      31.2  1.164e+11
     33.21  1.182e+11
     35.22  1.199e+11
     37.24  1.212e+11
     39.25  1.224e+11
     41.26  1.238e+11
     43.27  1.249e+11
     45.29  1.259e+11
      47.3  1.267e+11
     49.31  1.276e+11
     51.32  1.287e+11
     53.34  1.305e+11
     55.35  1.322e+11
     57.36  1.339e+11
     59.38  1.365e+11
     61.39  1.384e+11
      63.4  1.401e+11
     65.41  1.414e+11
     67.43  1.424e+11
     69.44  1.435e+11
     71.45  1.442e+11
     73.46   1.45e+11
     75.48   1.46e+11
     77.49  1.483e+11
      79.5  1.492e+11
     81.51  1.499e+11
     83.53  1.505e+11
     85.54  1.514e+11
     87.55  1.518e+11
     89.57  1.523e+11
     91.58  1.527e+11
     93.59  1.531e+11
      95.6  1.535e+11
     97.62  1.539e+11
     99.63  1.543e+11
     101.6  1.546e+11
     103.7  1.549e+11
     105.7  1.551e+11
     107.7  1.554e+11
     109.7  1.556e+11
     111.7  1.559e+11
     113.7  1.563e+11
     115.7  1.567e+11
     117.7  1.571e+11
     119.8  1.573e+11
     121.8  1.576e+11
     123.8  1.579e+11
     125.8  1.585e+11
     127.8  1.591e+11
     129.8  1.599e+11
     131.8    1.6e+11
     133.8  1.602e+11
     135.9  1.605e+11
     137.9  1.607e+11
     139.9  1.609e+11
     141.9  1.609e+11
     143.9   1.61e+11
     145.9  1.614e+11
     147.9  1.617e+11
     149.9  1.618e+11
       152  1.619e+11
       154  1.619e+11
       156  1.619e+11
       158   1.62e+11
       160  1.621e+11
       162  1.622e+11
       164  1.622e+11
       166  1.624e+11
     168.1  1.625e+11
     170.1  1.627e+11
     172.1  1.628e+11
     174.1   1.63e+11
     176.1   1.63e+11
     178.1  1.631e+11
     180.1  1.631e+11
     182.2  1.631e+11
     184.2  1.631e+11
     186.2  1.632e+11
     188.2  1.633e+11
     190.2  1.633e+11
     192.2  1.633e+11
     194.2  1.633e+11
     196.2  1.634e+11
     198.3  1.634e+11
     200.3  1.634e+11
     202.3  1.634e+11
     204.3  1.634e+11
     206.3  1.634e+11
     208.3  1.634e+11
     210.3  1.634e+11
     212.3  1.635e+11
     214.4  1.635e+11
     216.4  1.635e+11
     218.4  1.635e+11
     220.4  1.635e+11
     222.4  1.635e+11
     224.4  1.635e+11
     226.4  1.635e+11
     228.4  1.635e+11
     230.5  1.635e+11
     232.5  1.635e+11
     234.5  1.635e+11
     236.5  1.635e+11
     238.5  1.635e+11
     240.5  1.635e+11
     242.5  1.635e+11
     244.5  1.635e+11
     246.6  1.635e+11
     248.6  1.635e+11
     250.6  1.635e+11
     252.6  1.635e+11
     254.6  1.635e+11
     256.6  1.635e+11
     258.6  1.635e+11
     260.6  1.635e+11
     262.7  1.635e+11
     264.7  1.635e+11
     266.7  1.635e+11
     268.7  1.635e+11
     270.7  1.635e+11
     272.7  1.635e+11
     274.7  1.635e+11
     276.7  1.635e+11
     278.8  1.635e+11
     280.8  1.635e+11
     282.8  1.635e+11
     284.8  1.635e+11
     286.8  1.635e+11
     288.8  1.635e+11
     290.8  1.635e+11
     292.8  1.635e+11
     294.9  1.635e+11
     296.9  1.635e+11
