     1.006      18.49
     3.019      19.66
     5.032      20.37
     7.044      20.81
     9.057      21.41
     11.07      22.13
     13.08      22.37
      15.1      22.68
     17.11       23.2
     19.12      23.48
     21.13      23.93
     23.15      24.65
     25.16      25.67
     27.17       26.2
     29.18      27.09
      31.2      27.73
     33.21      29.22
     35.22      32.26
     37.24      32.94
     39.25       33.7
     41.26         34
     43.27      34.71
     45.29       36.4
      47.3      37.42
     49.31      37.92
     51.32      36.62
     53.34      36.05
     55.35      36.75
     57.36      36.47
     59.38      37.15
     61.39      38.68
      63.4       38.6
     65.41      39.21
     67.43      40.48
     69.44      41.94
     71.45       41.9
     73.46       41.3
     75.48      41.34
     77.49      41.58
      79.5      43.47
     81.51      43.53
     83.53      43.91
     85.54      44.69
     87.55      45.97
     89.57      46.23
     91.58      46.08
     93.59      45.91
      95.6      45.98
     97.62      46.72
     99.63      46.96
     101.6      47.46
     103.7      47.45
     105.7      47.75
     107.7      47.98
     109.7       47.6
     111.7      47.39
     113.7      47.76
     115.7      47.78
     117.7      48.16
     119.8      48.24
     121.8      48.33
     123.8      48.19
     125.8         48
     127.8      47.81
     129.8      48.48
     131.8      48.65
     133.8      48.69
     135.9      48.36
     137.9      48.55
     139.9      48.77
     141.9      48.91
     143.9      48.98
     145.9      48.95
     147.9      49.21
     149.9      49.32
       152       49.5
       154      49.72
       156      49.57
       158      49.44
       160      49.32
       162      49.14
       164      49.03
       166       49.1
     168.1         49
     170.1      49.15
     172.1      49.16
     174.1      49.14
     176.1      49.52
     178.1      49.78
     180.1      49.78
     182.2      49.74
     184.2      49.61
     186.2      49.59
     188.2      49.59
     190.2      49.75
     192.2      49.82
     194.2      49.88
     196.2      49.83
     198.3      49.85
     200.3      49.95
     202.3         50
     204.3         50
     206.3         50
     208.3      49.98
     210.3      49.88
     212.3         50
     214.4         50
     216.4         50
     218.4         50
     220.4         50
     222.4         50
     224.4         50
     226.4         50
     228.4         50
     230.5         50
     232.5         50
     234.5         50
     236.5         50
     238.5         50
     240.5         50
     242.5         50
     244.5         50
     246.6         50
     248.6         50
     250.6         50
     252.6         50
     254.6         50
     256.6         50
     258.6         50
     260.6         50
     262.7         50
     264.7         50
     266.7         50
     268.7         50
     270.7         50
     272.7         50
     274.7         50
     276.7         50
     278.8         50
     280.8         50
     282.8         50
     284.8         50
     286.8         50
     288.8         50
     290.8         50
     292.8         50
     294.9         50
     296.9         50
