         1      16.71
     3.001      19.66
     5.002      20.18
     7.003      20.42
     9.004      20.65
        11      20.93
     13.01      21.12
     15.01       21.3
     17.01      21.47
     19.01      21.54
     21.01      21.61
     23.01      21.84
     25.01      21.96
     27.01      22.12
     29.01      22.26
     31.01      22.42
     33.01      22.49
     35.01      22.61
     37.01      22.78
     39.02      22.83
     41.02      22.98
     43.02      23.06
     45.02      23.06
     47.02      23.14
     49.02      23.33
     51.02      23.48
     53.02      23.55
     55.02       23.7
     57.02      23.75
     59.02      23.91
     61.02      24.03
     63.02      24.11
     65.03      24.29
     67.03       24.4
     69.03      24.57
     71.03      24.69
     73.03      24.76
     75.03       24.8
     77.03      25.06
     79.03      24.93
     81.03      25.23
     83.03       25.3
     85.03      25.18
     87.03       25.1
     89.04      25.24
     91.04      25.31
     93.04      25.47
     95.04       25.7
     97.04      25.36
     99.04      25.38
       101       25.8
       103      25.66
       105      26.01
       107      26.28
       109      26.42
       111      26.81
       113      26.86
       115      27.33
       117      28.26
       119      28.22
       121       28.1
       123      27.65
       125      28.14
     127.1      27.78
     129.1      27.78
     131.1       27.4
     133.1      27.79
     135.1      28.42
     137.1      29.07
     139.1      29.34
     141.1      28.87
     143.1      29.48
     145.1      29.47
     147.1      30.13
     149.1      29.83
     151.1      30.08
     153.1      29.95
     155.1      29.97
     157.1      30.35
     159.1      31.27
     161.1      30.98
     163.1      31.84
     165.1       32.6
     167.1      32.45
     169.1      31.91
     171.1      32.77
     173.1      32.85
     175.1      32.39
     177.1      32.88
     179.1      33.57
     181.1         34
     183.1      34.31
     185.1       35.2
     187.1      35.31
     189.1      36.11
     191.1      36.12
     193.1      35.79
     195.1      35.68
     197.1       36.1
     199.1      36.32
     201.1      37.27
     203.1      37.52
     205.1      38.74
     207.1      39.34
     209.1      39.22
     211.1      38.47
     213.1      38.37
     215.1      38.75
     217.1      39.23
     219.1      39.79
     221.1      39.67
     223.1      40.79
     225.1      41.51
     227.1      41.51
     229.1      41.64
     231.1      41.57
     233.1      41.09
     235.1      39.98
     237.1      40.31
     239.1      41.34
     241.1      42.16
     243.1      42.43
     245.1      41.87
     247.1      42.16
     249.1      43.27
     251.1      43.29
     253.1       43.5
     255.1      43.15
     257.1       43.4
     259.1      43.54
     261.1      44.29
     263.1      44.22
     265.1      44.61
     267.1      43.69
     269.1      43.44
     271.1      43.07
     273.1      43.95
     275.1      43.92
     277.1      44.61
     279.1      44.75
     281.1      44.71
     283.1      44.21
     285.1      44.18
     287.1      43.72
     289.1      44.08
     291.1      44.41
     293.1      45.23
     295.1      45.29
     297.1       45.5
     299.1       45.6
     301.1      45.57
     303.1       45.6
     305.1      44.49
     307.1      45.79
     309.1      46.57
     311.1      45.38
     313.1      45.99
     315.1      46.05
     317.1      46.72
     319.1       47.1
     321.1      46.85
     323.1      47.22
     325.1      46.48
     327.1      47.49
     329.1      48.13
     331.1      47.78
     333.1      46.61
     335.1      46.83
     337.1      47.24
     339.1      48.73
     341.1      48.11
     343.1      48.92
     345.1         50
     347.1         50
     349.1         50
     351.1         50
