     2.001  1.359e+10
     6.002    4.4e+10
        10  1.006e+11
        14  1.668e+11
        18  2.393e+11
     22.01  3.115e+11
     26.01  3.791e+11
     30.01  4.508e+11
     34.01  5.203e+11
     38.01  5.898e+11
     42.01  6.548e+11
     46.01  7.152e+11
     50.01  7.739e+11
     54.01   8.37e+11
     58.02  9.055e+11
     62.02  9.797e+11
     66.02  1.045e+12
     70.02  1.102e+12
     74.02  1.156e+12
     78.02  1.209e+12
     82.02  1.267e+12
     86.02  1.317e+12
     90.02  1.364e+12
     94.03  1.411e+12
     98.03  1.453e+12
       102  1.495e+12
       106  1.536e+12
       110  1.575e+12
       114  1.618e+12
       118  1.656e+12
       122  1.692e+12
       126   1.73e+12
       130  1.774e+12
       134  1.817e+12
       138  1.855e+12
       142  1.893e+12
       146  1.927e+12
       150  1.964e+12
       154  1.998e+12
       158  2.029e+12
       162  2.061e+12
       166  2.098e+12
       170  2.135e+12
       174  2.168e+12
       178  2.213e+12
     182.1  2.247e+12
     186.1  2.276e+12
     190.1  2.305e+12
     194.1  2.335e+12
     198.1  2.363e+12
     202.1  2.392e+12
     206.1  2.434e+12
     210.1  2.469e+12
     214.1  2.498e+12
     218.1  2.532e+12
     222.1  2.575e+12
     226.1   2.61e+12
     230.1  2.648e+12
     234.1  2.679e+12
     238.1  2.717e+12
     242.1  2.762e+12
     246.1  2.806e+12
     250.1  2.844e+12
     254.1   2.87e+12
     258.1  2.889e+12
     262.1  2.905e+12
     266.1  2.919e+12
     270.1  2.931e+12
     274.1  2.942e+12
     278.1  2.954e+12
     282.1  2.965e+12
     286.1  2.975e+12
     290.1  2.984e+12
     294.1  2.996e+12
     298.1   3.01e+12
     302.1   3.03e+12
     306.1   3.04e+12
     310.1  3.045e+12
     314.1  3.049e+12
     318.1  3.052e+12
     322.1  3.054e+12
     326.1  3.057e+12
     330.1  3.058e+12
     334.1   3.06e+12
     338.1  3.061e+12
     342.1  3.061e+12
     346.1  3.062e+12
     350.1  3.062e+12
