     2.001      21.31
     6.002      21.58
        10      21.74
        14      21.92
        18      22.15
     22.01      22.27
     26.01       22.4
     30.01      22.44
     34.01      22.74
     38.01      22.94
     42.01      23.08
     46.01       23.3
     50.01      23.36
     54.01      23.39
     58.02      23.46
     62.02      23.57
     66.02      23.65
     70.02      23.82
     74.02      23.94
     78.02      24.11
     82.02      24.16
     86.02      24.26
     90.02      24.27
     94.03       24.3
     98.03      24.41
       102      24.51
       106      24.64
       110      24.57
       114      24.77
       118      24.85
       122      24.82
       126      25.01
       130      25.03
       134      25.15
       138      25.28
       142      25.35
       146      25.43
       150      25.59
       154      25.59
       158      25.68
       162      25.65
       166      25.79
       170      25.82
       174      25.89
       178      26.05
     182.1      26.18
     186.1      26.33
     190.1       26.2
     194.1      26.37
     198.1      26.36
     202.1      26.31
     206.1      26.41
     210.1      26.53
     214.1       26.5
     218.1      26.96
     222.1      27.02
     226.1      27.01
     230.1      27.36
     234.1      27.66
     238.1      27.87
     242.1      27.78
     246.1      27.98
     250.1      28.47
     254.1      28.61
     258.1      28.58
     262.1      28.72
     266.1      28.82
     270.1      29.54
     274.1      29.65
     278.1      29.87
     282.1      29.86
     286.1      30.55
     290.1      31.18
     294.1      31.15
     298.1      30.25
     302.1      30.49
     306.1         32
     310.1      31.77
     314.1      32.06
     318.1      34.38
     322.1      32.88
     326.1       33.1
     330.1      31.42
     334.1      32.37
     338.1      33.41
     342.1      34.83
     346.1       34.9
     350.1      34.11
