         1  1.114e+10
     3.001  3.081e+10
     5.001  6.299e+10
     7.002  1.049e+11
     9.002  1.517e+11
        11  2.018e+11
        13   2.54e+11
        15  3.069e+11
        17  3.565e+11
     19.01  4.062e+11
     21.01  4.574e+11
     23.01  5.097e+11
     25.01  5.626e+11
     27.01  6.151e+11
     29.01  6.674e+11
     31.01  7.201e+11
     33.01  7.782e+11
     35.01  8.315e+11
     37.01   8.82e+11
     39.01  9.324e+11
     41.01  9.791e+11
     43.01  1.024e+12
     45.01  1.066e+12
     47.01  1.108e+12
     49.01  1.147e+12
     51.01  1.186e+12
     53.01  1.223e+12
     55.02  1.257e+12
     57.02  1.291e+12
     59.02  1.323e+12
     61.02  1.355e+12
     63.02  1.384e+12
     65.02  1.416e+12
     67.02  1.445e+12
     69.02  1.474e+12
     71.02  1.503e+12
     73.02  1.535e+12
     75.02  1.567e+12
     77.02  1.597e+12
     79.02  1.625e+12
     81.02  1.651e+12
     83.02  1.675e+12
     85.02    1.7e+12
     87.02  1.728e+12
     89.02  1.757e+12
     91.03  1.787e+12
     93.03  1.816e+12
     95.03  1.845e+12
     97.03  1.873e+12
     99.03  1.899e+12
       101  1.924e+12
       103  1.949e+12
       105  1.971e+12
       107  1.991e+12
       109  2.012e+12
       111   2.03e+12
       113  2.047e+12
       115  2.066e+12
       117  2.087e+12
       119  2.108e+12
       121  2.127e+12
       123  2.147e+12
       125  2.167e+12
       127  2.189e+12
       129  2.209e+12
       131  2.228e+12
       133   2.25e+12
       135  2.273e+12
       137  2.295e+12
       139  2.318e+12
       141  2.339e+12
       143  2.361e+12
       145  2.385e+12
       147  2.405e+12
       149  2.421e+12
       151  2.436e+12
       153  2.452e+12
       155   2.47e+12
       157  2.488e+12
       159  2.504e+12
       161  2.519e+12
       163  2.535e+12
       165  2.553e+12
       167  2.573e+12
       169  2.596e+12
       171  2.621e+12
       173  2.641e+12
       175  2.657e+12
       177  2.675e+12
       179  2.691e+12
       181  2.705e+12
     183.1  2.719e+12
     185.1  2.735e+12
     187.1  2.751e+12
     189.1  2.772e+12
     191.1   2.79e+12
     193.1  2.809e+12
     195.1  2.825e+12
     197.1  2.838e+12
     199.1  2.852e+12
     201.1  2.865e+12
     203.1  2.878e+12
     205.1  2.891e+12
     207.1  2.902e+12
     209.1  2.916e+12
     211.1  2.929e+12
     213.1  2.941e+12
     215.1  2.956e+12
     217.1  2.972e+12
     219.1  2.991e+12
     221.1  3.009e+12
     223.1  3.026e+12
     225.1  3.043e+12
     227.1  3.061e+12
     229.1  3.083e+12
     231.1  3.109e+12
     233.1  3.137e+12
     235.1  3.168e+12
     237.1  3.197e+12
     239.1  3.223e+12
     241.1  3.248e+12
     243.1  3.274e+12
     245.1  3.299e+12
     247.1  3.319e+12
     249.1  3.335e+12
     251.1  3.348e+12
     253.1  3.359e+12
     255.1  3.369e+12
     257.1  3.376e+12
     259.1  3.386e+12
     261.1  3.398e+12
     263.1  3.415e+12
     265.1  3.431e+12
     267.1  3.442e+12
     269.1   3.45e+12
     271.1  3.455e+12
     273.1   3.46e+12
     275.1  3.465e+12
     277.1  3.469e+12
     279.1  3.474e+12
     281.1   3.48e+12
     283.1  3.489e+12
     285.1  3.496e+12
     287.1    3.5e+12
     289.1  3.503e+12
     291.1  3.506e+12
     293.1  3.508e+12
     295.1  3.511e+12
     297.1  3.516e+12
     299.1  3.519e+12
     301.1   3.52e+12
     303.1  3.522e+12
     305.1  3.523e+12
     307.1  3.524e+12
     309.1  3.525e+12
     311.1  3.526e+12
     313.1  3.527e+12
     315.1  3.528e+12
     317.1  3.529e+12
     319.1   3.53e+12
     321.1  3.531e+12
     323.1  3.532e+12
     325.1  3.532e+12
     327.1  3.533e+12
     329.1  3.533e+12
     331.1  3.534e+12
     333.1  3.534e+12
     335.1  3.534e+12
     337.1  3.535e+12
     339.1  3.535e+12
     341.1  3.535e+12
     343.1  3.535e+12
     345.1  3.535e+12
     347.1  3.535e+12
     349.1  3.535e+12
     351.1  3.535e+12
