     2.001      20.64
     6.002      20.89
        10      21.19
        14       21.4
        18      21.59
     22.01      21.66
     26.01      21.85
     30.01      22.07
     34.01      22.27
     38.01      22.34
     42.01       22.7
     46.01      22.87
     50.01      23.02
     54.01      23.14
     58.02       23.4
     62.02      23.57
     66.02       23.7
     70.02      23.83
     74.02      23.95
     78.02      24.01
     82.02      24.17
     86.02      24.24
     90.02      24.27
     94.03      24.32
     98.03      24.46
       102      24.59
       106      24.83
       110      24.89
       114      24.92
       118      24.95
       122      25.12
       126      25.11
       130      25.27
       134      25.25
       138      25.29
       142      25.45
       146      25.61
       150      25.78
       154      25.73
       158      25.77
       162      26.04
       166      26.16
       170       26.1
       174      26.04
       178      26.22
     182.1      26.44
     186.1      26.45
     190.1      26.66
     194.1      26.98
     198.1      26.84
     202.1      27.03
     206.1       27.3
     210.1      27.35
     214.1      27.31
     218.1      27.34
     222.1      28.03
     226.1      27.95
     230.1       27.8
     234.1      28.09
     238.1      28.44
     242.1       28.4
     246.1      28.39
     250.1      28.75
     254.1      28.67
     258.1      28.64
     262.1      28.59
     266.1      28.92
     270.1      29.25
     274.1      30.02
     278.1      30.37
     282.1      30.49
     286.1      30.42
     290.1      30.39
     294.1      30.53
     298.1      31.34
     302.1      32.58
     306.1      33.77
     310.1      33.61
     314.1      34.19
     318.1      34.01
     322.1      34.32
     326.1      35.46
     330.1      35.48
     334.1      36.94
     338.1      38.61
     342.1      39.92
     346.1      36.69
     350.1       38.4
