     2.001  3.773e+10
     6.002  1.542e+11
        10  2.319e+11
     14.01  3.022e+11
     18.01  3.697e+11
     22.01   4.35e+11
     26.01  4.855e+11
     30.01  5.284e+11
     34.01  5.648e+11
     38.02  5.973e+11
     42.02  6.287e+11
     46.02  6.577e+11
     50.02  6.856e+11
     54.02  7.133e+11
     58.02  7.396e+11
     62.02   7.64e+11
     66.03  7.869e+11
     70.03   8.09e+11
     74.03  8.312e+11
     78.03  8.548e+11
     82.03  8.815e+11
     86.03  9.049e+11
     90.04  9.261e+11
     94.04  9.442e+11
     98.04  9.634e+11
       102  9.819e+11
       106      1e+12
       110   1.02e+12
       114  1.037e+12
       118   1.05e+12
       122  1.067e+12
       126  1.081e+12
     130.1  1.094e+12
     134.1  1.106e+12
     138.1  1.117e+12
     142.1  1.128e+12
     146.1   1.14e+12
     150.1  1.151e+12
     154.1  1.162e+12
     158.1  1.172e+12
     162.1  1.181e+12
     166.1  1.191e+12
     170.1  1.202e+12
     174.1  1.213e+12
     178.1  1.221e+12
     182.1   1.23e+12
     186.1  1.238e+12
     190.1  1.247e+12
     194.1  1.256e+12
     198.1  1.266e+12
     202.1  1.275e+12
     206.1  1.284e+12
     210.1  1.291e+12
     214.1  1.299e+12
     218.1  1.308e+12
     222.1  1.318e+12
     226.1  1.326e+12
     230.1  1.333e+12
     234.1  1.341e+12
     238.1  1.351e+12
     242.1  1.359e+12
     246.1  1.366e+12
     250.1  1.377e+12
     254.1  1.383e+12
     258.1  1.388e+12
     262.1  1.393e+12
     266.1  1.397e+12
     270.1  1.399e+12
     274.1  1.402e+12
     278.1  1.405e+12
     282.1  1.407e+12
     286.1  1.409e+12
     290.1  1.411e+12
     294.1  1.412e+12
     298.1  1.413e+12
     302.1  1.415e+12
     306.1  1.416e+12
     310.1  1.417e+12
     314.1  1.418e+12
     318.1  1.418e+12
     322.1  1.419e+12
     326.1  1.419e+12
     330.1   1.42e+12
     334.1   1.42e+12
     338.1   1.42e+12
     342.1   1.42e+12
     346.1   1.42e+12
     350.1  1.421e+12
