     2.001       18.9
     6.002      19.96
        10      20.62
     14.01      20.94
     18.01      21.17
     22.01      21.51
     26.01      21.87
     30.01      22.17
     34.01       22.5
     38.02      22.64
     42.02      22.86
     46.02      23.01
     50.02      23.22
     54.02       23.4
     58.02      23.63
     62.02       23.8
     66.03      23.92
     70.03      23.99
     74.03      24.14
     78.03      24.22
     82.03      24.42
     86.03       24.9
     90.04      25.06
     94.04      25.15
     98.04      25.27
       102      25.39
       106      25.95
       110      25.94
       114      26.85
       118      26.81
       122      26.22
       126      26.96
     130.1      27.79
     134.1      28.16
     138.1      29.42
     142.1      29.35
     146.1      29.16
     150.1      29.56
     154.1      29.98
     158.1      30.57
     162.1      30.63
     166.1      30.04
     170.1      29.94
     174.1      30.17
     178.1      30.88
     182.1      31.47
     186.1      31.99
     190.1      32.18
     194.1      32.45
     198.1      33.11
     202.1      33.06
     206.1      33.21
     210.1      33.89
     214.1      35.06
     218.1      34.86
     222.1      34.53
     226.1      35.12
     230.1      34.71
     234.1      34.51
     238.1      35.57
     242.1      36.64
     246.1      35.86
     250.1      35.82
     254.1      36.47
     258.1      35.23
     262.1      35.78
     266.1      37.06
     270.1      37.41
     274.1      38.24
     278.1       38.8
     282.1      38.13
     286.1      37.62
     290.1      39.33
     294.1      39.24
     298.1      39.36
     302.1      39.45
     306.1      39.24
     310.1      39.94
     314.1      39.51
     318.1      41.27
     322.1      41.42
     326.1      42.93
     330.1      42.04
     334.1      41.62
     338.1      44.45
     342.1      43.35
     346.1      45.19
     350.1      44.22
