     2.001      18.56
     6.002      19.64
        10      20.32
     14.01      20.66
     18.01       20.9
     22.01      21.24
     26.01      21.61
     30.01      21.91
     34.01      22.22
     38.02      22.38
     42.02       22.6
     46.02      22.75
     50.02      22.94
     54.02      23.12
     58.02      23.35
     62.02      23.52
     66.03      23.65
     70.03      23.72
     74.03      23.87
     78.03      23.94
     82.03      24.14
     86.03      24.63
     90.04      24.79
     94.04      24.86
     98.04      24.99
       102       25.1
       106      25.67
       110      25.58
       114      26.51
       118      26.51
       122      25.94
       126      26.68
     130.1      27.52
     134.1       27.9
     138.1      29.18
     142.1      29.09
     146.1       28.9
     150.1       29.3
     154.1      29.71
     158.1      30.31
     162.1      30.38
     166.1       29.8
     170.1      29.69
     174.1      29.93
     178.1      30.63
     182.1      31.22
     186.1      31.76
     190.1      31.97
     194.1      32.22
     198.1      32.86
     202.1      32.81
     206.1      32.99
     210.1      33.68
     214.1      34.87
     218.1      34.66
     222.1      34.32
     226.1      34.92
     230.1       34.5
     234.1      34.28
     238.1      35.37
     242.1      36.46
     246.1      35.66
     250.1      35.63
     254.1      36.24
     258.1         35
     262.1      35.48
     266.1       36.8
     270.1      37.13
     274.1      38.05
     278.1      38.64
     282.1      37.94
     286.1      37.41
     290.1      39.12
     294.1      39.08
     298.1      39.19
     302.1      39.28
     306.1      39.06
     310.1       39.8
     314.1      39.36
     318.1      41.15
     322.1       41.3
     326.1      42.82
     330.1      41.93
     334.1      41.52
     338.1      44.36
     342.1      43.26
     346.1      45.13
     350.1      44.15
