         1  1.114e+10
     3.001  6.854e+10
     5.002  1.156e+11
     7.003  1.648e+11
     9.004  2.131e+11
        11  2.625e+11
     13.01  3.076e+11
     15.01   3.48e+11
     17.01  3.844e+11
     19.01  4.216e+11
     21.01  4.661e+11
     23.01  5.178e+11
     25.01  5.562e+11
     27.01  5.866e+11
     29.01  6.167e+11
     31.01  6.519e+11
     33.01  6.832e+11
     35.01  7.112e+11
     37.01  7.464e+11
     39.02  7.808e+11
     41.02  8.079e+11
     43.02   8.37e+11
     45.02   8.65e+11
     47.02  8.971e+11
     49.02  9.304e+11
     51.02  9.687e+11
     53.02  1.015e+12
     55.02   1.09e+12
     57.02  1.155e+12
     59.02  1.195e+12
     61.02  1.233e+12
     63.02  1.273e+12
     65.03  1.308e+12
     67.03  1.342e+12
     69.03   1.38e+12
     71.03  1.424e+12
     73.03  1.458e+12
     75.03  1.493e+12
     77.03  1.535e+12
     79.03  1.572e+12
     81.03  1.607e+12
     83.03  1.659e+12
     85.03  1.709e+12
     87.03  1.753e+12
     89.04  1.797e+12
     91.04  1.839e+12
     93.04   1.88e+12
     95.04  1.919e+12
     97.04  1.955e+12
     99.04  2.005e+12
       101  2.072e+12
       103  2.131e+12
       105  2.176e+12
       107  2.225e+12
       109  2.267e+12
       111  2.299e+12
       113  2.324e+12
       115  2.347e+12
       117  2.371e+12
       119    2.4e+12
       121  2.424e+12
       123  2.443e+12
       125  2.458e+12
     127.1  2.473e+12
     129.1   2.49e+12
     131.1  2.515e+12
     133.1  2.536e+12
     135.1  2.551e+12
     137.1  2.564e+12
     139.1  2.575e+12
     141.1  2.585e+12
     143.1  2.593e+12
     145.1  2.604e+12
     147.1   2.62e+12
     149.1   2.63e+12
     151.1  2.645e+12
     153.1  2.664e+12
     155.1  2.675e+12
     157.1  2.683e+12
     159.1  2.691e+12
     161.1    2.7e+12
     163.1   2.71e+12
     165.1  2.724e+12
     167.1  2.746e+12
     169.1   2.77e+12
     171.1  2.787e+12
     173.1  2.797e+12
     175.1  2.805e+12
     177.1  2.813e+12
     179.1   2.82e+12
     181.1  2.827e+12
     183.1  2.835e+12
     185.1   2.84e+12
     187.1  2.845e+12
     189.1  2.851e+12
     191.1  2.858e+12
     193.1  2.872e+12
     195.1  2.889e+12
     197.1  2.902e+12
     199.1  2.919e+12
     201.1   2.93e+12
     203.1  2.936e+12
     205.1  2.941e+12
     207.1   2.95e+12
     209.1  2.966e+12
     211.1  2.979e+12
     213.1  2.985e+12
     215.1   2.99e+12
     217.1  2.995e+12
     219.1  3.001e+12
     221.1  3.007e+12
     223.1  3.014e+12
     225.1  3.021e+12
     227.1  3.026e+12
     229.1  3.031e+12
     231.1  3.039e+12
     233.1  3.055e+12
     235.1  3.063e+12
     237.1  3.067e+12
     239.1   3.07e+12
     241.1  3.073e+12
     243.1  3.079e+12
     245.1  3.095e+12
     247.1  3.109e+12
     249.1  3.116e+12
     251.1  3.119e+12
     253.1  3.123e+12
     255.1  3.125e+12
     257.1  3.128e+12
     259.1   3.13e+12
     261.1  3.134e+12
     263.1   3.14e+12
     265.1  3.143e+12
     267.1  3.145e+12
     269.1  3.146e+12
     271.1  3.148e+12
     273.1  3.149e+12
     275.1  3.152e+12
     277.1  3.153e+12
     279.1  3.154e+12
     281.1  3.155e+12
     283.1  3.156e+12
     285.1  3.156e+12
     287.1  3.157e+12
     289.1  3.158e+12
     291.1  3.158e+12
     293.1  3.159e+12
     295.1   3.16e+12
     297.1  3.161e+12
     299.1  3.163e+12
     301.1  3.166e+12
     303.1  3.168e+12
     305.1  3.173e+12
     307.1  3.176e+12
     309.1  3.178e+12
     311.1   3.18e+12
     313.1  3.182e+12
     315.1  3.183e+12
     317.1  3.184e+12
     319.1  3.184e+12
     321.1  3.184e+12
     323.1  3.184e+12
     325.1  3.184e+12
     327.1  3.185e+12
     329.1  3.185e+12
     331.1  3.185e+12
     333.1  3.185e+12
     335.1  3.185e+12
     337.1  3.185e+12
     339.1  3.185e+12
     341.1  3.185e+12
     343.1  3.185e+12
     345.1  3.185e+12
     347.1  3.185e+12
     349.1  3.185e+12
     351.1  3.185e+12
