         1      18.63
     3.001      19.34
     5.002       19.8
     7.003      20.15
     9.004      20.39
        11      20.62
     13.01      20.85
     15.01       21.1
     17.01      21.27
     19.01      21.39
     21.01      21.48
     23.01      21.57
     25.01      21.74
     27.01      21.97
     29.01      21.89
     31.01      21.94
     33.01      22.03
     35.01      22.18
     37.01      22.29
     39.02      22.44
     41.02      22.47
     43.02      22.45
     45.02      22.39
     47.02      22.44
     49.02      22.47
     51.02      22.55
     53.02      22.57
     55.02      22.55
     57.02      22.61
     59.02      22.73
     61.02      22.76
     63.02      22.86
     65.03      22.74
     67.03      22.72
     69.03      22.68
     71.03      22.77
     73.03      22.87
     75.03      22.95
     77.03      23.01
     79.03      23.02
     81.03      23.04
     83.03      22.97
     85.03       23.1
     87.03      23.27
     89.04      23.22
     91.04       23.3
     93.04       23.4
     95.04      23.46
     97.04      23.58
     99.04      23.65
       101      23.67
       103      23.76
       105      23.77
       107      24.01
       109      24.38
       111      24.53
       113      24.74
       115      25.12
       117       25.3
       119      25.14
       121      25.05
       123      25.39
       125      25.85
     127.1      26.47
     129.1      27.08
     131.1      26.99
     133.1       27.2
     135.1      27.96
     137.1      27.49
     139.1      27.27
     141.1      28.19
     143.1      28.77
     145.1      29.01
     147.1      29.67
     149.1      29.97
     151.1      29.91
     153.1      29.93
     155.1      30.66
     157.1      31.21
     159.1      31.45
     161.1      31.28
     163.1      31.51
     165.1      31.72
     167.1      31.81
     169.1      31.94
     171.1      32.98
     173.1      33.44
     175.1      32.95
     177.1      33.17
     179.1      32.56
     181.1      32.32
     183.1      32.59
     185.1      33.86
     187.1      34.65
     189.1      34.63
     191.1      33.84
     193.1       33.8
     195.1      33.87
     197.1      34.78
     199.1      36.19
     201.1      36.41
     203.1      36.98
     205.1      36.77
     207.1      36.64
     209.1      36.33
     211.1      36.29
     213.1      35.49
     215.1      35.73
     217.1      35.63
     219.1      36.08
     221.1      37.24
     223.1      37.67
     225.1      38.39
     227.1      38.55
     229.1      38.49
     231.1       38.4
     233.1      38.92
     235.1      39.89
     237.1      39.64
     239.1      39.94
     241.1      39.64
     243.1      39.48
     245.1      39.45
     247.1      39.66
     249.1       40.2
     251.1      40.05
     253.1      40.08
     255.1      40.52
     257.1      39.95
     259.1      40.16
     261.1      40.01
     263.1      39.68
     265.1      39.49
     267.1      40.26
     269.1      40.63
     271.1       41.4
     273.1       41.5
     275.1      41.31
     277.1      41.22
     279.1      42.02
     281.1      43.36
     283.1       43.6
     285.1      42.73
     287.1      41.68
     289.1      42.19
     291.1      41.75
     293.1      42.98
     295.1      42.54
     297.1      42.44
     299.1      42.19
     301.1      43.82
     303.1       43.5
     305.1      43.03
     307.1      42.87
     309.1      42.71
     311.1      42.65
     313.1      42.68
     315.1      44.02
     317.1      46.04
     319.1      43.81
     321.1      42.88
     323.1      43.64
     325.1      44.18
     327.1      45.05
     329.1      44.06
     331.1      43.59
     333.1      43.05
     335.1      44.52
     337.1      46.03
     339.1      48.43
     341.1      49.12
     343.1      46.38
     345.1      44.21
     347.1      44.32
     349.1      46.02
     351.1      47.58
