         1  1.004e+10
     3.001  1.857e+10
     5.001  3.377e+10
     7.002  5.638e+10
     9.002  8.545e+10
        11  1.171e+11
        13  1.483e+11
        15  1.848e+11
        17  2.211e+11
     19.01  2.566e+11
     21.01  2.921e+11
     23.01  3.301e+11
     25.01  3.624e+11
     27.01  3.964e+11
     29.01  4.334e+11
     31.01  4.683e+11
     33.01  5.034e+11
     35.01  5.395e+11
     37.01  5.742e+11
     39.01   6.07e+11
     41.01  6.395e+11
     43.01  6.697e+11
     45.01  7.007e+11
     47.01  7.291e+11
     49.01   7.58e+11
     51.01  7.887e+11
     53.01  8.205e+11
     55.02   8.52e+11
     57.02  8.857e+11
     59.02  9.247e+11
     61.02  9.621e+11
     63.02  9.978e+11
     65.02   1.03e+12
     67.02   1.06e+12
     69.02  1.087e+12
     71.02  1.116e+12
     73.02  1.141e+12
     75.02  1.169e+12
     77.02  1.196e+12
     79.02  1.223e+12
     81.02  1.251e+12
     83.02   1.28e+12
     85.02  1.305e+12
     87.02  1.329e+12
     89.02  1.353e+12
     91.03  1.375e+12
     93.03  1.398e+12
     95.03  1.421e+12
     97.03  1.442e+12
     99.03  1.464e+12
       101  1.485e+12
       103  1.506e+12
       105  1.526e+12
       107  1.545e+12
       109  1.564e+12
       111  1.587e+12
       113  1.609e+12
       115  1.628e+12
       117  1.647e+12
       119  1.665e+12
       121  1.684e+12
       123  1.703e+12
       125  1.722e+12
       127  1.739e+12
       129  1.761e+12
       131  1.787e+12
       133  1.808e+12
       135  1.828e+12
       137  1.846e+12
       139  1.863e+12
       141  1.883e+12
       143  1.901e+12
       145  1.918e+12
       147  1.936e+12
       149  1.954e+12
       151  1.974e+12
       153   1.99e+12
       155  2.006e+12
       157  2.022e+12
       159  2.037e+12
       161  2.052e+12
       163  2.069e+12
       165  2.088e+12
       167  2.109e+12
       169  2.127e+12
       171  2.143e+12
       173   2.16e+12
       175  2.178e+12
       177  2.203e+12
       179  2.222e+12
       181   2.24e+12
     183.1  2.255e+12
     185.1  2.269e+12
     187.1  2.283e+12
     189.1  2.297e+12
     191.1  2.312e+12
     193.1  2.328e+12
     195.1  2.342e+12
     197.1  2.355e+12
     199.1   2.37e+12
     201.1  2.385e+12
     203.1  2.401e+12
     205.1  2.423e+12
     207.1  2.444e+12
     209.1  2.462e+12
     211.1  2.475e+12
     213.1  2.491e+12
     215.1  2.505e+12
     217.1  2.522e+12
     219.1  2.543e+12
     221.1  2.565e+12
     223.1  2.586e+12
     225.1  2.601e+12
     227.1   2.62e+12
     229.1  2.638e+12
     231.1  2.656e+12
     233.1  2.672e+12
     235.1  2.687e+12
     237.1  2.706e+12
     239.1  2.729e+12
     241.1  2.752e+12
     243.1  2.775e+12
     245.1  2.795e+12
     247.1  2.816e+12
     249.1  2.835e+12
     251.1  2.852e+12
     253.1  2.864e+12
     255.1  2.875e+12
     257.1  2.884e+12
     259.1  2.893e+12
     261.1  2.901e+12
     263.1  2.909e+12
     265.1  2.916e+12
     267.1  2.922e+12
     269.1  2.928e+12
     271.1  2.934e+12
     273.1   2.94e+12
     275.1  2.945e+12
     277.1   2.95e+12
     279.1  2.957e+12
     281.1  2.962e+12
     283.1  2.967e+12
     285.1  2.972e+12
     287.1  2.977e+12
     289.1  2.981e+12
     291.1  2.988e+12
     293.1  2.994e+12
     295.1  2.998e+12
     297.1  3.005e+12
     299.1  3.014e+12
     301.1  3.025e+12
     303.1  3.034e+12
     305.1  3.038e+12
     307.1  3.041e+12
     309.1  3.044e+12
     311.1  3.046e+12
     313.1  3.048e+12
     315.1   3.05e+12
     317.1  3.052e+12
     319.1  3.053e+12
     321.1  3.054e+12
     323.1  3.055e+12
     325.1  3.056e+12
     327.1  3.057e+12
     329.1  3.058e+12
     331.1  3.059e+12
     333.1  3.059e+12
     335.1   3.06e+12
     337.1   3.06e+12
     339.1  3.061e+12
     341.1  3.061e+12
     343.1  3.061e+12
     345.1  3.062e+12
     347.1  3.062e+12
     349.1  3.062e+12
     351.1  3.062e+12
