         1  3.306e+10
         3  7.822e+10
         5  9.803e+10
     7.001  1.158e+11
     9.001  1.328e+11
        11  1.486e+11
        13  1.622e+11
        15  1.745e+11
        17  1.848e+11
        19  1.967e+11
        21  2.057e+11
        23  2.126e+11
        25  2.212e+11
        27  2.283e+11
        29  2.358e+11
        31  2.434e+11
        33  2.509e+11
        35  2.595e+11
        37  2.703e+11
        39  2.857e+11
        41   3.24e+11
        43  4.156e+11
        45  4.508e+11
        47   4.64e+11
        49  4.739e+11
        51  4.863e+11
        53  4.991e+11
        55  5.144e+11
        57   5.42e+11
        59   5.67e+11
        61  5.988e+11
        63  6.172e+11
        65  6.375e+11
     67.01  6.624e+11
     69.01  6.752e+11
     71.01  6.855e+11
     73.01  6.947e+11
     75.01  7.069e+11
     77.01  7.211e+11
     79.01   7.38e+11
     81.01  7.542e+11
     83.01  7.722e+11
     85.01  7.936e+11
     87.01  8.133e+11
     89.01  8.326e+11
     91.01  8.512e+11
     93.01  8.785e+11
     95.01  8.936e+11
     97.01  9.084e+11
     99.01  9.359e+11
       101  9.503e+11
       103  9.602e+11
       105  9.668e+11
       107  9.745e+11
       109  9.834e+11
       111  9.973e+11
       113  1.022e+12
       115  1.037e+12
       117   1.05e+12
       119  1.089e+12
       121  1.107e+12
       123  1.115e+12
       125  1.123e+12
       127  1.127e+12
       129  1.131e+12
       131  1.135e+12
       133  1.138e+12
       135  1.141e+12
       137  1.145e+12
       139   1.15e+12
       141  1.157e+12
       143  1.164e+12
       145   1.17e+12
       147  1.177e+12
       149    1.2e+12
       151   1.23e+12
       153  1.241e+12
       155  1.247e+12
       157  1.253e+12
       159   1.27e+12
       161  1.278e+12
       163   1.29e+12
       165  1.315e+12
       167  1.322e+12
       169  1.328e+12
       171  1.333e+12
       173  1.343e+12
       175  1.369e+12
       177   1.38e+12
       179  1.385e+12
       181  1.389e+12
       183  1.392e+12
       185  1.396e+12
       187  1.399e+12
       189  1.403e+12
       191  1.406e+12
       193  1.411e+12
       195  1.425e+12
       197  1.462e+12
       199  1.479e+12
       201  1.487e+12
       203  1.493e+12
       205  1.495e+12
       207  1.496e+12
       209  1.497e+12
       211  1.498e+12
       213  1.498e+12
       215  1.499e+12
       217  1.499e+12
       219    1.5e+12
       221  1.501e+12
       223  1.501e+12
       225  1.502e+12
       227  1.504e+12
       229  1.508e+12
       231  1.514e+12
       233  1.516e+12
       235  1.517e+12
       237  1.519e+12
       239  1.524e+12
       241   1.53e+12
       243  1.533e+12
       245  1.533e+12
       247  1.534e+12
       249  1.535e+12
       251  1.535e+12
       253  1.535e+12
       255  1.535e+12
       257  1.536e+12
       259  1.536e+12
       261  1.536e+12
       263  1.536e+12
       265  1.536e+12
       267  1.536e+12
       269  1.536e+12
       271  1.536e+12
       273  1.537e+12
       275  1.537e+12
       277  1.537e+12
       279  1.537e+12
       281  1.537e+12
       283  1.537e+12
       285  1.537e+12
       287  1.537e+12
       289  1.538e+12
       291  1.538e+12
       293  1.538e+12
       295  1.538e+12
       297  1.538e+12
       299  1.538e+12
       301  1.538e+12
       303  1.538e+12
       305  1.538e+12
       307  1.538e+12
       309  1.538e+12
       311  1.538e+12
       313  1.538e+12
       315  1.538e+12
       317  1.538e+12
       319  1.538e+12
       321  1.538e+12
       323  1.539e+12
       325  1.539e+12
       327  1.539e+12
       329  1.539e+12
       331  1.539e+12
       333  1.539e+12
       335  1.539e+12
       337  1.539e+12
       339  1.539e+12
       341  1.539e+12
       343  1.539e+12
       345  1.539e+12
       347  1.539e+12
       349  1.539e+12
       351  1.539e+12
