         1      17.21
         3      18.95
         5      19.51
     7.001      19.74
     9.001      20.01
        11      20.41
        13      20.63
        15      21.08
        17      21.25
        19      21.39
        21      21.77
        23      21.95
        25      22.12
        27      22.34
        29       22.4
        31      22.42
        33      22.57
        35      22.59
        37      22.57
        39      22.45
        41      22.63
        43       22.9
        45      23.26
        47      23.34
        49       23.4
        51      23.32
        53      23.35
        55      23.53
        57      23.49
        59      23.42
        61      23.54
        63      23.45
        65      24.08
     67.01      24.46
     69.01      24.74
     71.01      24.88
     73.01       25.2
     75.01      25.33
     77.01      25.66
     79.01      25.56
     81.01      26.22
     83.01      27.14
     85.01      27.98
     87.01      27.47
     89.01      27.68
     91.01      27.77
     93.01      28.22
     95.01      27.89
     97.01      28.26
     99.01      28.71
       101      29.91
       103      31.04
       105      31.01
       107      31.79
       109      31.87
       111      31.73
       113      31.75
       115      32.94
       117      34.45
       119      34.66
       121      34.83
       123      35.39
       125      36.84
       127      37.12
       129       38.5
       131      38.52
       133      38.22
       135      38.26
       137      38.13
       139      38.08
       141      37.48
       143      36.65
       145      36.97
       147      37.06
       149      37.93
       151      39.15
       153      39.96
       155      40.04
       157       40.3
       159      40.56
       161      40.67
       163      41.49
       165      41.86
       167       42.4
       169      42.11
       171      42.08
       173      42.78
       175       43.2
       177      43.71
       179       43.6
       181       43.6
       183      43.32
       185      43.36
       187      43.63
       189      43.76
       191      43.62
       193      43.74
       195      43.64
       197      44.16
       199      45.04
       201      46.05
       203      46.15
       205      46.06
       207      45.68
       209      46.37
       211       47.1
       213       47.4
       215      47.35
       217      46.78
       219      46.55
       221      47.03
       223      47.59
       225      47.55
       227      47.66
       229      47.19
       231      47.14
       233      47.51
       235       48.1
       237      48.23
       239      47.89
       241      48.28
       243      48.14
       245      48.34
       247      48.17
       249       48.6
       251      48.97
       253      48.95
       255      48.62
       257      48.67
       259      48.76
       261      48.81
       263      48.86
       265      49.08
       267      49.35
       269      49.51
       271      49.27
       273      49.35
       275      49.33
       277      48.89
       279      48.62
       281      48.85
       283       48.7
       285       48.5
       287      48.44
       289      48.44
       291      48.67
       293      48.89
       295      48.99
       297         49
       299      49.08
       301      48.96
       303      49.22
       305      49.28
       307      49.63
       309      49.25
       311      49.09
       313      49.02
       315      49.09
       317      48.68
       319      48.17
       321      48.01
       323      48.25
       325      49.46
       327      49.84
       329       49.4
       331      49.27
       333      49.81
       335         50
       337         50
       339         50
       341         50
       343         50
       345         50
       347         50
       349         50
