     1.005  2.049e+10
     3.016  7.335e+10
     5.027  1.194e+11
     7.038   1.64e+11
     9.048  2.012e+11
     11.06  2.309e+11
     13.07  2.506e+11
     15.08  2.688e+11
     17.09  2.847e+11
      19.1  2.993e+11
     21.11  3.137e+11
     23.12  3.266e+11
     25.13  3.375e+11
     27.15  3.496e+11
     29.16  3.618e+11
     31.17  3.731e+11
     33.18  3.856e+11
     35.19  4.009e+11
      37.2  4.119e+11
     39.21  4.228e+11
     41.22  4.334e+11
     43.23  4.441e+11
     45.24  4.523e+11
     47.25  4.624e+11
     49.26  4.715e+11
     51.27  4.818e+11
     53.29  4.915e+11
      55.3  4.992e+11
     57.31  5.072e+11
     59.32  5.144e+11
     61.33  5.213e+11
     63.34  5.292e+11
     65.35  5.372e+11
     67.36  5.448e+11
     69.37  5.523e+11
     71.38  5.613e+11
     73.39  5.692e+11
      75.4  5.772e+11
     77.41  5.857e+11
     79.43  5.928e+11
     81.44  5.998e+11
     83.45  6.051e+11
     85.46  6.102e+11
     87.47  6.158e+11
     89.48  6.212e+11
     91.49  6.258e+11
      93.5  6.309e+11
     95.51  6.365e+11
     97.52  6.424e+11
     99.53  6.473e+11
     101.5  6.533e+11
     103.6  6.593e+11
     105.6  6.653e+11
     107.6  6.713e+11
     109.6  6.769e+11
     111.6  6.819e+11
     113.6  6.877e+11
     115.6  6.927e+11
     117.6  6.979e+11
     119.6   7.03e+11
     121.7  7.077e+11
     123.7  7.118e+11
     125.7  7.149e+11
     127.7  7.177e+11
     129.7  7.205e+11
     131.7  7.232e+11
     133.7  7.267e+11
     135.7  7.296e+11
     137.7   7.32e+11
     139.7  7.339e+11
     141.8  7.361e+11
     143.8  7.386e+11
     145.8  7.407e+11
     147.8  7.426e+11
     149.8  7.446e+11
     151.8  7.467e+11
     153.8  7.489e+11
     155.8  7.505e+11
     157.8  7.521e+11
     159.9   7.54e+11
     161.9  7.555e+11
     163.9  7.572e+11
     165.9  7.581e+11
     167.9  7.594e+11
     169.9  7.607e+11
     171.9  7.613e+11
     173.9   7.62e+11
     175.9  7.632e+11
       178  7.643e+11
       180  7.648e+11
       182  7.656e+11
       184   7.66e+11
       186  7.668e+11
       188  7.673e+11
       190  7.679e+11
       192  7.684e+11
       194  7.689e+11
     196.1  7.695e+11
     198.1  7.701e+11
     200.1  7.709e+11
     202.1  7.716e+11
     204.1  7.722e+11
     206.1  7.728e+11
     208.1  7.731e+11
     210.1  7.736e+11
     212.1  7.742e+11
     214.1  7.745e+11
     216.2  7.751e+11
     218.2  7.758e+11
     220.2  7.763e+11
     222.2  7.767e+11
     224.2   7.77e+11
     226.2  7.773e+11
     228.2  7.776e+11
     230.2  7.777e+11
     232.2  7.779e+11
     234.3  7.782e+11
     236.3  7.787e+11
     238.3  7.792e+11
     240.3  7.795e+11
     242.3    7.8e+11
     244.3  7.803e+11
     246.3  7.806e+11
     248.3  7.808e+11
     250.3  7.811e+11
     252.4  7.814e+11
     254.4  7.818e+11
     256.4  7.821e+11
     258.4  7.825e+11
     260.4  7.827e+11
     262.4  7.828e+11
     264.4  7.829e+11
     266.4  7.832e+11
     268.4  7.832e+11
     270.4  7.833e+11
     272.5  7.833e+11
     274.5  7.834e+11
     276.5  7.834e+11
     278.5  7.835e+11
     280.5  7.835e+11
     282.5  7.835e+11
     284.5  7.836e+11
     286.5  7.838e+11
     288.5  7.839e+11
     290.6  7.839e+11
     292.6  7.839e+11
     294.6   7.84e+11
     296.6   7.84e+11
     298.6  7.841e+11
     300.6  7.841e+11
     302.6  7.841e+11
     304.6  7.841e+11
     306.6  7.842e+11
     308.7  7.842e+11
     310.7  7.843e+11
     312.7  7.844e+11
     314.7  7.844e+11
     316.7  7.844e+11
     318.7  7.844e+11
     320.7  7.845e+11
     322.7  7.845e+11
     324.7  7.845e+11
     326.8  7.845e+11
     328.8  7.845e+11
     330.8  7.845e+11
     332.8  7.845e+11
     334.8  7.845e+11
     336.8  7.846e+11
     338.8  7.846e+11
     340.8  7.846e+11
     342.8  7.846e+11
     344.8  7.846e+11
     346.9  7.846e+11
     348.9  7.846e+11
     350.9  7.846e+11
