     1.005      17.29
     3.016      18.56
     5.027      18.92
     7.038      19.35
     9.048      19.69
     11.06      20.14
     13.07      20.59
     15.08      20.85
     17.09      21.07
      19.1      21.08
     21.11      21.21
     23.12       21.5
     25.13      21.63
     27.15      21.66
     29.16      21.79
     31.17       21.9
     33.18      21.79
     35.19      21.89
      37.2      22.17
     39.21      22.34
     41.22      22.47
     43.23      22.68
     45.24      22.81
     47.25       22.8
     49.26      22.94
     51.27      22.99
     53.29      23.06
      55.3      23.27
     57.31      23.38
     59.32      23.59
     61.33      23.51
     63.34       23.5
     65.35      23.68
     67.36      24.09
     69.37      24.07
     71.38      24.13
     73.39      23.98
      75.4         24
     77.41         24
     79.43      24.49
     81.44      25.17
     83.45      25.26
     85.46      25.06
     87.47      24.88
     89.48      25.87
     91.49      25.91
      93.5      25.86
     95.51      26.01
     97.52      26.66
     99.53       26.8
     101.5      27.59
     103.6      28.22
     105.6      28.38
     107.6      28.14
     109.6      28.46
     111.6         29
     113.6      29.41
     115.6      29.29
     117.6      28.47
     119.6       28.5
     121.7      29.43
     123.7      31.51
     125.7       32.1
     127.7      32.12
     129.7      32.38
     131.7      32.57
     133.7       33.1
     135.7      33.84
     137.7      36.53
     139.7      35.97
     141.8      35.19
     143.8      35.45
     145.8      35.42
     147.8       36.3
     149.8      36.93
     151.8      38.21
     153.8      37.96
     155.8       37.5
     157.8      37.67
     159.9      38.23
     161.9      39.34
     163.9      40.53
     165.9      40.74
     167.9      41.57
     169.9      41.75
     171.9      42.71
     173.9      42.11
     175.9      42.86
       178       43.8
       180      44.92
       182      44.49
       184      44.75
       186      44.84
       188      45.06
       190      45.71
       192      45.29
       194      45.18
     196.1      44.85
     198.1      44.41
     200.1      44.85
     202.1      45.14
     204.1      45.65
     206.1      45.81
     208.1      45.97
     210.1      46.32
     212.1      46.55
     214.1      46.34
     216.2      45.55
     218.2       45.6
     220.2      46.43
     222.2      46.68
     224.2      47.02
     226.2      47.45
     228.2      48.14
     230.2      48.55
     232.2      48.24
     234.3      47.21
     236.3      46.68
     238.3      47.03
     240.3      47.52
     242.3      47.76
     244.3      47.89
     246.3      47.88
     248.3      48.03
     250.3      48.09
     252.4      47.56
     254.4      47.07
     256.4      47.08
     258.4      47.59
     260.4      48.22
     262.4      48.58
     264.4      47.94
     266.4      48.18
     268.4      48.74
     270.4      49.23
     272.5      49.19
     274.5      49.22
     276.5      49.37
     278.5      49.79
     280.5      49.31
     282.5      48.63
     284.5      48.06
     286.5      47.66
     288.5      48.18
     290.6      48.84
     292.6      49.11
     294.6      49.25
     296.6      49.22
     298.6      49.25
     300.6      49.17
     302.6      49.12
     304.6       48.7
     306.6      48.05
     308.7      48.37
     310.7      47.45
     312.7      48.22
     314.7         49
     316.7       49.6
     318.7      49.56
     320.7      49.14
     322.7      48.48
     324.7      49.59
     326.8      49.77
     328.8      49.22
     330.8      49.15
     332.8      48.09
     334.8      48.38
     336.8      47.72
     338.8      48.84
     340.8      49.47
     342.8         50
     344.8         50
     346.9         50
     348.9         50
     350.9         50
