     1.003      20.05
     3.009      20.38
     5.014      20.67
      7.02      21.06
     9.026      21.33
     11.03      21.56
     13.04      21.86
     15.04      22.11
     17.05      22.37
     19.05      22.63
     21.06      22.81
     23.07      22.89
     25.07      23.01
     27.08      23.15
     29.08      23.35
     31.09      23.48
      33.1      23.59
      35.1      23.76
     37.11      23.76
     39.11      23.95
     41.12      24.05
     43.12      24.15
     45.13      24.26
     47.14      24.46
     49.14      24.68
     51.15      24.87
     53.15      25.17
     55.16      25.36
     57.16      25.13
     59.17      25.52
     61.18      25.94
     63.18      25.99
     65.19      26.08
     67.19      26.16
      69.2      26.58
     71.21      26.69
     73.21      26.74
     75.22      27.34
     77.22      28.05
     79.23      28.28
     81.23      28.73
     83.24      29.72
     85.25      28.99
     87.25      28.03
     89.26      28.34
     91.26      29.33
     93.27      30.02
     95.27      30.82
     97.28      31.73
     99.29      32.16
     101.3       33.2
     103.3      33.28
     105.3      33.79
     107.3      34.68
     109.3         35
     111.3      34.58
     113.3       34.2
     115.3         36
     117.3      36.22
     119.3      35.97
     121.3       35.8
     123.4      36.35
     125.4      37.16
     127.4      38.14
     129.4      38.43
     131.4      37.39
     133.4      37.72
     135.4      37.59
     137.4      37.45
     139.4      37.69
     141.4      38.12
     143.4      38.01
     145.4      38.11
     147.4      38.27
     149.4      38.51
     151.4       39.4
     153.4      39.44
     155.4      39.99
     157.5      40.45
     159.5      40.41
     161.5      40.47
     163.5      41.45
     165.5      41.74
     167.5      41.72
     169.5      41.74
     171.5      42.73
     173.5      43.44
     175.5         43
     177.5      42.69
     179.5      43.13
     181.5      43.54
     183.5      43.92
     185.5      44.06
     187.5      44.03
     189.5      44.53
     191.6      44.99
     193.6      45.55
     195.6      45.63
     197.6      46.45
     199.6      46.62
     201.6      46.59
     203.6      46.77
     205.6      46.24
     207.6      46.15
     209.6      46.47
     211.6      47.01
     213.6      47.31
     215.6      46.84
     217.6      46.79
     219.6      46.59
     221.6      46.47
     223.6      46.82
     225.7      47.36
     227.7      47.61
     229.7      47.36
     231.7      46.84
     233.7      47.24
     235.7      47.42
     237.7      47.83
     239.7      47.65
     241.7      47.67
     243.7      47.13
     245.7      47.41
     247.7      48.12
     249.7      48.34
     251.7      48.51
     253.7      48.88
     255.7      49.17
     257.7      49.22
     259.7      48.81
     261.8      48.82
     263.8      48.73
     265.8       48.8
     267.8      48.76
     269.8      48.73
     271.8      48.85
     273.8      49.24
     275.8      48.79
     277.8      48.78
     279.8      49.15
     281.8      49.14
     283.8      48.75
     285.8      48.81
     287.8      49.36
     289.8      48.85
     291.8      48.99
     293.8      48.82
     295.9      49.33
     297.9      49.81
     299.9      49.26
     301.9      48.31
     303.9      47.56
     305.9      48.06
     307.9      49.57
     309.9      49.33
     311.9      49.17
     313.9      49.16
     315.9      48.58
     317.9      49.04
     319.9      48.82
     321.9       48.2
     323.9      49.48
     325.9      49.27
     327.9      48.92
       330      48.72
       332      48.57
       334      49.34
       336      48.81
       338       47.9
       340      46.91
       342      46.57
       344      47.47
       346      48.89
       348      48.78
       350       43.8
