         1  7.861e+10
     3.001  4.984e+11
     5.001  9.391e+11
     7.002  1.346e+12
     9.002  1.678e+12
        11  1.962e+12
        13  2.224e+12
        15  2.457e+12
        17  2.677e+12
     19.01  2.888e+12
     21.01  3.088e+12
     23.01  3.282e+12
     25.01  3.467e+12
     27.01  3.649e+12
     29.01  3.821e+12
     31.01  3.993e+12
     33.01  4.161e+12
     35.01  4.323e+12
     37.01   4.47e+12
     39.01  4.611e+12
     41.01  4.747e+12
     43.01  4.884e+12
     45.01  5.024e+12
     47.01  5.154e+12
     49.01  5.267e+12
     51.01  5.373e+12
     53.01  5.471e+12
     55.02  5.564e+12
     57.02  5.659e+12
     59.02  5.748e+12
     61.02  5.841e+12
     63.02   5.93e+12
     65.02  6.016e+12
     67.02  6.108e+12
     69.02  6.206e+12
     71.02  6.297e+12
     73.02  6.383e+12
     75.02  6.463e+12
     77.02  6.537e+12
     79.02  6.609e+12
     81.02  6.679e+12
     83.02  6.749e+12
     85.02  6.815e+12
     87.02  6.876e+12
     89.02  6.939e+12
     91.03  6.998e+12
     93.03  7.059e+12
     95.03  7.115e+12
     97.03  7.171e+12
     99.03  7.225e+12
       101  7.279e+12
       103  7.333e+12
       105  7.381e+12
       107  7.433e+12
       109  7.482e+12
       111   7.53e+12
       113  7.576e+12
       115  7.621e+12
       117  7.664e+12
       119  7.705e+12
       121  7.742e+12
       123  7.783e+12
       125  7.818e+12
       127  7.854e+12
       129  7.891e+12
       131  7.927e+12
       133  7.963e+12
       135  8.005e+12
       137  8.059e+12
       139  8.117e+12
       141  8.177e+12
       143  8.234e+12
       145  8.276e+12
       147   8.31e+12
       149  8.347e+12
       151  8.381e+12
       153   8.42e+12
       155  8.456e+12
       157  8.491e+12
       159  8.523e+12
       161   8.56e+12
       163  8.606e+12
       165  8.662e+12
       167  8.712e+12
       169  8.754e+12
       171  8.795e+12
       173  8.835e+12
       175  8.869e+12
       177  8.898e+12
       179  8.931e+12
       181  8.962e+12
     183.1  8.996e+12
     185.1  9.028e+12
     187.1  9.059e+12
     189.1  9.087e+12
     191.1  9.115e+12
     193.1  9.142e+12
     195.1  9.171e+12
     197.1    9.2e+12
     199.1  9.229e+12
     201.1  9.257e+12
     203.1  9.287e+12
     205.1  9.315e+12
     207.1  9.344e+12
     209.1  9.378e+12
     211.1   9.41e+12
     213.1  9.444e+12
     215.1  9.482e+12
     217.1  9.522e+12
     219.1  9.573e+12
     221.1  9.643e+12
     223.1  9.724e+12
     225.1   9.82e+12
     227.1  9.906e+12
     229.1  9.975e+12
     231.1  1.003e+13
     233.1  1.008e+13
     235.1  1.013e+13
     237.1  1.019e+13
     239.1  1.023e+13
     241.1  1.027e+13
     243.1   1.03e+13
     245.1  1.032e+13
     247.1  1.035e+13
     249.1  1.038e+13
     251.1  1.042e+13
     253.1  1.046e+13
     255.1   1.05e+13
     257.1  1.052e+13
     259.1  1.054e+13
     261.1  1.055e+13
     263.1  1.057e+13
     265.1  1.058e+13
     267.1  1.059e+13
     269.1   1.06e+13
     271.1  1.061e+13
     273.1  1.062e+13
     275.1  1.063e+13
     277.1  1.064e+13
     279.1  1.064e+13
     281.1  1.065e+13
     283.1  1.066e+13
     285.1  1.066e+13
     287.1  1.067e+13
     289.1  1.067e+13
     291.1  1.068e+13
     293.1  1.068e+13
     295.1  1.069e+13
     297.1  1.069e+13
     299.1  1.069e+13
     301.1   1.07e+13
     303.1   1.07e+13
     305.1   1.07e+13
     307.1  1.071e+13
     309.1  1.071e+13
     311.1  1.071e+13
     313.1  1.071e+13
     315.1  1.071e+13
     317.1  1.072e+13
     319.1  1.072e+13
     321.1  1.072e+13
     323.1  1.072e+13
     325.1  1.072e+13
     327.1  1.072e+13
     329.1  1.072e+13
     331.1  1.073e+13
     333.1  1.073e+13
     335.1  1.073e+13
     337.1  1.073e+13
     339.1  1.073e+13
     341.1  1.073e+13
     343.1  1.073e+13
     345.1  1.073e+13
     347.1  1.073e+13
     349.1  1.073e+13
     351.1  1.073e+13
