         1      15.75
     3.001      16.55
     5.001      17.47
     7.002      18.24
     9.002       18.9
        11      19.49
        13      19.96
        15      20.24
        17      20.46
     19.01      20.64
     21.01      20.81
     23.01      20.96
     25.01      21.03
     27.01      21.17
     29.01      21.29
     31.01      21.32
     33.01      21.41
     35.01      21.53
     37.01      21.64
     39.01      21.78
     41.01      21.82
     43.01       21.9
     45.01      21.95
     47.01      22.12
     49.01      22.27
     51.01      22.38
     53.01      22.44
     55.02      22.51
     57.02      22.59
     59.02      22.66
     61.02      22.68
     63.02      22.74
     65.02      22.78
     67.02      22.89
     69.02      22.87
     71.02      22.85
     73.02      22.99
     75.02      23.07
     77.02      23.15
     79.02      23.17
     81.02      23.22
     83.02      23.34
     85.02      23.42
     87.02      23.39
     89.02      23.47
     91.03      23.55
     93.03       23.6
     95.03      23.67
     97.03      23.69
     99.03      23.71
       101      23.79
       103      23.83
       105      23.85
       107      23.89
       109      23.89
       111      23.93
       113      23.94
       115      24.11
       117      24.21
       119      24.23
       121      24.21
       123      24.26
       125      24.36
       127      24.42
       129      24.44
       131      24.47
       133      24.53
       135      24.53
       137      24.56
       139      24.53
       141      24.56
       143      24.58
       145      24.67
       147       24.7
       149      24.67
       151      24.71
       153      24.77
       155      24.79
       157      24.84
       159      24.89
       161      24.87
       163      24.86
       165      24.87
       167      24.91
       169      24.98
       171      25.03
       173      25.01
       175      25.07
       177      25.15
       179      25.12
       181       25.2
     183.1      25.18
     185.1      25.18
     187.1      25.36
     189.1      25.32
     191.1      25.38
     193.1      25.44
     195.1      25.46
     197.1      25.48
     199.1      25.46
     201.1       25.4
     203.1       25.4
     205.1      25.57
     207.1      25.54
     209.1       25.5
     211.1      25.62
     213.1      25.58
     215.1      25.53
     217.1       25.5
     219.1      25.68
     221.1      25.72
     223.1      25.62
     225.1      25.76
     227.1      25.71
     229.1      25.98
     231.1      25.86
     233.1      25.79
     235.1       25.9
     237.1      25.91
     239.1      25.83
     241.1      25.96
     243.1      26.15
     245.1      26.38
     247.1      26.34
     249.1      26.38
     251.1      26.36
     253.1      26.39
     255.1      26.61
     257.1      26.46
     259.1      26.37
     261.1       26.4
     263.1      26.53
     265.1      26.16
     267.1       26.3
     269.1      26.73
     271.1      26.78
     273.1         27
     275.1      27.28
     277.1      27.21
     279.1      26.86
     281.1      26.73
     283.1      26.77
     285.1      27.15
     287.1      27.63
     289.1      27.33
     291.1      27.39
     293.1       27.6
     295.1      27.32
     297.1      27.89
     299.1      27.69
     301.1      27.89
     303.1      27.52
     305.1      27.78
     307.1      28.48
     309.1      29.69
     311.1      28.31
     313.1      28.46
     315.1      27.69
     317.1      27.99
     319.1      29.76
     321.1      29.01
     323.1      28.23
     325.1      29.38
     327.1      28.17
     329.1      27.92
     331.1      28.47
     333.1      28.91
     335.1      29.53
     337.1      29.69
     339.1      29.48
     341.1      29.14
     343.1      31.66
     345.1      32.64
     347.1      32.49
     349.1      30.17
     351.1      32.26
