         1  2.762e+10
     3.001  5.602e+10
     5.001  1.021e+11
     7.002  1.601e+11
     9.002  2.162e+11
        11  2.725e+11
        13  3.299e+11
        15  3.831e+11
        17  4.395e+11
     19.01  4.952e+11
     21.01  5.512e+11
     23.01  6.027e+11
     25.01  6.536e+11
     27.01  7.062e+11
     29.01  7.584e+11
     31.01  8.112e+11
     33.01  8.618e+11
     35.01  9.103e+11
     37.01  9.626e+11
     39.01  1.009e+12
     41.01  1.058e+12
     43.01  1.107e+12
     45.01  1.153e+12
     47.01  1.197e+12
     49.01  1.245e+12
     51.01  1.292e+12
     53.01  1.338e+12
     55.02  1.384e+12
     57.02  1.426e+12
     59.02   1.47e+12
     61.02  1.513e+12
     63.02  1.556e+12
     65.02  1.599e+12
     67.02  1.641e+12
     69.02  1.682e+12
     71.02  1.723e+12
     73.02  1.765e+12
     75.02   1.81e+12
     77.02  1.856e+12
     79.02    1.9e+12
     81.02  1.943e+12
     83.02  1.982e+12
     85.02  2.025e+12
     87.02  2.068e+12
     89.02  2.109e+12
     91.03  2.153e+12
     93.03  2.195e+12
     95.03  2.237e+12
     97.03  2.277e+12
     99.03  2.313e+12
       101  2.351e+12
       103  2.389e+12
       105  2.429e+12
       107  2.469e+12
       109  2.512e+12
       111  2.552e+12
       113  2.593e+12
       115   2.63e+12
       117  2.665e+12
       119  2.701e+12
       121  2.736e+12
       123   2.77e+12
       125  2.805e+12
       127   2.84e+12
       129  2.879e+12
       131  2.915e+12
       133  2.953e+12
       135  2.991e+12
       137  3.027e+12
       139  3.062e+12
       141  3.098e+12
       143  3.135e+12
       145  3.169e+12
       147  3.205e+12
       149  3.236e+12
       151  3.269e+12
       153  3.301e+12
       155  3.333e+12
       157  3.364e+12
       159  3.396e+12
       161  3.426e+12
       163  3.458e+12
       165  3.491e+12
       167  3.524e+12
       169  3.556e+12
       171   3.59e+12
       173  3.621e+12
       175  3.652e+12
       177  3.681e+12
       179  3.709e+12
       181  3.738e+12
     183.1   3.77e+12
     185.1  3.799e+12
     187.1  3.831e+12
     189.1   3.86e+12
     191.1  3.889e+12
     193.1  3.918e+12
     195.1  3.948e+12
     197.1  3.978e+12
     199.1  4.006e+12
     201.1  4.034e+12
     203.1  4.061e+12
     205.1   4.09e+12
     207.1   4.12e+12
     209.1   4.15e+12
     211.1   4.18e+12
     213.1  4.209e+12
     215.1  4.238e+12
     217.1  4.265e+12
     219.1  4.296e+12
     221.1  4.325e+12
     223.1  4.354e+12
     225.1  4.382e+12
     227.1  4.411e+12
     229.1   4.44e+12
     231.1  4.467e+12
     233.1  4.495e+12
     235.1  4.521e+12
     237.1  4.547e+12
     239.1  4.574e+12
     241.1  4.601e+12
     243.1  4.628e+12
     245.1  4.652e+12
     247.1  4.677e+12
     249.1  4.701e+12
     251.1  4.725e+12
     253.1  4.744e+12
     255.1  4.761e+12
     257.1  4.776e+12
     259.1   4.79e+12
     261.1  4.802e+12
     263.1  4.813e+12
     265.1  4.824e+12
     267.1  4.833e+12
     269.1  4.844e+12
     271.1  4.853e+12
     273.1  4.861e+12
     275.1  4.869e+12
     277.1  4.876e+12
     279.1  4.886e+12
     281.1  4.894e+12
     283.1  4.901e+12
     285.1  4.908e+12
     287.1  4.915e+12
     289.1   4.92e+12
     291.1  4.926e+12
     293.1  4.931e+12
     295.1  4.936e+12
     297.1  4.942e+12
     299.1  4.945e+12
     301.1  4.949e+12
     303.1  4.953e+12
     305.1  4.956e+12
     307.1  4.959e+12
     309.1  4.962e+12
     311.1  4.965e+12
     313.1  4.967e+12
     315.1  4.969e+12
     317.1  4.971e+12
     319.1  4.973e+12
     321.1  4.975e+12
     323.1  4.976e+12
     325.1  4.977e+12
     327.1  4.978e+12
     329.1  4.979e+12
     331.1   4.98e+12
     333.1  4.981e+12
     335.1  4.982e+12
     337.1  4.983e+12
     339.1  4.983e+12
     341.1  4.984e+12
     343.1  4.984e+12
     345.1  4.984e+12
     347.1  4.985e+12
     349.1  4.985e+12
     351.1  4.985e+12
