     2.001  1.998e+10
     6.002  6.428e+10
        10  9.718e+10
     14.01  1.204e+11
     18.01  1.398e+11
     22.01  1.584e+11
     26.01  1.722e+11
     30.01  1.848e+11
     34.01  1.958e+11
     38.02  2.044e+11
     42.02  2.159e+11
     46.02  2.239e+11
     50.02    2.3e+11
     54.02   2.36e+11
     58.02  2.409e+11
     62.02  2.455e+11
     66.03  2.506e+11
     70.03  2.558e+11
     74.03  2.598e+11
     78.03  2.636e+11
     82.03  2.669e+11
     86.03  2.715e+11
     90.04  2.748e+11
     94.04  2.782e+11
     98.04  2.809e+11
       102  2.834e+11
       106  2.856e+11
       110  2.875e+11
       114  2.898e+11
       118  2.922e+11
       122  2.938e+11
       126  2.958e+11
     130.1  2.975e+11
     134.1      3e+11
     138.1  3.019e+11
     142.1  3.038e+11
     146.1  3.056e+11
     150.1  3.071e+11
     154.1  3.091e+11
     158.1  3.113e+11
     162.1  3.136e+11
     166.1  3.157e+11
     170.1  3.178e+11
     174.1  3.199e+11
     178.1  3.218e+11
     182.1  3.233e+11
     186.1  3.241e+11
     190.1  3.248e+11
     194.1  3.255e+11
     198.1  3.263e+11
     202.1  3.269e+11
     206.1  3.275e+11
     210.1   3.28e+11
     214.1  3.284e+11
     218.1  3.289e+11
     222.1  3.294e+11
     226.1  3.312e+11
     230.1  3.315e+11
     234.1  3.318e+11
     238.1  3.322e+11
     242.1  3.326e+11
     246.1   3.33e+11
     250.1   3.33e+11
     254.1  3.333e+11
     258.1  3.336e+11
     262.1  3.338e+11
     266.1  3.339e+11
     270.1  3.341e+11
     274.1  3.343e+11
     278.1  3.343e+11
     282.1  3.346e+11
     286.1  3.347e+11
     290.1  3.347e+11
     294.1  3.347e+11
     298.1  3.348e+11
     302.1  3.348e+11
     306.1  3.348e+11
     310.1  3.348e+11
     314.1  3.348e+11
     318.1  3.348e+11
     322.1  3.349e+11
     326.1  3.349e+11
     330.1  3.349e+11
     334.1  3.349e+11
     338.1  3.349e+11
     342.1  3.349e+11
     346.1  3.349e+11
     350.1  3.349e+11
