         1  7.044e+09
     3.001   3.22e+10
     5.002  5.477e+10
     7.003  7.322e+10
     9.004  8.967e+10
        11  1.037e+11
     13.01  1.162e+11
     15.01  1.253e+11
     17.01  1.339e+11
     19.01  1.442e+11
     21.01  1.539e+11
     23.01  1.621e+11
     25.01  1.692e+11
     27.01  1.754e+11
     29.01  1.813e+11
     31.01  1.876e+11
     33.01   1.93e+11
     35.01  1.982e+11
     37.01  2.025e+11
     39.02  2.068e+11
     41.02  2.124e+11
     43.02  2.181e+11
     45.02  2.219e+11
     47.02  2.254e+11
     49.02  2.287e+11
     51.02  2.312e+11
     53.02  2.347e+11
     55.02  2.369e+11
     57.02  2.398e+11
     59.02  2.417e+11
     61.02  2.443e+11
     63.02  2.469e+11
     65.03  2.495e+11
     67.03  2.522e+11
     69.03  2.548e+11
     71.03  2.568e+11
     73.03  2.587e+11
     75.03  2.606e+11
     77.03  2.627e+11
     79.03  2.643e+11
     81.03  2.662e+11
     83.03  2.682e+11
     85.03  2.705e+11
     87.03  2.726e+11
     89.04  2.741e+11
     91.04  2.756e+11
     93.04  2.776e+11
     95.04  2.791e+11
     97.04  2.804e+11
     99.04  2.814e+11
       101  2.828e+11
       103  2.841e+11
       105  2.852e+11
       107   2.86e+11
       109   2.87e+11
       111  2.883e+11
       113  2.895e+11
       115  2.905e+11
       117  2.918e+11
       119  2.928e+11
       121  2.933e+11
       123  2.945e+11
       125   2.95e+11
     127.1  2.961e+11
     129.1  2.971e+11
     131.1   2.98e+11
     133.1  2.996e+11
     135.1  3.002e+11
     137.1  3.014e+11
     139.1  3.026e+11
     141.1  3.034e+11
     143.1  3.044e+11
     145.1  3.052e+11
     147.1  3.058e+11
     149.1  3.068e+11
     151.1  3.077e+11
     153.1  3.087e+11
     155.1  3.098e+11
     157.1  3.108e+11
     159.1   3.12e+11
     161.1  3.129e+11
     163.1   3.14e+11
     165.1  3.154e+11
     167.1  3.163e+11
     169.1  3.174e+11
     171.1  3.183e+11
     173.1  3.192e+11
     175.1  3.205e+11
     177.1  3.213e+11
     179.1  3.221e+11
     181.1  3.231e+11
     183.1  3.236e+11
     185.1  3.238e+11
     187.1  3.243e+11
     189.1  3.248e+11
     191.1   3.25e+11
     193.1  3.253e+11
     195.1  3.256e+11
     197.1  3.259e+11
     199.1  3.264e+11
     201.1  3.269e+11
     203.1  3.271e+11
     205.1  3.274e+11
     207.1  3.276e+11
     209.1  3.278e+11
     211.1   3.28e+11
     213.1  3.282e+11
     215.1  3.285e+11
     217.1  3.287e+11
     219.1   3.29e+11
     221.1  3.293e+11
     223.1  3.296e+11
     225.1  3.308e+11
     227.1  3.313e+11
     229.1  3.314e+11
     231.1  3.316e+11
     233.1  3.317e+11
     235.1  3.321e+11
     237.1  3.321e+11
     239.1  3.324e+11
     241.1  3.325e+11
     243.1  3.327e+11
     245.1  3.329e+11
     247.1   3.33e+11
     249.1   3.33e+11
     251.1  3.331e+11
     253.1  3.331e+11
     255.1  3.334e+11
     257.1  3.335e+11
     259.1  3.336e+11
     261.1  3.337e+11
     263.1  3.339e+11
     265.1  3.339e+11
     267.1  3.339e+11
     269.1   3.34e+11
     271.1  3.342e+11
     273.1  3.342e+11
     275.1  3.343e+11
     277.1  3.343e+11
     279.1  3.343e+11
     281.1  3.346e+11
     283.1  3.346e+11
     285.1  3.347e+11
     287.1  3.347e+11
     289.1  3.347e+11
     291.1  3.347e+11
     293.1  3.347e+11
     295.1  3.348e+11
     297.1  3.348e+11
     299.1  3.348e+11
     301.1  3.348e+11
     303.1  3.348e+11
     305.1  3.348e+11
     307.1  3.348e+11
     309.1  3.348e+11
     311.1  3.348e+11
     313.1  3.348e+11
     315.1  3.348e+11
     317.1  3.348e+11
     319.1  3.348e+11
     321.1  3.349e+11
     323.1  3.349e+11
     325.1  3.349e+11
     327.1  3.349e+11
     329.1  3.349e+11
     331.1  3.349e+11
     333.1  3.349e+11
     335.1  3.349e+11
     337.1  3.349e+11
     339.1  3.349e+11
     341.1  3.349e+11
     343.1  3.349e+11
     345.1  3.349e+11
     347.1  3.349e+11
     349.1  3.349e+11
     351.1  3.349e+11
