     2.001      19.44
     6.002      20.81
        10      21.49
     14.01      21.99
     18.01      22.38
     22.01      22.98
     26.01      23.45
     30.01      23.62
     34.01      24.12
     38.02      24.51
     42.02      24.77
     46.02      25.05
     50.02      25.43
     54.02      26.68
     58.02      28.19
     62.02         29
     66.03       28.3
     70.03      30.41
     74.03      32.27
     78.03      32.28
     82.03      32.75
     86.03      32.91
     90.04      33.24
     94.04      34.47
     98.04      35.55
       102      36.28
       106      38.37
       110      38.99
       114      37.54
       118      39.85
       122      40.84
       126      40.26
     130.1      38.55
     134.1      38.94
     138.1      40.76
     142.1      41.85
     146.1      41.58
     150.1      42.28
     154.1       41.7
     158.1      41.76
     162.1      42.18
     166.1      42.58
     170.1      42.63
     174.1      42.86
     178.1       43.4
     182.1      44.98
     186.1      46.54
     190.1       46.7
     194.1      47.11
     198.1      46.68
     202.1      47.25
     206.1      47.83
     210.1      48.02
     214.1      47.91
     218.1      47.58
     222.1      47.74
     226.1       48.2
     230.1      48.68
     234.1      48.22
     238.1      48.51
     242.1       48.5
     246.1      49.17
     250.1      49.31
     254.1      48.75
     258.1      48.94
     262.1         49
     266.1       49.2
     270.1      48.57
     274.1      49.06
     278.1      48.67
     282.1      48.57
     286.1      49.47
     290.1      49.57
     294.1      49.14
     298.1      49.75
     302.1         50
     306.1         50
     310.1         50
     314.1      49.94
     318.1       49.6
     322.1         50
     326.1         50
     330.1         50
     334.1      49.76
     338.1      48.65
     342.1      49.57
     346.1         50
     350.1         50
