     2.001      19.14
     6.002      20.51
        10      21.21
     14.01      21.74
     18.01      22.13
     22.01       22.7
     26.01      23.18
     30.01      23.36
     34.01      23.86
     38.02      24.23
     42.02       24.5
     46.02      24.79
     50.02      25.16
     54.02      26.43
     58.02      27.92
     62.02      28.66
     66.03      27.99
     70.03      29.99
     74.03      31.82
     78.03       31.9
     82.03      32.39
     86.03      32.68
     90.04       32.9
     94.04      34.27
     98.04      35.37
       102      36.12
       106      38.23
       110      38.86
       114      37.38
       118       39.7
       122      40.69
       126      40.09
     130.1      38.42
     134.1      38.81
     138.1      40.63
     142.1      41.75
     146.1      41.48
     150.1      42.18
     154.1       41.6
     158.1      41.66
     162.1      42.09
     166.1      42.48
     170.1      42.51
     174.1      42.75
     178.1      43.32
     182.1      44.92
     186.1      46.44
     190.1      46.64
     194.1      47.02
     198.1      46.56
     202.1      47.07
     206.1      47.73
     210.1      47.91
     214.1      47.79
     218.1      47.49
     222.1      47.69
     226.1      48.18
     230.1      48.66
     234.1       48.2
     238.1      48.46
     242.1      48.44
     246.1      49.11
     250.1      49.26
     254.1      48.72
     258.1      48.93
     262.1      48.99
     266.1      49.19
     270.1      48.55
     274.1      49.05
     278.1      48.65
     282.1      48.56
     286.1      49.47
     290.1      49.56
     294.1      49.13
     298.1      49.74
     302.1         50
     306.1         50
     310.1         50
     314.1      49.94
     318.1      49.59
     322.1         50
     326.1         50
     330.1         50
     334.1      49.76
     338.1      48.64
     342.1      49.57
     346.1         50
     350.1         50
