         1  2.034e+11
     3.001  1.209e+12
     5.001   2.15e+12
     7.002  2.779e+12
     9.002  3.245e+12
        11  3.625e+12
        13  3.962e+12
        15  4.258e+12
        17  4.533e+12
     19.01  4.776e+12
     21.01  5.015e+12
     23.01  5.233e+12
     25.01  5.445e+12
     27.01  5.642e+12
     29.01  5.833e+12
     31.01  6.023e+12
     33.01  6.213e+12
     35.01  6.407e+12
     37.01  6.591e+12
     39.01  6.757e+12
     41.01  6.911e+12
     43.01  7.061e+12
     45.01   7.21e+12
     47.01  7.357e+12
     49.01  7.498e+12
     51.01  7.633e+12
     53.01  7.763e+12
     55.02  7.896e+12
     57.02  8.021e+12
     59.02  8.144e+12
     61.02  8.267e+12
     63.02  8.385e+12
     65.02  8.503e+12
     67.02  8.623e+12
     69.02  8.746e+12
     71.02  8.867e+12
     73.02  8.986e+12
     75.02  9.096e+12
     77.02    9.2e+12
     79.02  9.302e+12
     81.02  9.405e+12
     83.02  9.503e+12
     85.02    9.6e+12
     87.02  9.702e+12
     89.02  9.815e+12
     91.03  9.919e+12
     93.03  1.002e+13
     95.03  1.011e+13
     97.03   1.02e+13
     99.03  1.028e+13
       101  1.037e+13
       103  1.046e+13
       105  1.054e+13
       107  1.063e+13
       109  1.072e+13
       111   1.08e+13
       113  1.089e+13
       115  1.098e+13
       117  1.108e+13
       119  1.117e+13
       121  1.125e+13
       123  1.133e+13
       125  1.143e+13
       127  1.152e+13
       129  1.162e+13
       131  1.171e+13
       133   1.18e+13
       135  1.187e+13
       137  1.194e+13
       139  1.201e+13
       141  1.209e+13
       143  1.218e+13
       145  1.226e+13
       147  1.234e+13
       149   1.24e+13
       151  1.247e+13
       153  1.252e+13
       155  1.258e+13
       157  1.264e+13
       159  1.272e+13
       161  1.281e+13
       163   1.29e+13
       165    1.3e+13
       167  1.309e+13
       169  1.322e+13
       171  1.337e+13
       173  1.352e+13
       175  1.366e+13
       177  1.379e+13
       179  1.392e+13
       181  1.403e+13
     183.1  1.412e+13
     185.1  1.419e+13
     187.1  1.425e+13
     189.1   1.43e+13
     191.1  1.434e+13
     193.1  1.437e+13
     195.1  1.441e+13
     197.1  1.444e+13
     199.1  1.448e+13
     201.1  1.451e+13
     203.1  1.454e+13
     205.1  1.457e+13
     207.1   1.46e+13
     209.1  1.463e+13
     211.1  1.466e+13
     213.1   1.47e+13
     215.1  1.473e+13
     217.1  1.476e+13
     219.1   1.48e+13
     221.1  1.485e+13
     223.1  1.489e+13
     225.1  1.492e+13
     227.1  1.495e+13
     229.1  1.498e+13
     231.1    1.5e+13
     233.1  1.504e+13
     235.1  1.508e+13
     237.1  1.511e+13
     239.1  1.513e+13
     241.1  1.515e+13
     243.1  1.517e+13
     245.1   1.52e+13
     247.1  1.522e+13
     249.1  1.524e+13
     251.1  1.527e+13
     253.1  1.529e+13
     255.1  1.532e+13
     257.1  1.536e+13
     259.1  1.541e+13
     261.1  1.551e+13
     263.1   1.56e+13
     265.1  1.568e+13
     267.1  1.572e+13
     269.1  1.575e+13
     271.1  1.577e+13
     273.1  1.578e+13
     275.1  1.579e+13
     277.1   1.58e+13
     279.1  1.581e+13
     281.1  1.582e+13
     283.1  1.583e+13
     285.1  1.583e+13
     287.1  1.584e+13
     289.1  1.584e+13
     291.1  1.585e+13
     293.1  1.585e+13
     295.1  1.585e+13
     297.1  1.586e+13
     299.1  1.586e+13
     301.1  1.587e+13
     303.1  1.587e+13
     305.1  1.587e+13
     307.1  1.588e+13
     309.1  1.588e+13
     311.1  1.588e+13
     313.1  1.589e+13
     315.1  1.589e+13
     317.1  1.589e+13
     319.1   1.59e+13
     321.1   1.59e+13
     323.1   1.59e+13
     325.1   1.59e+13
     327.1   1.59e+13
     329.1   1.59e+13
     331.1  1.591e+13
     333.1  1.591e+13
     335.1  1.591e+13
     337.1  1.591e+13
     339.1  1.591e+13
     341.1  1.591e+13
     343.1  1.591e+13
     345.1  1.591e+13
     347.1  1.591e+13
     349.1  1.591e+13
     351.1  1.591e+13
