         1      14.39
     3.001         16
     5.001      17.34
     7.002      18.37
     9.002      18.82
        11      19.23
        13      19.59
        15      19.87
        17       20.2
     19.01      20.41
     21.01      20.59
     23.01      20.75
     25.01      20.78
     27.01      20.95
     29.01      21.05
     31.01      21.16
     33.01      21.22
     35.01       21.3
     37.01      21.43
     39.01      21.51
     41.01      21.57
     43.01      21.63
     45.01       21.7
     47.01      21.73
     49.01      21.82
     51.01      21.92
     53.01      22.05
     55.02      22.11
     57.02      22.17
     59.02      22.24
     61.02      22.29
     63.02      22.38
     65.02      22.42
     67.02      22.43
     69.02      22.46
     71.02      22.52
     73.02      22.54
     75.02      22.58
     77.02      22.71
     79.02      22.74
     81.02      22.83
     83.02      22.83
     85.02      22.84
     87.02      22.89
     89.02      22.95
     91.03      23.04
     93.03      23.08
     95.03       23.1
     97.03      23.23
     99.03      23.23
       101      23.27
       103      23.32
       105      23.33
       107      23.37
       109      23.34
       111      23.41
       113      23.44
       115      23.47
       117      23.49
       119       23.5
       121      23.62
       123      23.71
       125      23.69
       127      23.74
       129      23.79
       131      23.88
       133      23.92
       135      23.93
       137      23.92
       139       23.9
       141      23.97
       143         24
       145       24.1
       147      24.14
       149      24.19
       151      24.22
       153      24.29
       155      24.28
       157      24.21
       159      24.28
       161      24.35
       163      24.35
       165      24.34
       167      24.35
       169      24.46
       171      24.47
       173      24.59
       175      24.58
       177      24.61
       179      24.67
       181      24.71
     183.1      24.73
     185.1      24.82
     187.1      24.94
     189.1      25.03
     191.1      25.11
     193.1      25.24
     195.1      25.27
     197.1      25.46
     199.1      25.46
     201.1      25.38
     203.1      25.41
     205.1      25.48
     207.1      25.58
     209.1      25.64
     211.1      25.68
     213.1      25.73
     215.1      25.78
     217.1      26.07
     219.1      25.83
     221.1      25.81
     223.1      25.96
     225.1      26.01
     227.1      26.14
     229.1      26.11
     231.1      25.97
     233.1      26.19
     235.1      26.26
     237.1       26.5
     239.1      26.58
     241.1      26.58
     243.1      26.65
     245.1      26.48
     247.1      26.76
     249.1      27.03
     251.1      27.26
     253.1      27.17
     255.1      27.38
     257.1      27.45
     259.1       27.6
     261.1      27.73
     263.1      27.58
     265.1      27.41
     267.1      27.25
     269.1       27.9
     271.1      27.66
     273.1      27.55
     275.1      27.93
     277.1       28.5
     279.1      28.54
     281.1      28.35
     283.1      28.71
     285.1      29.51
     287.1      30.23
     289.1      29.56
     291.1      29.58
     293.1      29.68
     295.1      29.75
     297.1      29.44
     299.1      29.52
     301.1      29.09
     303.1      28.69
     305.1      28.83
     307.1      30.47
     309.1      31.11
     311.1      30.22
     313.1      30.09
     315.1      29.13
     317.1      28.74
     319.1      29.23
     321.1      30.72
     323.1       31.7
     325.1      31.94
     327.1      32.42
     329.1      33.49
     331.1      35.07
     333.1      35.85
     335.1      36.26
     337.1      36.17
     339.1      36.34
     341.1      35.01
     343.1      32.69
     345.1      33.17
     347.1      32.72
     349.1      32.81
     351.1       32.2
