         1  2.272e+10
     3.001  4.348e+10
     5.001  8.189e+10
     7.002    1.3e+11
     9.002   1.85e+11
        11  2.414e+11
        13  2.982e+11
        15  3.527e+11
        17   4.08e+11
     19.01  4.645e+11
     21.01  5.186e+11
     23.01  5.742e+11
     25.01  6.328e+11
     27.01   6.84e+11
     29.01  7.375e+11
     31.01   7.89e+11
     33.01  8.395e+11
     35.01  8.917e+11
     37.01  9.397e+11
     39.01  9.929e+11
     41.01  1.048e+12
     43.01  1.102e+12
     45.01  1.151e+12
     47.01  1.199e+12
     49.01  1.244e+12
     51.01  1.289e+12
     53.01  1.331e+12
     55.02  1.376e+12
     57.02  1.419e+12
     59.02  1.461e+12
     61.02  1.503e+12
     63.02  1.546e+12
     65.02  1.588e+12
     67.02   1.63e+12
     69.02   1.67e+12
     71.02  1.712e+12
     73.02  1.752e+12
     75.02  1.794e+12
     77.02  1.838e+12
     79.02  1.883e+12
     81.02  1.923e+12
     83.02  1.961e+12
     85.02  2.002e+12
     87.02  2.042e+12
     89.02  2.082e+12
     91.03  2.118e+12
     93.03  2.154e+12
     95.03  2.191e+12
     97.03  2.228e+12
     99.03  2.268e+12
       101  2.307e+12
       103  2.348e+12
       105  2.392e+12
       107  2.435e+12
       109  2.477e+12
       111  2.518e+12
       113   2.56e+12
       115  2.595e+12
       117  2.628e+12
       119  2.663e+12
       121  2.701e+12
       123  2.747e+12
       125  2.795e+12
       127  2.837e+12
       129  2.878e+12
       131  2.914e+12
       133  2.949e+12
       135   2.98e+12
       137  3.009e+12
       139  3.038e+12
       141  3.069e+12
       143  3.106e+12
       145  3.142e+12
       147  3.173e+12
       149  3.206e+12
       151  3.241e+12
       153  3.272e+12
       155  3.301e+12
       157   3.33e+12
       159  3.357e+12
       161  3.382e+12
       163  3.408e+12
       165  3.437e+12
       167  3.469e+12
       169    3.5e+12
       171  3.529e+12
       173  3.559e+12
       175  3.592e+12
       177  3.627e+12
       179  3.659e+12
       181  3.685e+12
     183.1  3.711e+12
     185.1  3.735e+12
     187.1  3.761e+12
     189.1  3.785e+12
     191.1  3.807e+12
     193.1  3.831e+12
     195.1  3.856e+12
     197.1  3.881e+12
     199.1  3.909e+12
     201.1  3.946e+12
     203.1  3.984e+12
     205.1  4.016e+12
     207.1  4.049e+12
     209.1  4.078e+12
     211.1  4.107e+12
     213.1  4.132e+12
     215.1  4.152e+12
     217.1  4.172e+12
     219.1  4.194e+12
     221.1  4.217e+12
     223.1  4.244e+12
     225.1  4.272e+12
     227.1  4.299e+12
     229.1  4.328e+12
     231.1  4.351e+12
     233.1  4.372e+12
     235.1  4.391e+12
     237.1  4.414e+12
     239.1  4.441e+12
     241.1   4.47e+12
     243.1  4.497e+12
     245.1  4.521e+12
     247.1  4.543e+12
     249.1  4.564e+12
     251.1  4.586e+12
     253.1    4.6e+12
     255.1  4.615e+12
     257.1  4.632e+12
     259.1  4.647e+12
     261.1  4.661e+12
     263.1  4.672e+12
     265.1  4.679e+12
     267.1  4.686e+12
     269.1  4.692e+12
     271.1  4.698e+12
     273.1  4.704e+12
     275.1  4.708e+12
     277.1  4.713e+12
     279.1  4.719e+12
     281.1  4.726e+12
     283.1  4.736e+12
     285.1  4.747e+12
     287.1  4.753e+12
     289.1  4.757e+12
     291.1  4.761e+12
     293.1  4.764e+12
     295.1  4.767e+12
     297.1   4.77e+12
     299.1  4.772e+12
     301.1  4.775e+12
     303.1  4.777e+12
     305.1  4.779e+12
     307.1  4.781e+12
     309.1  4.783e+12
     311.1  4.785e+12
     313.1  4.786e+12
     315.1  4.788e+12
     317.1   4.79e+12
     319.1  4.791e+12
     321.1  4.792e+12
     323.1  4.793e+12
     325.1  4.794e+12
     327.1  4.795e+12
     329.1  4.796e+12
     331.1  4.797e+12
     333.1  4.798e+12
     335.1  4.799e+12
     337.1  4.803e+12
     339.1  4.811e+12
     341.1   4.82e+12
     343.1  4.824e+12
     345.1  4.826e+12
     347.1  4.827e+12
     349.1  4.827e+12
     351.1  4.827e+12
