     2.001      18.35
     6.002      20.43
        10      20.84
        14      21.06
        18      21.46
     22.01      21.66
     26.01      21.89
     30.01      22.05
     34.01      22.27
     38.01      22.35
     42.01      22.47
     46.01      22.63
     50.01      22.77
     54.01      22.95
     58.02      23.07
     62.02      23.12
     66.02      23.25
     70.02      23.32
     74.02      23.39
     78.02      23.51
     82.02      23.56
     86.02      23.62
     90.02      23.71
     94.03      23.78
     98.03      23.88
       102      23.95
       106         24
       110      24.13
       114       24.2
       118       24.3
       122      24.38
       126      24.41
       130      24.54
       134      24.62
       138      24.76
       142      24.74
       146      24.77
       150      24.92
       154      25.11
       158      25.16
       162      25.28
       166      25.38
       170      25.32
       174      25.39
       178      25.42
     182.1       25.6
     186.1      25.78
     190.1      25.87
     194.1      25.86
     198.1      25.82
     202.1      25.82
     206.1      26.04
     210.1      25.86
     214.1      25.93
     218.1      26.09
     222.1      26.24
     226.1      26.22
     230.1      26.33
     234.1      26.57
     238.1      26.69
     242.1       26.7
     246.1      26.94
     250.1      27.37
     254.1      27.66
     258.1      27.51
     262.1      27.69
     266.1      27.85
     270.1      27.82
     274.1      27.43
     278.1      27.41
     282.1      28.05
     286.1      28.67
     290.1      28.49
     294.1      28.46
     298.1      29.15
     302.1      28.86
     306.1      28.69
     310.1      29.07
     314.1      29.37
     318.1      30.43
     322.1       29.2
     326.1      29.02
     330.1      31.15
     334.1      31.97
     338.1      30.84
     342.1      30.48
     346.1      34.08
     350.1       37.1
