     1.006      17.21
     3.017      18.96
     5.028      19.46
     7.039      19.69
      9.05      19.88
     11.06      20.32
     13.07      20.57
     15.08      20.96
     17.09       21.2
     19.11      21.41
     21.12      21.77
     23.13      21.94
     25.14      22.17
     27.15      22.38
     29.16      22.48
     31.17      22.49
     33.18      22.65
     35.19      22.74
     37.21      22.69
     39.22      22.68
     41.23      22.97
     43.24      23.18
     45.25      23.51
     47.26      23.55
     49.27      23.58
     51.28      23.38
     53.29      23.53
     55.31      23.64
     57.32      23.72
     59.33      23.62
     61.34      23.64
     63.35       23.7
     65.36      24.08
     67.37      24.58
     69.38      24.92
     71.39      24.86
     73.41      25.33
     75.42      25.86
     77.43      25.75
     79.44      25.91
     81.45      26.73
     83.46      27.64
     85.47      28.19
     87.48      27.91
     89.49      27.84
      91.5      28.52
     93.52      27.99
     95.53      28.41
     97.54      28.65
     99.55      29.31
     101.6      30.44
     103.6      31.14
     105.6      31.43
     107.6      32.09
     109.6      31.77
     111.6      32.04
     113.6      32.02
     115.6      33.75
     117.6      34.97
     119.7      34.87
     121.7      35.16
     123.7      35.91
     125.7      37.08
     127.7      38.08
     129.7      38.58
     131.7      39.47
     133.7      38.53
     135.7      39.04
     137.8      39.03
     139.8      38.88
     141.8      38.06
     143.8      38.01
     145.8      38.05
     147.8      38.64
     149.8      39.89
     151.8      40.81
     153.8      41.43
     155.9      41.07
     157.9      42.03
     159.9      42.04
     161.9      42.78
     163.9      43.25
     165.9      43.66
     167.9      43.86
     169.9      43.63
     171.9      43.87
       174      44.52
       176      44.91
       178      44.42
       180      44.31
       182      44.55
       184      44.81
       186      45.92
       188      45.97
       190       45.6
     192.1      45.89
     194.1      45.51
     196.1      45.89
     198.1      46.15
     200.1      47.21
     202.1      47.66
     204.1      47.69
     206.1      47.34
     208.1      47.71
     210.2      47.82
     212.2      48.23
     214.2      48.53
     216.2      47.82
     218.2      47.77
     220.2      47.74
     222.2      48.04
     224.2      48.68
     226.2      48.66
     228.3      48.67
     230.3      48.38
     232.3      48.84
     234.3         49
     236.3      48.99
     238.3      48.75
     240.3      49.08
     242.3      49.11
     244.3      49.12
     246.4      49.14
     248.4      49.21
     250.4       49.7
     252.4      49.44
     254.4       49.2
     256.4      48.74
     258.4      49.07
     260.4      49.15
     262.4      49.16
     264.5      49.13
     266.5      49.28
     268.5      49.39
     270.5      49.39
     272.5      49.32
     274.5      49.49
     276.5      49.21
     278.5       49.6
     280.5      49.16
     282.6      49.39
     284.6       49.6
     286.6      49.63
     288.6      49.75
     290.6      49.47
     292.6      49.39
     294.6      49.13
     296.6         49
     298.6      49.27
     300.7       49.1
     302.7      49.43
     304.7      49.56
     306.7      49.66
     308.7      49.19
     310.7      49.26
     312.7      48.84
     314.7      49.04
     316.7      48.84
     318.8      48.24
     320.8      47.92
     322.8      48.38
     324.8      49.31
     326.8      49.83
     328.8      49.62
     330.8      49.06
     332.8      49.79
     334.8         50
     336.9         50
     338.9         50
     340.9         50
     342.9         50
     344.9         50
     346.9         50
     348.9         50
     350.9         50
