         1  1.287e+10
     3.001  5.714e+10
     5.002  9.557e+10
     7.003  1.264e+11
     9.004  1.524e+11
        11   1.72e+11
     13.01  1.932e+11
     15.01  2.173e+11
     17.01  2.371e+11
     19.01  2.584e+11
     21.01  2.789e+11
     23.01  2.979e+11
     25.01  3.153e+11
     27.01  3.317e+11
     29.01  3.459e+11
     31.01  3.593e+11
     33.01  3.714e+11
     35.02  3.834e+11
     37.02  3.946e+11
     39.02  4.047e+11
     41.02  4.154e+11
     43.02  4.276e+11
     45.02  4.397e+11
     47.02  4.501e+11
     49.02  4.597e+11
     51.02  4.671e+11
     53.02  4.748e+11
     55.02  4.812e+11
     57.02  4.861e+11
     59.03  4.907e+11
     61.03  4.947e+11
     63.03  4.983e+11
     65.03  5.025e+11
     67.03  5.058e+11
     69.03  5.092e+11
     71.03  5.127e+11
     73.03  5.156e+11
     75.03  5.183e+11
     77.03  5.206e+11
     79.03  5.238e+11
     81.04  5.294e+11
     83.04  5.338e+11
     85.04  5.366e+11
     87.04  5.398e+11
     89.04  5.429e+11
     91.04  5.465e+11
     93.04    5.5e+11
     95.04  5.522e+11
     97.04  5.551e+11
     99.04  5.582e+11
       101  5.617e+11
       103  5.639e+11
       105  5.653e+11
       107  5.668e+11
       109  5.691e+11
       111  5.711e+11
       113  5.734e+11
     115.1  5.755e+11
     117.1  5.778e+11
     119.1  5.805e+11
     121.1  5.823e+11
     123.1  5.854e+11
     125.1  5.873e+11
     127.1  5.895e+11
     129.1  5.919e+11
     131.1  5.938e+11
     133.1  5.956e+11
     135.1  5.977e+11
     137.1  5.994e+11
     139.1  6.008e+11
     141.1  6.019e+11
     143.1   6.03e+11
     145.1  6.043e+11
     147.1  6.052e+11
     149.1  6.067e+11
     151.1  6.077e+11
     153.1   6.09e+11
     155.1    6.1e+11
     157.1  6.109e+11
     159.1  6.125e+11
     161.1  6.134e+11
     163.1  6.149e+11
     165.1  6.157e+11
     167.1  6.167e+11
     169.1  6.179e+11
     171.1  6.188e+11
     173.1    6.2e+11
     175.1  6.206e+11
     177.1  6.218e+11
     179.1  6.228e+11
     181.1  6.237e+11
     183.1  6.249e+11
     185.1  6.261e+11
     187.1  6.282e+11
     189.1  6.295e+11
     191.1  6.309e+11
     193.1  6.323e+11
     195.1  6.336e+11
     197.1   6.35e+11
     199.1  6.356e+11
     201.1  6.363e+11
     203.1   6.37e+11
     205.1  6.377e+11
     207.1  6.385e+11
     209.1  6.394e+11
     211.1  6.401e+11
     213.1  6.411e+11
     215.1  6.418e+11
     217.1  6.426e+11
     219.1  6.432e+11
     221.1  6.437e+11
     223.1  6.443e+11
     225.1  6.449e+11
     227.1  6.458e+11
     229.1   6.47e+11
     231.1  6.477e+11
     233.1  6.484e+11
     235.1   6.49e+11
     237.1  6.495e+11
     239.1  6.498e+11
     241.1  6.501e+11
     243.1  6.508e+11
     245.1  6.512e+11
     247.1  6.517e+11
     249.1  6.526e+11
     251.1   6.53e+11
     253.1  6.532e+11
     255.1  6.536e+11
     257.1   6.54e+11
     259.1  6.543e+11
     261.1  6.545e+11
     263.1  6.549e+11
     265.1  6.552e+11
     267.1  6.553e+11
     269.1  6.554e+11
     271.1  6.555e+11
     273.1  6.557e+11
     275.1  6.557e+11
     277.1  6.558e+11
     279.1   6.56e+11
     281.1  6.561e+11
     283.1  6.562e+11
     285.1  6.564e+11
     287.1  6.564e+11
     289.1  6.564e+11
     291.1  6.566e+11
     293.1  6.566e+11
     295.1  6.568e+11
     297.1  6.568e+11
     299.1  6.569e+11
     301.1  6.569e+11
     303.1   6.57e+11
     305.1   6.57e+11
     307.1   6.57e+11
     309.1   6.57e+11
     311.1   6.57e+11
     313.1   6.57e+11
     315.1   6.57e+11
     317.1  6.571e+11
     319.1  6.571e+11
     321.1  6.571e+11
     323.1  6.571e+11
     325.1  6.571e+11
     327.1  6.571e+11
     329.1  6.571e+11
     331.1  6.571e+11
     333.1  6.571e+11
     335.1  6.571e+11
     337.1  6.571e+11
     339.1  6.571e+11
     341.1  6.571e+11
     343.1  6.571e+11
     345.2  6.571e+11
     347.2  6.571e+11
     349.2  6.571e+11
     351.2  6.572e+11
