         1  9.101e+10
     3.001  5.035e+11
     5.001  8.395e+11
     7.002  1.126e+12
     9.002  1.383e+12
        11  1.612e+12
        13  1.826e+12
        15  2.023e+12
        17  2.196e+12
     19.01  2.358e+12
     21.01  2.503e+12
     23.01  2.642e+12
     25.01  2.772e+12
     27.01  2.897e+12
     29.01  3.006e+12
     31.01  3.106e+12
     33.01  3.202e+12
     35.01  3.294e+12
     37.01  3.376e+12
     39.01  3.455e+12
     41.01  3.533e+12
     43.01  3.605e+12
     45.01  3.671e+12
     47.01  3.733e+12
     49.01  3.792e+12
     51.01  3.848e+12
     53.01  3.904e+12
     55.02  3.957e+12
     57.02  4.006e+12
     59.02  4.057e+12
     61.02  4.104e+12
     63.02  4.148e+12
     65.02  4.192e+12
     67.02  4.238e+12
     69.02  4.282e+12
     71.02  4.326e+12
     73.02  4.364e+12
     75.02  4.404e+12
     77.02  4.442e+12
     79.02   4.48e+12
     81.02  4.515e+12
     83.02  4.549e+12
     85.02  4.583e+12
     87.02  4.616e+12
     89.02  4.653e+12
     91.03  4.682e+12
     93.03  4.715e+12
     95.03  4.747e+12
     97.03  4.778e+12
     99.03  4.804e+12
       101  4.831e+12
       103  4.857e+12
       105  4.882e+12
       107  4.904e+12
       109  4.926e+12
       111   4.95e+12
       113  4.969e+12
       115  4.989e+12
       117   5.01e+12
       119   5.03e+12
       121  5.049e+12
       123  5.066e+12
       125  5.084e+12
       127  5.101e+12
       129  5.119e+12
       131  5.136e+12
       133  5.154e+12
       135  5.171e+12
       137  5.189e+12
       139  5.206e+12
       141  5.221e+12
       143  5.238e+12
       145  5.255e+12
       147  5.271e+12
       149  5.287e+12
       151  5.302e+12
       153  5.318e+12
       155  5.334e+12
       157   5.35e+12
       159  5.366e+12
       161  5.382e+12
       163  5.397e+12
       165  5.413e+12
       167  5.431e+12
       169  5.447e+12
       171  5.462e+12
       173  5.475e+12
       175   5.49e+12
       177  5.505e+12
       179  5.518e+12
       181  5.533e+12
     183.1  5.547e+12
     185.1  5.558e+12
     187.1   5.57e+12
     189.1  5.583e+12
     191.1  5.595e+12
     193.1  5.607e+12
     195.1  5.618e+12
     197.1   5.63e+12
     199.1  5.642e+12
     201.1  5.653e+12
     203.1  5.665e+12
     205.1  5.674e+12
     207.1  5.685e+12
     209.1  5.694e+12
     211.1  5.703e+12
     213.1  5.711e+12
     215.1  5.723e+12
     217.1  5.731e+12
     219.1   5.74e+12
     221.1  5.749e+12
     223.1  5.759e+12
     225.1  5.768e+12
     227.1  5.778e+12
     229.1  5.787e+12
     231.1  5.796e+12
     233.1  5.804e+12
     235.1  5.813e+12
     237.1  5.822e+12
     239.1   5.83e+12
     241.1  5.838e+12
     243.1  5.847e+12
     245.1  5.855e+12
     247.1  5.863e+12
     249.1  5.872e+12
     251.1   5.88e+12
     253.1  5.887e+12
     255.1  5.894e+12
     257.1    5.9e+12
     259.1  5.906e+12
     261.1  5.911e+12
     263.1  5.916e+12
     265.1  5.921e+12
     267.1  5.925e+12
     269.1  5.929e+12
     271.1  5.934e+12
     273.1  5.938e+12
     275.1  5.941e+12
     277.1  5.944e+12
     279.1  5.947e+12
     281.1  5.951e+12
     283.1  5.954e+12
     285.1  5.957e+12
     287.1   5.96e+12
     289.1  5.962e+12
     291.1  5.965e+12
     293.1  5.969e+12
     295.1  5.973e+12
     297.1  5.976e+12
     299.1  5.979e+12
     301.1  5.981e+12
     303.1  5.982e+12
     305.1  5.984e+12
     307.1  5.985e+12
     309.1  5.986e+12
     311.1  5.987e+12
     313.1  5.989e+12
     315.1   5.99e+12
     317.1   5.99e+12
     319.1  5.991e+12
     321.1  5.991e+12
     323.1  5.992e+12
     325.1  5.993e+12
     327.1  5.994e+12
     329.1  5.994e+12
     331.1  5.994e+12
     333.1  5.995e+12
     335.1  5.995e+12
     337.1  5.995e+12
     339.1  5.995e+12
     341.1  5.995e+12
     343.1  5.996e+12
     345.1  5.996e+12
     347.1  5.996e+12
     349.1  5.996e+12
     351.1  5.996e+12
