         1      15.13
     3.001      16.44
     5.001      17.74
     7.002      18.49
     9.002      19.14
        11      19.56
        13      19.95
        15      20.34
        17      20.57
     19.01      20.89
     21.01      21.02
     23.01      21.21
     25.01      21.33
     27.01      21.56
     29.01      21.78
     31.01      21.93
     33.01      22.05
     35.01      22.19
     37.01      22.33
     39.01      22.44
     41.01      22.52
     43.01      22.66
     45.01       22.8
     47.01      22.91
     49.01      22.98
     51.01      23.06
     53.01       23.1
     55.02      23.23
     57.02      23.32
     59.02      23.41
     61.02      23.49
     63.02      23.53
     65.02      23.54
     67.02      23.59
     69.02      23.64
     71.02      23.77
     73.02      23.84
     75.02      23.87
     77.02      23.92
     79.02      23.99
     81.02      24.09
     83.02      24.17
     85.02      24.19
     87.02       24.2
     89.02      24.33
     91.03      24.43
     93.03      24.44
     95.03      24.44
     97.03      24.52
     99.03      24.59
       101      24.62
       103      24.73
       105      24.85
       107      24.89
       109      24.89
       111      24.95
       113      25.08
       115      25.06
       117       25.1
       119      25.22
       121      25.31
       123      25.33
       125      25.37
       127      25.42
       129      25.41
       131      25.42
       133      25.45
       135      25.52
       137      25.55
       139       25.7
       141      25.75
       143      25.69
       145      25.77
       147       25.8
       149      25.81
       151      25.96
       153      25.95
       155      26.04
       157      25.99
       159      26.26
       161      26.27
       163       26.2
       165      26.14
       167       26.1
       169      26.21
       171      26.49
       173      26.78
       175      26.56
       177      26.56
       179      26.46
       181      26.53
     183.1       27.1
     185.1      27.39
     187.1      27.22
     189.1      26.89
     191.1      27.11
     193.1      27.19
     195.1       27.2
     197.1      27.46
     199.1       27.6
     201.1      27.38
     203.1      27.42
     205.1      27.53
     207.1      27.59
     209.1      28.14
     211.1      27.85
     213.1      27.75
     215.1      27.94
     217.1      28.28
     219.1      28.36
     221.1      28.42
     223.1       28.8
     225.1       28.5
     227.1      28.56
     229.1       28.8
     231.1       29.2
     233.1      29.22
     235.1       29.2
     237.1      28.73
     239.1      29.05
     241.1      29.24
     243.1      29.46
     245.1      29.96
     247.1      30.22
     249.1      30.61
     251.1      30.29
     253.1      29.36
     255.1      29.22
     257.1      30.09
     259.1      29.83
     261.1      29.76
     263.1      29.56
     265.1      29.08
     267.1       29.5
     269.1      29.54
     271.1      29.59
     273.1      29.83
     275.1      30.27
     277.1      29.18
     279.1      29.31
     281.1      29.97
     283.1      30.46
     285.1      30.79
     287.1      31.94
     289.1      32.16
     291.1      31.07
     293.1      30.89
     295.1      30.66
     297.1         32
     299.1       31.6
     301.1      31.97
     303.1      32.28
     305.1      33.53
     307.1      34.82
     309.1      34.28
     311.1      33.57
     313.1      34.67
     315.1      36.17
     317.1      36.81
     319.1      37.01
     321.1      35.61
     323.1       34.2
     325.1      32.72
     327.1       32.8
     329.1      33.84
     331.1      37.77
     333.1      37.82
     335.1         37
     337.1      38.26
     339.1      40.16
     341.1      39.84
     343.1      36.53
     345.1      36.06
     347.1      38.79
     349.1      43.39
     351.1       44.6
