     2.001  2.112e+10
     6.002  8.317e+10
        10  1.388e+11
     14.01  1.924e+11
     18.01  2.446e+11
     22.01  2.977e+11
     26.01  3.506e+11
     30.01  3.994e+11
     34.01  4.492e+11
     38.02  4.932e+11
     42.02   5.32e+11
     46.02  5.707e+11
     50.02  6.072e+11
     54.02  6.417e+11
     58.02   6.74e+11
     62.02  7.037e+11
     66.03  7.339e+11
     70.03  7.646e+11
     74.03  7.997e+11
     78.03  8.352e+11
     82.03    8.7e+11
     86.03  9.028e+11
     90.04  9.313e+11
     94.04  9.574e+11
     98.04  9.797e+11
       102  1.003e+12
       106  1.028e+12
       110  1.052e+12
       114  1.078e+12
       118  1.104e+12
       122  1.131e+12
       126  1.161e+12
     130.1  1.182e+12
     134.1  1.203e+12
     138.1  1.224e+12
     142.1  1.247e+12
     146.1  1.274e+12
     150.1  1.297e+12
     154.1  1.322e+12
     158.1  1.347e+12
     162.1  1.368e+12
     166.1  1.389e+12
     170.1  1.408e+12
     174.1  1.423e+12
     178.1  1.436e+12
     182.1   1.45e+12
     186.1  1.464e+12
     190.1  1.474e+12
     194.1  1.484e+12
     198.1  1.493e+12
     202.1  1.503e+12
     206.1  1.511e+12
     210.1  1.521e+12
     214.1  1.532e+12
     218.1  1.541e+12
     222.1   1.55e+12
     226.1  1.558e+12
     230.1  1.566e+12
     234.1  1.573e+12
     238.1  1.579e+12
     242.1  1.586e+12
     246.1  1.591e+12
     250.1  1.597e+12
     254.1    1.6e+12
     258.1  1.603e+12
     262.1  1.606e+12
     266.1  1.609e+12
     270.1  1.611e+12
     274.1  1.614e+12
     278.1  1.615e+12
     282.1  1.617e+12
     286.1  1.618e+12
     290.1  1.618e+12
     294.1  1.619e+12
     298.1   1.62e+12
     302.1   1.62e+12
     306.1  1.621e+12
     310.1  1.621e+12
     314.1  1.621e+12
     318.1  1.622e+12
     322.1  1.622e+12
     326.1  1.622e+12
     330.1  1.622e+12
     334.1  1.622e+12
     338.1  1.622e+12
     342.1  1.622e+12
     346.1  1.623e+12
     350.1  1.623e+12
