     2.001      19.55
     6.002      20.39
        10      20.88
     14.01      21.11
     18.01      21.38
     22.01      21.65
     26.01      21.87
     30.01      22.11
     34.01      22.39
     38.02      22.66
     42.02      22.97
     46.02      23.13
     50.02      23.16
     54.02      23.46
     58.02      23.51
     62.02      23.77
     66.03      23.94
     70.03      23.94
     74.03      24.17
     78.03      24.26
     82.03      24.37
     86.03       24.7
     90.04      24.76
     94.04       24.7
     98.04      24.95
       102      24.92
       106      25.12
       110      25.37
       114      25.51
       118      25.95
       122      26.41
       126      26.56
     130.1       27.2
     134.1      27.16
     138.1      27.04
     142.1      26.91
     146.1      26.86
     150.1      27.32
     154.1       28.1
     158.1      28.64
     162.1      29.07
     166.1      28.94
     170.1      30.17
     174.1      30.91
     178.1      31.16
     182.1      31.47
     186.1      33.05
     190.1      32.93
     194.1      32.59
     198.1      33.14
     202.1      33.89
     206.1      35.08
     210.1      34.05
     214.1      34.51
     218.1      34.89
     222.1      34.72
     226.1      35.34
     230.1      36.01
     234.1      37.22
     238.1      37.53
     242.1      37.69
     246.1      37.68
     250.1      38.55
     254.1      39.84
     258.1      40.36
     262.1      39.45
     266.1      40.06
     270.1      40.68
     274.1      41.11
     278.1      42.22
     282.1      42.93
     286.1      43.87
     290.1      43.92
     294.1      42.61
     298.1      42.92
     302.1      44.61
     306.1      45.86
     310.1      46.96
     314.1      45.98
     318.1      45.91
     322.1      44.99
     326.1      47.14
     330.1      48.05
     334.1      45.85
     338.1      41.52
     342.1      44.42
     346.1      46.95
     350.1      49.29
