     2.001      19.21
     6.002      20.08
        10      20.58
     14.01      20.84
     18.01      21.11
     22.01      21.37
     26.01      21.59
     30.01      21.84
     34.01      22.11
     38.02      22.39
     42.02      22.68
     46.02      22.85
     50.02       22.9
     54.02       23.2
     58.02      23.24
     62.02      23.49
     66.03      23.66
     70.03      23.66
     74.03      23.89
     78.03      23.97
     82.03      24.08
     86.03      24.41
     90.04      24.48
     94.04      24.42
     98.04      24.67
       102      24.65
       106      24.85
       110       25.1
       114      25.23
       118      25.67
       122      26.13
       126      26.28
     130.1      26.93
     134.1       26.9
     138.1      26.77
     142.1      26.61
     146.1      26.58
     150.1      27.03
     154.1      27.84
     158.1      28.38
     162.1      28.82
     166.1      28.69
     170.1      29.92
     174.1      30.66
     178.1      30.92
     182.1      31.23
     186.1      32.84
     190.1      32.71
     194.1      32.37
     198.1      32.92
     202.1      33.68
     206.1      34.88
     210.1      33.84
     214.1      34.32
     218.1      34.67
     222.1      34.52
     226.1      35.15
     230.1      35.83
     234.1      37.06
     238.1      37.36
     242.1      37.53
     246.1      37.52
     250.1      38.39
     254.1       39.7
     258.1      40.22
     262.1      39.32
     266.1      39.93
     270.1      40.56
     274.1      40.99
     278.1      42.11
     282.1      42.84
     286.1      43.79
     290.1      43.84
     294.1      42.52
     298.1      42.83
     302.1      44.55
     306.1      45.82
     310.1      46.93
     314.1      45.94
     318.1      45.86
     322.1      44.94
     326.1      47.11
     330.1      48.03
     334.1       45.8
     338.1      41.41
     342.1      44.33
     346.1      46.91
     350.1      49.28
