     2.001  8.955e+09
     6.002   3.51e+10
        10  7.823e+10
        14  1.284e+11
        18  1.778e+11
     22.01  2.282e+11
     26.01  2.833e+11
     30.01  3.328e+11
     34.01  3.814e+11
     38.01  4.241e+11
     42.01  4.656e+11
     46.01  5.076e+11
     50.01  5.442e+11
     54.01  5.815e+11
     58.02  6.218e+11
     62.02  6.586e+11
     66.02  6.957e+11
     70.02  7.305e+11
     74.02  7.624e+11
     78.02  7.923e+11
     82.02  8.243e+11
     86.02  8.565e+11
     90.02  8.868e+11
     94.03  9.202e+11
     98.03  9.538e+11
       102  9.842e+11
       106  1.012e+12
       110  1.038e+12
       114  1.064e+12
       118  1.087e+12
       122   1.11e+12
       126  1.133e+12
       130  1.155e+12
       134  1.178e+12
       138    1.2e+12
       142  1.222e+12
       146  1.243e+12
       150  1.264e+12
       154  1.283e+12
       158  1.304e+12
       162  1.324e+12
       166  1.344e+12
       170  1.363e+12
       174  1.382e+12
       178    1.4e+12
     182.1  1.418e+12
     186.1  1.434e+12
     190.1  1.451e+12
     194.1  1.464e+12
     198.1  1.479e+12
     202.1  1.495e+12
     206.1  1.509e+12
     210.1  1.523e+12
     214.1  1.534e+12
     218.1  1.546e+12
     222.1  1.558e+12
     226.1  1.568e+12
     230.1   1.58e+12
     234.1   1.59e+12
     238.1    1.6e+12
     242.1   1.61e+12
     246.1  1.621e+12
     250.1  1.632e+12
     254.1  1.641e+12
     258.1  1.648e+12
     262.1  1.654e+12
     266.1  1.659e+12
     270.1  1.662e+12
     274.1  1.665e+12
     278.1  1.668e+12
     282.1   1.67e+12
     286.1  1.672e+12
     290.1  1.674e+12
     294.1  1.676e+12
     298.1  1.678e+12
     302.1  1.679e+12
     306.1   1.68e+12
     310.1  1.681e+12
     314.1  1.682e+12
     318.1  1.683e+12
     322.1  1.683e+12
     326.1  1.684e+12
     330.1  1.689e+12
     334.1  1.691e+12
     338.1  1.691e+12
     342.1  1.691e+12
     346.1  1.691e+12
     350.1  1.692e+12
