     2.001       21.7
     6.002      21.94
        10      22.12
        14      22.34
        18      22.63
     22.01       22.8
     26.01      22.91
     30.01       23.1
     34.01      23.27
     38.01      23.55
     42.01      23.72
     46.01      23.91
     50.01      24.03
     54.01      24.14
     58.02      24.22
     62.02      24.37
     66.02      24.48
     70.02      24.58
     74.02      24.83
     78.02      24.92
     82.02      24.94
     86.02      25.06
     90.02      25.18
     94.03       25.2
     98.03       25.3
       102      25.34
       106      25.57
       110      25.56
       114      25.79
       118      25.76
       122      25.86
       126      25.86
       130      26.19
       134      26.67
       138      26.56
       142      26.67
       146       27.2
       150      27.23
       154      27.71
       158      27.41
       162       27.8
       166      28.46
       170      28.97
       174       29.3
       178      29.04
     182.1      29.38
     186.1      30.22
     190.1      31.29
     194.1      31.02
     198.1      30.17
     202.1      30.83
     206.1      30.78
     210.1      31.25
     214.1      32.26
     218.1      33.19
     222.1       33.2
     226.1      32.83
     230.1      33.71
     234.1      34.52
     238.1      33.85
     242.1      33.69
     246.1      33.09
     250.1      33.72
     254.1      34.97
     258.1      35.72
     262.1      35.21
     266.1      36.79
     270.1      36.23
     274.1      36.67
     278.1      38.05
     282.1      37.14
     286.1      38.67
     290.1      38.26
     294.1      37.84
     298.1      39.12
     302.1      40.23
     306.1      41.46
     310.1      39.96
     314.1      37.69
     318.1      38.78
     322.1      39.82
     326.1      37.91
     330.1      37.82
     334.1      38.51
     338.1      42.77
     342.1      45.82
     346.1      43.98
     350.1      42.69
