     2.001      21.31
     6.002      21.53
        10      21.73
        14      21.96
        18      22.25
     22.01      22.43
     26.01      22.54
     30.01      22.73
     34.01      22.92
     38.01      23.19
     42.01      23.35
     46.01      23.53
     50.01      23.66
     54.01      23.77
     58.02      23.85
     62.02         24
     66.02      24.11
     70.02      24.21
     74.02      24.44
     78.02      24.54
     82.02      24.56
     86.02      24.68
     90.02       24.8
     94.03      24.82
     98.03      24.92
       102      24.96
       106       25.2
       110      25.19
       114      25.42
       118      25.39
       122      25.49
       126      25.49
       130      25.82
       134       26.3
       138      26.19
       142       26.3
       146      26.84
       150      26.88
       154      27.35
       158      27.05
       162      27.45
       166      28.11
       170      28.62
       174      28.96
       178       28.7
     182.1      29.04
     186.1       29.9
     190.1      30.98
     194.1       30.7
     198.1      29.84
     202.1      30.51
     206.1      30.45
     210.1      30.93
     214.1      31.95
     218.1       32.9
     222.1      32.91
     226.1      32.54
     230.1      33.43
     234.1      34.24
     238.1      33.56
     242.1      33.41
     246.1       32.8
     250.1      33.44
     254.1       34.7
     258.1      35.46
     262.1      34.94
     266.1      36.55
     270.1      35.98
     274.1      36.43
     278.1      37.84
     282.1      36.91
     286.1      38.46
     290.1      38.04
     294.1      37.62
     298.1      38.92
     302.1      40.04
     306.1       41.3
     310.1      39.77
     314.1      37.47
     318.1      38.57
     322.1      39.62
     326.1       37.7
     330.1       37.6
     334.1      38.29
     338.1      42.63
     342.1      45.74
     346.1      43.86
     350.1      42.55
