     1.006  5.464e+09
     3.017  2.702e+10
     5.028  5.322e+10
      7.04  8.005e+10
     9.051  1.054e+11
     11.06  1.256e+11
     13.07  1.405e+11
     15.09   1.55e+11
      17.1  1.695e+11
     19.11  1.821e+11
     21.12  1.906e+11
     23.13  1.989e+11
     25.14   2.07e+11
     27.15  2.125e+11
     29.16  2.174e+11
     31.18  2.231e+11
     33.19  2.277e+11
      35.2  2.329e+11
     37.21  2.393e+11
     39.22  2.432e+11
     41.23  2.473e+11
     43.24  2.504e+11
     45.26  2.536e+11
     47.27   2.57e+11
     49.28  2.607e+11
     51.29  2.639e+11
      53.3  2.668e+11
     55.31  2.695e+11
     57.32  2.717e+11
     59.33  2.744e+11
     61.35  2.766e+11
     63.36  2.787e+11
     65.37  2.805e+11
     67.38  2.826e+11
     69.39  2.848e+11
      71.4  2.864e+11
     73.41  2.877e+11
     75.43  2.891e+11
     77.44  2.908e+11
     79.45  2.917e+11
     81.46  2.928e+11
     83.47   2.94e+11
     85.48  2.946e+11
     87.49  2.955e+11
      89.5  2.964e+11
     91.52  2.968e+11
     93.53  2.979e+11
     95.54  2.988e+11
     97.55  2.996e+11
     99.56  3.005e+11
     101.6  3.012e+11
     103.6  3.019e+11
     105.6  3.026e+11
     107.6  3.033e+11
     109.6  3.039e+11
     111.6  3.045e+11
     113.6  3.049e+11
     115.7  3.054e+11
     117.7  3.059e+11
     119.7  3.062e+11
     121.7  3.067e+11
     123.7  3.072e+11
     125.7  3.075e+11
     127.7  3.079e+11
     129.7  3.087e+11
     131.7  3.089e+11
     133.8  3.094e+11
     135.8  3.098e+11
     137.8  3.102e+11
     139.8  3.106e+11
     141.8  3.109e+11
     143.8  3.112e+11
     145.8  3.114e+11
     147.8  3.118e+11
     149.8   3.12e+11
     151.9  3.121e+11
     153.9  3.124e+11
     155.9  3.126e+11
     157.9   3.13e+11
     159.9  3.131e+11
     161.9  3.133e+11
     163.9  3.135e+11
     165.9  3.137e+11
     167.9   3.14e+11
       170   3.14e+11
       172  3.142e+11
       174  3.143e+11
       176  3.143e+11
       178  3.144e+11
       180  3.146e+11
       182  3.147e+11
       184  3.148e+11
       186   3.15e+11
     188.1  3.151e+11
     190.1  3.152e+11
     192.1  3.152e+11
     194.1  3.153e+11
     196.1  3.155e+11
     198.1  3.155e+11
     200.1  3.156e+11
     202.1  3.157e+11
     204.2  3.158e+11
     206.2  3.159e+11
     208.2   3.16e+11
     210.2  3.161e+11
     212.2  3.162e+11
     214.2  3.163e+11
     216.2  3.163e+11
     218.2  3.163e+11
     220.2  3.164e+11
     222.3  3.166e+11
     224.3  3.167e+11
     226.3  3.168e+11
     228.3  3.168e+11
     230.3  3.168e+11
     232.3  3.168e+11
     234.3  3.168e+11
     236.3  3.168e+11
     238.3  3.168e+11
     240.4  3.169e+11
     242.4  3.169e+11
     244.4  3.169e+11
     246.4  3.169e+11
     248.4   3.17e+11
     250.4   3.17e+11
     252.4   3.17e+11
     254.4   3.17e+11
     256.4   3.17e+11
     258.5  3.171e+11
     260.5  3.172e+11
     262.5  3.172e+11
     264.5  3.172e+11
     266.5  3.174e+11
     268.5  3.174e+11
     270.5  3.174e+11
     272.5  3.175e+11
     274.5  3.175e+11
     276.6  3.175e+11
     278.6  3.175e+11
     280.6  3.176e+11
     282.6  3.176e+11
     284.6  3.176e+11
     286.6  3.176e+11
     288.6  3.176e+11
     290.6  3.176e+11
     292.6  3.177e+11
     294.7  3.177e+11
     296.7  3.177e+11
     298.7  3.177e+11
     300.7  3.177e+11
     302.7  3.177e+11
     304.7  3.177e+11
     306.7  3.177e+11
     308.7  3.177e+11
     310.8  3.177e+11
     312.8  3.177e+11
     314.8  3.177e+11
     316.8  3.177e+11
     318.8  3.177e+11
     320.8  3.177e+11
     322.8  3.177e+11
     324.8  3.177e+11
     326.8  3.177e+11
     328.9  3.177e+11
     330.9  3.177e+11
     332.9  3.177e+11
     334.9  3.177e+11
     336.9  3.177e+11
     338.9  3.177e+11
     340.9  3.177e+11
     342.9  3.177e+11
     344.9  3.177e+11
       347  3.177e+11
       349  3.177e+11
       351  3.177e+11
