     2.023  1.442e+10
     6.069  6.761e+10
     10.11  1.166e+11
     14.16  1.484e+11
     18.21  1.765e+11
     22.25  1.952e+11
      26.3  2.101e+11
     30.34  2.205e+11
     34.39   2.31e+11
     38.44  2.418e+11
     42.48  2.491e+11
     46.53  2.558e+11
     50.57  2.629e+11
     54.62  2.686e+11
     58.66  2.735e+11
     62.71   2.78e+11
     66.76   2.82e+11
      70.8  2.861e+11
     74.85  2.886e+11
     78.89  2.915e+11
     82.94  2.937e+11
     86.98  2.953e+11
     91.03  2.966e+11
     95.08  2.987e+11
     99.12  3.001e+11
     103.2  3.018e+11
     107.2  3.032e+11
     111.3  3.044e+11
     115.3  3.052e+11
     119.4  3.062e+11
     123.4  3.072e+11
     127.4  3.079e+11
     131.5  3.089e+11
     135.5  3.097e+11
     139.6  3.105e+11
     143.6  3.112e+11
     147.7  3.118e+11
     151.7  3.121e+11
     155.8  3.126e+11
     159.8  3.131e+11
     163.9  3.135e+11
     167.9   3.14e+11
     171.9  3.142e+11
       176  3.143e+11
       180  3.146e+11
     184.1  3.148e+11
     188.1  3.151e+11
     192.2  3.152e+11
     196.2  3.155e+11
     200.3  3.156e+11
     204.3  3.158e+11
     208.4   3.16e+11
     212.4  3.162e+11
     216.5  3.163e+11
     220.5  3.164e+11
     224.5  3.167e+11
     228.6  3.168e+11
     232.6  3.168e+11
     236.7  3.168e+11
     240.7  3.169e+11
     244.8  3.169e+11
     248.8   3.17e+11
     252.9   3.17e+11
     256.9   3.17e+11
       261  3.172e+11
       265  3.172e+11
       269  3.174e+11
     273.1  3.175e+11
     277.1  3.175e+11
     281.2  3.176e+11
     285.2  3.176e+11
     289.3  3.176e+11
     293.3  3.177e+11
     297.4  3.177e+11
     301.4  3.177e+11
     305.5  3.177e+11
     309.5  3.177e+11
     313.5  3.177e+11
     317.6  3.177e+11
     321.6  3.177e+11
     325.7  3.177e+11
     329.7  3.177e+11
     333.8  3.177e+11
     337.8  3.177e+11
     341.9  3.177e+11
     345.9  3.177e+11
       350  3.177e+11
