     2.023      18.63
     6.069      19.69
     10.11      20.48
     14.16      21.24
     18.21      21.59
     22.25      22.26
      26.3      22.72
     30.34      23.24
     34.39      23.62
     38.44      24.05
     42.48      24.71
     46.53      24.69
     50.57      26.93
     54.62      27.36
     58.66      26.89
     62.71      29.13
     66.76      32.03
      70.8      32.87
     74.85      34.98
     78.89      36.64
     82.94      38.95
     86.98      39.19
     91.03      38.37
     95.08      40.31
     99.12      40.16
     103.2      40.22
     107.2      41.23
     111.3      42.68
     115.3      44.01
     119.4      45.01
     123.4      45.58
     127.4      44.69
     131.5      45.02
     135.5      45.31
     139.6      45.89
     143.6      46.53
     147.7      47.57
     151.7      47.46
     155.8      47.01
     159.8       47.7
     163.9       47.6
     167.9      48.03
     171.9      48.77
       176      48.55
       180      48.43
     184.1      48.22
     188.1      48.85
     192.2      49.06
     196.2       48.9
     200.3      48.83
     204.3      49.09
     208.4      49.01
     212.4      49.09
     216.5      49.29
     220.5      49.07
     224.5      49.25
     228.6      49.76
     232.6      49.91
     236.7      49.88
     240.7      49.82
     244.8      49.68
     248.8      49.73
     252.9      49.66
     256.9      49.58
       261      49.31
       265      49.25
       269      49.45
     273.1      49.69
     277.1      49.57
     281.2      49.52
     285.2      49.57
     289.3      49.49
     293.3      49.78
     297.4         50
     301.4         50
     305.5         50
     309.5         50
     313.5         50
     317.6         50
     321.6         50
     325.7         50
     329.7         50
     333.8         50
     337.8         50
     341.9         50
     345.9         50
       350         50
