     2.023      18.91
     6.069      19.98
     10.11      20.72
     14.16      21.47
     18.21      21.81
     22.25      22.46
      26.3      22.92
     30.34      23.44
     34.39      23.83
     38.44      24.27
     42.48      24.91
     46.53       24.9
     50.57      27.12
     54.62      27.56
     58.66      27.09
     62.71       29.3
     66.76      32.19
      70.8      33.01
     74.85      35.11
     78.89      36.75
     82.94      39.05
     86.98      39.34
     91.03      38.57
     95.08      40.47
     99.12      40.52
     103.2      40.42
     107.2      41.53
     111.3      42.96
     115.3       44.1
     119.4       45.1
     123.4      45.66
     127.4      44.77
     131.5       45.1
     135.5      45.45
     139.6      46.17
     143.6      46.88
     147.7      47.79
     151.7      47.73
     155.8      47.46
     159.8      48.18
     163.9      47.98
     167.9      48.21
     171.9      49.03
       176      48.74
       180      48.64
     184.1      48.43
     188.1      49.07
     192.2      49.23
     196.2      49.02
     200.3         49
     204.3      49.24
     208.4      49.26
     212.4      49.33
     216.5      49.51
     220.5      49.21
     224.5      49.38
     228.6      49.81
     232.6      49.93
     236.7      49.94
     240.7      49.84
     244.8      49.71
     248.8      49.78
     252.9      49.67
     256.9      49.61
       261      49.41
       265      49.33
       269       49.5
     273.1      49.75
     277.1      49.66
     281.2      49.54
     285.2      49.58
     289.3      49.49
     293.3      49.78
     297.4         50
     301.4         50
     305.5         50
     309.5         50
     313.5         50
     317.6         50
     321.6         50
     325.7         50
     329.7         50
     333.8         50
     337.8         50
     341.9         50
     345.9         50
       350         50
