     2.001  3.868e+10
     6.003  1.025e+11
        10   1.51e+11
     14.01  1.962e+11
     18.01  2.286e+11
     22.01  2.677e+11
     26.01  3.108e+11
     30.01  3.356e+11
     34.01  3.525e+11
     38.02  3.677e+11
     42.02  3.847e+11
     46.02  4.038e+11
     50.02  4.371e+11
     54.02  4.682e+11
     58.03  4.968e+11
     62.03   5.08e+11
     66.03  5.209e+11
     70.03  5.405e+11
     74.03  5.569e+11
     78.03  5.755e+11
     82.04  6.107e+11
     86.04  6.221e+11
     90.04  6.312e+11
     94.04  6.396e+11
     98.04   6.48e+11
       102  6.567e+11
       106   6.71e+11
       110    6.9e+11
       114  6.983e+11
     118.1   7.05e+11
     122.1  7.092e+11
     126.1  7.134e+11
     130.1  7.177e+11
     134.1  7.215e+11
     138.1  7.271e+11
     142.1  7.446e+11
     146.1  7.497e+11
     150.1  7.522e+11
     154.1  7.547e+11
     158.1  7.564e+11
     162.1  7.583e+11
     166.1  7.603e+11
     170.1  7.629e+11
     174.1  7.655e+11
     178.1  7.697e+11
     182.1  7.848e+11
     186.1  8.308e+11
     190.1  8.389e+11
     194.1  8.422e+11
     198.1  8.452e+11
     202.1  8.477e+11
     206.1  8.503e+11
     210.1  8.519e+11
     214.1  8.536e+11
     218.1  8.553e+11
     222.1  8.746e+11
     226.1  8.829e+11
     230.1  8.841e+11
     234.1  8.853e+11
     238.1   8.86e+11
     242.1  8.868e+11
     246.1  8.878e+11
     250.1  8.889e+11
     254.1  8.905e+11
     258.1  8.965e+11
     262.1  9.207e+11
     266.1   9.28e+11
     270.1  9.292e+11
     274.1  9.295e+11
     278.1  9.297e+11
     282.1  9.298e+11
     286.1  9.301e+11
     290.1  9.302e+11
     294.1  9.302e+11
     298.1  9.303e+11
     302.1  9.303e+11
     306.1  9.304e+11
     310.1  9.305e+11
     314.1  9.305e+11
     318.1  9.305e+11
     322.1  9.305e+11
     326.1  9.305e+11
     330.1  9.305e+11
     334.1  9.305e+11
     338.1  9.306e+11
     342.1  9.306e+11
     346.2  9.306e+11
     350.2  9.306e+11
