     2.001      19.02
     6.003      20.41
        10      20.89
     14.01      21.34
     18.01      21.67
     22.01      21.75
     26.01      22.05
     30.01      23.32
     34.01       23.9
     38.02      23.87
     42.02      23.74
     46.02      24.21
     50.02      24.48
     54.02      25.47
     58.03      28.94
     62.03       29.4
     66.03      28.46
     70.03      28.99
     74.03      28.69
     78.03      29.99
     82.04      31.91
     86.04      30.89
     90.04      31.78
     94.04      32.22
     98.04      34.67
       102      35.36
       106       35.9
       110      35.25
       114      36.41
     118.1      37.21
     122.1      37.89
     126.1      39.01
     130.1      38.87
     134.1      39.77
     138.1      39.76
     142.1      40.34
     146.1      42.25
     150.1      43.45
     154.1      43.83
     158.1      44.77
     162.1      45.35
     166.1      45.15
     170.1      44.37
     174.1      44.54
     178.1      45.07
     182.1       45.3
     186.1      45.34
     190.1      45.43
     194.1      45.28
     198.1      45.99
     202.1      46.84
     206.1      46.81
     210.1       46.8
     214.1      47.02
     218.1      46.45
     222.1      46.19
     226.1      47.16
     230.1      47.28
     234.1      47.86
     238.1      48.11
     242.1      47.86
     246.1      47.99
     250.1      48.24
     254.1      48.17
     258.1      48.18
     262.1      48.37
     266.1      48.52
     270.1      48.25
     274.1      48.86
     278.1      49.04
     282.1      48.75
     286.1      48.99
     290.1      49.01
     294.1      49.41
     298.1      49.74
     302.1      49.29
     306.1      49.45
     310.1      49.49
     314.1      49.35
     318.1      49.59
     322.1         50
     326.1         50
     330.1       49.8
     334.1      48.92
     338.1      49.61
     342.1         50
     346.2         50
     350.2      46.49
