         1  8.168e+08
     3.001  1.222e+10
     5.001  2.565e+10
     7.002  4.558e+10
     9.002  6.923e+10
        11  9.753e+10
        13  1.283e+11
        15  1.575e+11
        17  1.827e+11
     19.01  2.051e+11
     21.01  2.261e+11
     23.01  2.474e+11
     25.01  2.681e+11
     27.01  2.868e+11
     29.01  3.038e+11
     31.01  3.211e+11
     33.01  3.378e+11
     35.01  3.539e+11
     37.01  3.683e+11
     39.01  3.838e+11
     41.01  4.024e+11
     43.01  4.207e+11
     45.01   4.39e+11
     47.01  4.544e+11
     49.01  4.686e+11
     51.01  4.842e+11
     53.01  5.015e+11
     55.02  5.223e+11
     57.02  5.393e+11
     59.02  5.547e+11
     61.02  5.674e+11
     63.02  5.786e+11
     65.02  5.891e+11
     67.02  6.002e+11
     69.02  6.093e+11
     71.02  6.193e+11
     73.02  6.288e+11
     75.02  6.384e+11
     77.02  6.496e+11
     79.02   6.59e+11
     81.02  6.674e+11
     83.02  6.768e+11
     85.02  6.857e+11
     87.02   6.95e+11
     89.02  7.031e+11
     91.03  7.114e+11
     93.03  7.208e+11
     95.03  7.296e+11
     97.03   7.38e+11
     99.03  7.466e+11
       101  7.549e+11
       103  7.628e+11
       105  7.693e+11
       107  7.759e+11
       109  7.836e+11
       111  7.901e+11
       113  7.965e+11
       115  8.035e+11
       117  8.091e+11
       119  8.163e+11
       121  8.229e+11
       123  8.312e+11
       125  8.411e+11
       127    8.5e+11
       129  8.566e+11
       131  8.632e+11
       133  8.713e+11
       135  8.779e+11
       137  8.833e+11
       139  8.884e+11
       141  8.936e+11
       143  8.994e+11
       145  9.047e+11
       147  9.101e+11
       149  9.157e+11
       151  9.212e+11
       153  9.266e+11
       155  9.325e+11
       157  9.404e+11
       159  9.523e+11
       161  9.683e+11
       163  9.857e+11
       165  1.001e+12
       167  1.012e+12
       169  1.021e+12
       171  1.029e+12
       173  1.036e+12
       175  1.046e+12
       177  1.055e+12
       179  1.062e+12
       181  1.067e+12
     183.1  1.073e+12
     185.1  1.078e+12
     187.1  1.083e+12
     189.1  1.087e+12
     191.1  1.091e+12
     193.1  1.094e+12
     195.1  1.097e+12
     197.1    1.1e+12
     199.1  1.103e+12
     201.1  1.107e+12
     203.1  1.109e+12
     205.1  1.112e+12
     207.1  1.115e+12
     209.1  1.118e+12
     211.1  1.121e+12
     213.1  1.124e+12
     215.1  1.127e+12
     217.1  1.131e+12
     219.1  1.134e+12
     221.1  1.136e+12
     223.1  1.139e+12
     225.1  1.142e+12
     227.1  1.144e+12
     229.1  1.147e+12
     231.1  1.149e+12
     233.1  1.152e+12
     235.1  1.154e+12
     237.1  1.156e+12
     239.1  1.158e+12
     241.1  1.161e+12
     243.1  1.164e+12
     245.1  1.167e+12
     247.1  1.171e+12
     249.1  1.178e+12
     251.1  1.188e+12
     253.1  1.197e+12
     255.1  1.202e+12
     257.1  1.206e+12
     259.1  1.209e+12
     261.1  1.211e+12
     263.1  1.213e+12
     265.1  1.215e+12
     267.1  1.217e+12
     269.1  1.219e+12
     271.1   1.22e+12
     273.1  1.222e+12
     275.1  1.224e+12
     277.1  1.225e+12
     279.1  1.227e+12
     281.1  1.229e+12
     283.1  1.231e+12
     285.1  1.232e+12
     287.1  1.233e+12
     289.1  1.235e+12
     291.1  1.236e+12
     293.1  1.237e+12
     295.1  1.238e+12
     297.1  1.239e+12
     299.1  1.241e+12
     301.1  1.243e+12
     303.1  1.245e+12
     305.1  1.248e+12
     307.1  1.254e+12
     309.1  1.261e+12
     311.1  1.266e+12
     313.1  1.268e+12
     315.1  1.269e+12
     317.1   1.27e+12
     319.1  1.271e+12
     321.1  1.272e+12
     323.1  1.272e+12
     325.1  1.273e+12
     327.1  1.273e+12
     329.1  1.274e+12
     331.1  1.274e+12
     333.1  1.275e+12
     335.1  1.275e+12
     337.1  1.275e+12
     339.1  1.275e+12
     341.1  1.275e+12
     343.1  1.275e+12
     345.1  1.275e+12
     347.1  1.275e+12
     349.1  1.276e+12
     351.1  1.276e+12
