     2.001      21.54
     6.002      22.01
        10       22.2
        14      22.59
        18      23.04
     22.01      23.27
     26.01       23.5
     30.01      23.79
     34.01      23.99
     38.01      24.14
     42.01      24.19
     46.01      24.39
     50.01      24.59
     54.01      24.78
     58.02      24.81
     62.02      25.18
     66.02      25.27
     70.02      25.41
     74.02      25.57
     78.02      25.75
     82.02      25.98
     86.02      26.26
     90.02       26.5
     94.03      26.42
     98.03      26.88
       102      27.39
       106      27.54
       110      27.72
       114      27.86
       118      27.85
       122      29.11
       126      28.49
       130      29.05
       134      29.58
       138      30.41
       142      30.69
       146      31.23
       150      31.22
       154      31.93
       158      31.92
       162      31.89
       166      32.38
       170      32.63
       174      33.08
       178      33.57
     182.1      32.63
     186.1      33.36
     190.1      34.67
     194.1      34.75
     198.1      36.18
     202.1      36.79
     206.1      36.75
     210.1      36.05
     214.1      35.41
     218.1      36.47
     222.1      37.01
     226.1      37.62
     230.1      37.79
     234.1      38.62
     238.1      38.74
     242.1      38.86
     246.1      38.25
     250.1      38.13
     254.1       38.9
     258.1      38.73
     262.1      37.82
     266.1      37.51
     270.1      38.06
     274.1      38.59
     278.1      38.77
     282.1      38.42
     286.1      39.37
     290.1      39.18
     294.1      38.29
     298.1      39.26
     302.1      38.46
     306.1      38.86
     310.1       39.7
     314.1      40.71
     318.1       41.9
     322.1      40.87
     326.1      39.75
     330.1      39.69
     334.1      39.94
     338.1      42.18
     342.1      44.25
     346.1      43.02
     350.1      39.65
