         1      18.69
     3.001      19.43
     5.002      19.85
     7.003      20.15
     9.004      20.39
        11      20.62
     13.01      20.85
     15.01       21.1
     17.01      21.29
     19.01      21.43
     21.01      21.58
     23.01      21.64
     25.01      21.77
     27.01      21.99
     29.01      21.92
     31.01      21.98
     33.01      22.05
     35.01      22.21
     37.01      22.35
     39.02      22.48
     41.02      22.48
     43.02      22.46
     45.02      22.41
     47.02      22.46
     49.02      22.51
     51.02      22.62
     53.02       22.7
     55.02      22.69
     57.02      22.72
     59.02       22.8
     61.02      22.82
     63.02      22.93
     65.03      22.82
     67.03      22.79
     69.03      22.76
     71.03      22.87
     73.03      22.97
     75.03      23.08
     77.03      23.19
     79.03      23.21
     81.03      23.25
     83.03      23.22
     85.03      23.35
     87.03       23.5
     89.04      23.48
     91.04      23.54
     93.04      23.67
     95.04      23.76
     97.04      23.89
     99.04      23.98
       101      24.01
       103      24.09
       105      24.08
       107       24.3
       109      24.76
       111      24.85
       113      25.08
       115       25.4
       117      25.59
       119      25.37
       121      25.24
       123      25.55
       125      26.02
     127.1       26.6
     129.1      27.19
     131.1      27.08
     133.1      27.27
     135.1      28.08
     137.1      27.63
     139.1      27.42
     141.1      28.22
     143.1       28.8
     145.1      29.06
     147.1      29.76
     149.1      30.13
     151.1      30.01
     153.1      30.09
     155.1      30.89
     157.1      31.54
     159.1      31.82
     161.1      31.48
     163.1      31.95
     165.1      32.03
     167.1      32.12
     169.1      32.37
     171.1      33.35
     173.1      33.68
     175.1      33.24
     177.1      33.54
     179.1      32.94
     181.1      32.78
     183.1      33.06
     185.1      34.29
     187.1      35.21
     189.1      35.13
     191.1      34.19
     193.1      34.16
     195.1      34.28
     197.1      35.24
     199.1      36.58
     201.1      36.69
     203.1      37.27
     205.1      37.02
     207.1      36.92
     209.1      36.83
     211.1      36.88
     213.1      35.89
     215.1      36.14
     217.1      36.09
     219.1      36.85
     221.1      38.07
     223.1      38.62
     225.1      39.16
     227.1      39.16
     229.1       39.2
     231.1      39.13
     233.1      39.41
     235.1      40.26
     237.1      40.13
     239.1      40.56
     241.1      40.31
     243.1      40.22
     245.1      40.21
     247.1      40.19
     249.1      40.82
     251.1      40.87
     253.1      40.86
     255.1      40.98
     257.1      40.56
     259.1      40.79
     261.1      40.52
     263.1      40.49
     265.1      40.35
     267.1      40.98
     269.1      41.17
     271.1      41.67
     273.1      41.88
     275.1      41.81
     277.1      41.38
     279.1      42.18
     281.1      43.36
     283.1      43.61
     285.1      42.93
     287.1      42.13
     289.1      42.95
     291.1      42.16
     293.1      43.49
     295.1      42.78
     297.1      42.88
     299.1       42.9
     301.1      45.08
     303.1      44.11
     305.1      43.36
     307.1      43.38
     309.1      43.77
     311.1      43.87
     313.1      43.77
     315.1      44.89
     317.1      46.85
     319.1      44.57
     321.1      42.89
     323.1      43.64
     325.1      44.18
     327.1      45.05
     329.1      44.06
     331.1      43.59
     333.1      43.05
     335.1      44.52
     337.1      46.03
     339.1      48.43
     341.1      49.12
     343.1      46.38
     345.1      44.21
     347.1      44.32
     349.1      46.02
     351.1      47.58
