         1  2.079e+11
     3.001  1.331e+12
     5.001  2.513e+12
     7.002  3.423e+12
     9.002  4.063e+12
        11  4.573e+12
        13  5.016e+12
        15  5.413e+12
        17  5.786e+12
     19.01  6.132e+12
     21.01  6.446e+12
     23.01  6.734e+12
     25.01  7.002e+12
     27.01  7.243e+12
     29.01  7.469e+12
     31.01  7.681e+12
     33.01  7.883e+12
     35.01  8.081e+12
     37.01  8.264e+12
     39.01  8.445e+12
     41.01  8.622e+12
     43.01  8.789e+12
     45.01   8.95e+12
     47.01  9.107e+12
     49.01  9.255e+12
     51.01  9.399e+12
     53.01  9.545e+12
     55.02   9.68e+12
     57.02  9.811e+12
     59.02  9.944e+12
     61.02  1.007e+13
     63.02  1.019e+13
     65.02  1.032e+13
     67.02  1.044e+13
     69.02  1.055e+13
     71.02  1.067e+13
     73.02  1.079e+13
     75.02  1.092e+13
     77.02  1.104e+13
     79.02  1.115e+13
     81.02  1.126e+13
     83.02  1.136e+13
     85.02  1.146e+13
     87.02  1.156e+13
     89.02  1.166e+13
     91.03  1.176e+13
     93.03  1.187e+13
     95.03  1.197e+13
     97.03   1.21e+13
     99.03  1.222e+13
       101  1.235e+13
       103  1.246e+13
       105  1.257e+13
       107  1.266e+13
       109  1.276e+13
       111  1.287e+13
       113  1.298e+13
       115  1.311e+13
       117  1.322e+13
       119  1.331e+13
       121  1.339e+13
       123  1.347e+13
       125  1.355e+13
       127  1.362e+13
       129   1.37e+13
       131  1.378e+13
       133  1.386e+13
       135  1.394e+13
       137  1.402e+13
       139  1.413e+13
       141  1.426e+13
       143  1.439e+13
       145   1.45e+13
       147  1.461e+13
       149   1.47e+13
       151  1.477e+13
       153  1.485e+13
       155  1.493e+13
       157  1.499e+13
       159  1.506e+13
       161  1.513e+13
       163  1.519e+13
       165  1.527e+13
       167  1.534e+13
       169  1.541e+13
       171  1.548e+13
       173  1.555e+13
       175  1.562e+13
       177  1.569e+13
       179  1.576e+13
       181  1.584e+13
     183.1  1.593e+13
     185.1  1.601e+13
     187.1   1.61e+13
     189.1  1.619e+13
     191.1  1.626e+13
     193.1  1.633e+13
     195.1  1.639e+13
     197.1  1.645e+13
     199.1  1.651e+13
     201.1  1.656e+13
     203.1  1.662e+13
     205.1  1.667e+13
     207.1  1.672e+13
     209.1  1.678e+13
     211.1  1.683e+13
     213.1  1.688e+13
     215.1  1.694e+13
     217.1    1.7e+13
     219.1  1.706e+13
     221.1  1.713e+13
     223.1  1.718e+13
     225.1  1.724e+13
     227.1  1.728e+13
     229.1  1.733e+13
     231.1  1.738e+13
     233.1  1.743e+13
     235.1  1.748e+13
     237.1  1.754e+13
     239.1  1.758e+13
     241.1  1.763e+13
     243.1  1.768e+13
     245.1  1.773e+13
     247.1  1.778e+13
     249.1  1.784e+13
     251.1  1.789e+13
     253.1  1.793e+13
     255.1  1.797e+13
     257.1  1.801e+13
     259.1  1.805e+13
     261.1  1.809e+13
     263.1  1.812e+13
     265.1  1.815e+13
     267.1  1.818e+13
     269.1  1.821e+13
     271.1  1.825e+13
     273.1  1.829e+13
     275.1  1.832e+13
     277.1  1.834e+13
     279.1  1.835e+13
     281.1  1.836e+13
     283.1  1.838e+13
     285.1  1.839e+13
     287.1   1.84e+13
     289.1  1.841e+13
     291.1  1.842e+13
     293.1  1.844e+13
     295.1  1.845e+13
     297.1  1.845e+13
     299.1  1.846e+13
     301.1  1.847e+13
     303.1  1.848e+13
     305.1  1.848e+13
     307.1  1.849e+13
     309.1   1.85e+13
     311.1  1.852e+13
     313.1  1.854e+13
     315.1  1.856e+13
     317.1  1.857e+13
     319.1  1.857e+13
     321.1  1.858e+13
     323.1  1.858e+13
     325.1  1.858e+13
     327.1  1.859e+13
     329.1  1.859e+13
     331.1  1.859e+13
     333.1  1.859e+13
     335.1  1.859e+13
     337.1  1.859e+13
     339.1   1.86e+13
     341.1   1.86e+13
     343.1   1.86e+13
     345.1   1.86e+13
     347.1   1.86e+13
     349.1   1.86e+13
     351.1   1.86e+13
