         1      14.47
     3.001      15.41
     5.001      16.09
     7.002       17.1
     9.002      18.07
        11      18.65
        13      19.14
        15      19.55
        17      19.74
     19.01      20.03
     21.01      20.17
     23.01      20.41
     25.01      20.59
     27.01      20.77
     29.01       20.9
     31.01      21.07
     33.01      21.13
     35.01      21.22
     37.01      21.32
     39.01      21.45
     41.01      21.55
     43.01      21.65
     45.01      21.76
     47.01      21.82
     49.01      21.86
     51.01       21.9
     53.01      22.04
     55.02      22.06
     57.02      22.15
     59.02      22.23
     61.02      22.31
     63.02      22.35
     65.02      22.39
     67.02      22.46
     69.02      22.52
     71.02      22.55
     73.02      22.58
     75.02      22.58
     77.02      22.67
     79.02      22.78
     81.02      22.78
     83.02      22.81
     85.02      22.86
     87.02      22.87
     89.02      22.95
     91.03      23.04
     93.03      23.03
     95.03      22.97
     97.03      22.95
     99.03      23.03
       101      23.06
       103      23.14
       105      23.17
       107      23.21
       109      23.24
       111      23.29
       113      23.31
       115      23.43
       117      23.41
       119      23.42
       121      23.53
       123      23.53
       125      23.58
       127      23.61
       129      23.58
       131      23.55
       133      23.54
       135      23.63
       137      23.61
       139      23.63
       141      23.64
       143      23.67
       145      23.74
       147       23.8
       149      23.85
       151      23.88
       153      23.86
       155      24.02
       157      24.04
       159      24.06
       161      24.06
       163      24.09
       165      24.17
       167       24.2
       169      24.21
       171       24.2
       173      24.22
       175      24.29
       177      24.28
       179       24.3
       181       24.3
     183.1      24.31
     185.1       24.3
     187.1      24.31
     189.1      24.42
     191.1       24.5
     193.1      24.54
     195.1      24.54
     197.1      24.55
     199.1      24.66
     201.1       24.7
     203.1      24.72
     205.1      24.74
     207.1      24.72
     209.1      24.76
     211.1      24.76
     213.1      24.75
     215.1      24.74
     217.1      24.78
     219.1      24.78
     221.1      24.88
     223.1       24.9
     225.1      24.96
     227.1      25.21
     229.1       25.1
     231.1      25.05
     233.1      25.05
     235.1      25.06
     237.1      25.16
     239.1      25.21
     241.1      25.18
     243.1      25.19
     245.1      25.36
     247.1      25.43
     249.1      25.38
     251.1      25.29
     253.1      25.42
     255.1      25.41
     257.1      25.39
     259.1      25.43
     261.1      25.38
     263.1      25.49
     265.1       25.4
     267.1      25.57
     269.1      25.57
     271.1      25.49
     273.1      25.57
     275.1      25.64
     277.1      25.66
     279.1      25.59
     281.1       25.5
     283.1      25.55
     285.1      25.63
     287.1      25.63
     289.1      25.74
     291.1      25.78
     293.1      25.61
     295.1      25.75
     297.1      25.66
     299.1      25.67
     301.1      25.65
     303.1      25.71
     305.1      25.96
     307.1      26.02
     309.1       25.8
     311.1      25.79
     313.1      25.79
     315.1      26.07
     317.1      26.16
     319.1      26.11
     321.1      26.97
     323.1      26.72
     325.1      26.18
     327.1      26.31
     329.1      26.22
     331.1      26.91
     333.1      27.67
     335.1      27.22
     337.1      26.01
     339.1      26.11
     341.1      25.92
     343.1      26.19
     345.1      26.43
     347.1      26.66
     349.1      26.66
     351.1      27.83
