     2.001  4.527e+10
     6.002   1.62e+11
        10  2.355e+11
     14.01  2.978e+11
     18.01  3.548e+11
     22.01  4.098e+11
     26.01   4.57e+11
     30.01  5.022e+11
     34.01  5.472e+11
     38.02  5.933e+11
     42.02  6.651e+11
     46.02  7.618e+11
     50.02  8.222e+11
     54.02  8.863e+11
     58.02  9.204e+11
     62.02  9.485e+11
     66.03  9.772e+11
     70.03  1.013e+12
     74.03  1.073e+12
     78.03  1.134e+12
     82.03  1.183e+12
     86.03  1.219e+12
     90.04  1.245e+12
     94.04  1.265e+12
     98.04  1.307e+12
       102  1.357e+12
       106  1.377e+12
       110  1.403e+12
       114  1.424e+12
       118  1.445e+12
       122  1.488e+12
       126  1.511e+12
     130.1  1.526e+12
     134.1  1.545e+12
     138.1  1.588e+12
     142.1  1.634e+12
     146.1  1.656e+12
     150.1  1.672e+12
     154.1  1.686e+12
     158.1  1.705e+12
     162.1  1.732e+12
     166.1  1.761e+12
     170.1  1.776e+12
     174.1  1.787e+12
     178.1  1.799e+12
     182.1  1.821e+12
     186.1  1.842e+12
     190.1  1.849e+12
     194.1  1.854e+12
     198.1  1.859e+12
     202.1  1.864e+12
     206.1  1.868e+12
     210.1  1.871e+12
     214.1  1.875e+12
     218.1  1.879e+12
     222.1  1.887e+12
     226.1   1.91e+12
     230.1   1.92e+12
     234.1  1.923e+12
     238.1  1.926e+12
     242.1  1.929e+12
     246.1  1.931e+12
     250.1  1.934e+12
     254.1  1.935e+12
     258.1  1.936e+12
     262.1  1.937e+12
     266.1  1.938e+12
     270.1  1.939e+12
     274.1   1.94e+12
     278.1  1.941e+12
     282.1  1.942e+12
     286.1  1.943e+12
     290.1  1.944e+12
     294.1  1.945e+12
     298.1  1.945e+12
     302.1  1.946e+12
     306.1  1.946e+12
     310.1  1.946e+12
     314.1  1.947e+12
     318.1  1.947e+12
     322.1  1.947e+12
     326.1  1.947e+12
     330.1  1.947e+12
     334.1  1.947e+12
     338.1  1.947e+12
     342.1  1.948e+12
     346.1  1.948e+12
     350.1  1.948e+12
