     2.001      18.68
     6.002      19.95
        10      20.78
     14.01      21.17
     18.01      21.44
     22.01      21.67
     26.01      21.93
     30.01      22.16
     34.01      22.29
     38.02      22.21
     42.02      22.29
     46.02      22.58
     50.02      22.81
     54.02      23.04
     58.02      23.27
     62.02      23.46
     66.03      23.67
     70.03      23.73
     74.03      23.87
     78.03      24.03
     82.03      24.31
     86.03      24.43
     90.04      24.82
     94.04      24.78
     98.04      24.68
       102      25.13
       106       25.6
       110      25.49
       114      25.73
       118      26.04
       122      26.18
       126      26.44
     130.1      27.18
     134.1       26.9
     138.1      27.41
     142.1      28.74
     146.1       29.5
     150.1      30.19
     154.1      31.01
     158.1      31.94
     162.1      32.12
     166.1      32.58
     170.1      33.75
     174.1      33.73
     178.1      33.62
     182.1      35.08
     186.1      36.06
     190.1      36.28
     194.1      37.04
     198.1       37.1
     202.1      38.46
     206.1      38.78
     210.1      39.49
     214.1      39.93
     218.1      40.63
     222.1      40.03
     226.1      40.63
     230.1      40.75
     234.1      40.35
     238.1      41.62
     242.1      41.82
     246.1      41.94
     250.1      43.16
     254.1      44.82
     258.1      45.06
     262.1      44.36
     266.1      44.35
     270.1      43.86
     274.1      43.45
     278.1       44.7
     282.1      43.49
     286.1      42.43
     290.1      44.08
     294.1      44.78
     298.1      44.21
     302.1      44.66
     306.1      45.24
     310.1      45.62
     314.1      45.66
     318.1      47.65
     322.1      47.47
     326.1         48
     330.1      47.08
     334.1      47.35
     338.1      45.59
     342.1      44.92
     346.1      45.37
     350.1         50
