         1  1.626e+10
     3.001  7.235e+10
     5.001  1.162e+11
     7.001  1.527e+11
     9.002  1.835e+11
        11  2.114e+11
        13  2.352e+11
        15  2.549e+11
        17  2.737e+11
        19  2.914e+11
        21  3.098e+11
        23  3.261e+11
        25  3.414e+11
     27.01  3.554e+11
     29.01  3.694e+11
     31.01  3.834e+11
     33.01  3.999e+11
     35.01  4.224e+11
     37.01   4.51e+11
     39.01  4.676e+11
     41.01  4.837e+11
     43.01  4.983e+11
     45.01  5.129e+11
     47.01  5.261e+11
     49.01  5.404e+11
     51.01  5.536e+11
     53.01   5.66e+11
     55.01  5.784e+11
     57.01    5.9e+11
     59.01   6.01e+11
     61.01  6.164e+11
     63.01   6.31e+11
     65.01  6.442e+11
     67.01  6.608e+11
     69.01  6.743e+11
     71.01  6.879e+11
     73.01  7.014e+11
     75.01   7.15e+11
     77.02   7.26e+11
     79.02  7.372e+11
     81.02  7.472e+11
     83.02  7.583e+11
     85.02  7.679e+11
     87.02  7.779e+11
     89.02  7.869e+11
     91.02  7.945e+11
     93.02   8.01e+11
     95.02  8.074e+11
     97.02  8.137e+11
     99.02  8.193e+11
       101  8.246e+11
       103  8.295e+11
       105  8.346e+11
       107  8.401e+11
       109  8.452e+11
       111  8.505e+11
       113  8.555e+11
       115  8.599e+11
       117  8.647e+11
       119  8.699e+11
       121  8.749e+11
       123  8.799e+11
       125  8.848e+11
       127  8.897e+11
       129  8.942e+11
       131  8.991e+11
       133  9.042e+11
       135  9.088e+11
       137  9.137e+11
       139  9.179e+11
       141  9.223e+11
       143  9.272e+11
       145  9.315e+11
       147  9.373e+11
       149  9.411e+11
       151  9.452e+11
       153  9.492e+11
       155  9.529e+11
       157  9.568e+11
       159  9.609e+11
       161  9.649e+11
       163  9.682e+11
       165  9.717e+11
       167  9.755e+11
       169  9.795e+11
       171  9.829e+11
       173  9.864e+11
       175  9.899e+11
       177  9.929e+11
       179  9.959e+11
       181  9.989e+11
       183  1.002e+12
       185  1.005e+12
       187  1.007e+12
       189  1.008e+12
       191   1.01e+12
       193  1.014e+12
       195  1.016e+12
       197  1.019e+12
       199  1.021e+12
       201  1.023e+12
       203  1.025e+12
       205  1.027e+12
       207  1.028e+12
       209   1.03e+12
       211  1.032e+12
       213  1.034e+12
       215  1.035e+12
       217  1.036e+12
       219  1.037e+12
       221  1.039e+12
       223   1.04e+12
       225  1.041e+12
       227  1.043e+12
       229  1.044e+12
       231  1.046e+12
       233  1.047e+12
       235   1.05e+12
       237  1.052e+12
       239  1.056e+12
       241  1.058e+12
       243  1.059e+12
       245   1.06e+12
       247  1.062e+12
       249  1.064e+12
       251  1.065e+12
       253  1.066e+12
       255  1.068e+12
     257.1  1.069e+12
     259.1   1.07e+12
     261.1  1.072e+12
     263.1  1.073e+12
     265.1  1.074e+12
     267.1  1.076e+12
     269.1  1.077e+12
     271.1  1.078e+12
     273.1  1.079e+12
     275.1  1.079e+12
     277.1   1.08e+12
     279.1  1.081e+12
     281.1  1.082e+12
     283.1  1.083e+12
     285.1  1.084e+12
     287.1  1.084e+12
     289.1  1.085e+12
     291.1  1.085e+12
     293.1  1.086e+12
     295.1  1.086e+12
     297.1  1.087e+12
     299.1  1.087e+12
     301.1  1.088e+12
     303.1  1.088e+12
     305.1  1.089e+12
     307.1  1.089e+12
     309.1  1.089e+12
     311.1   1.09e+12
     313.1   1.09e+12
     315.1   1.09e+12
     317.1   1.09e+12
     319.1   1.09e+12
     321.1  1.091e+12
     323.1  1.091e+12
     325.1  1.091e+12
     327.1  1.091e+12
     329.1  1.091e+12
     331.1  1.091e+12
     333.1  1.091e+12
     335.1  1.091e+12
     337.1  1.091e+12
     339.1  1.092e+12
     341.1  1.092e+12
     343.1  1.092e+12
     345.1  1.093e+12
     347.1  1.093e+12
     349.1  1.093e+12
     351.1  1.093e+12
