         1       17.3
     3.001      18.58
     5.001      19.29
     7.001      19.73
     9.002         20
        11      20.27
        13      20.56
        15      20.85
        17      21.03
        19      21.01
        21      21.22
        23      21.43
        25      21.73
     27.01      21.81
     29.01      21.94
     31.01      22.01
     33.01      22.13
     35.01      22.18
     37.01      22.27
     39.01      22.34
     41.01      22.47
     43.01      22.53
     45.01      22.58
     47.01      22.72
     49.01      22.73
     51.01      22.88
     53.01      22.91
     55.01       22.9
     57.01      23.08
     59.01      23.21
     61.01      23.26
     63.01      23.27
     65.01      23.44
     67.01      23.75
     69.01      24.39
     71.01      24.41
     73.01       25.1
     75.01      25.45
     77.02      25.85
     79.02      26.72
     81.02      27.28
     83.02      27.17
     85.02      26.79
     87.02      27.09
     89.02      28.01
     91.02      29.29
     93.02      30.72
     95.02      30.96
     97.02      32.25
     99.02      32.21
       101      32.26
       103       31.6
       105      31.55
       107      32.23
       109       33.2
       111      33.38
       113      34.03
       115      33.82
       117      33.85
       119      33.86
       121      32.98
       123      32.61
       125      33.88
       127       34.2
       129       34.5
       131      34.27
       133      34.26
       135       34.9
       137      35.24
       139       35.6
       141      35.95
       143      36.27
       145      36.84
       147      37.82
       149      37.11
       151      36.83
       153      37.51
       155      38.18
       157      38.13
       159      36.96
       161      37.07
       163      36.92
       165      36.99
       167      37.95
       169      38.47
       171      39.16
       173      38.98
       175      39.05
       177      38.96
       179      38.08
       181      38.31
       183      38.15
       185       39.7
       187      40.53
       189      40.44
       191      40.89
       193      40.63
       195      39.97
       197      39.23
       199      39.71
       201      41.04
       203      41.46
       205      40.91
       207      41.17
       209      40.94
       211      41.17
       213      41.41
       215      41.78
       217      42.24
       219       42.9
       221      42.66
       223      42.88
       225      42.87
       227      42.84
       229      42.46
       231      42.44
       233      42.37
       235      42.82
       237      42.72
       239      43.09
       241      43.42
       243      43.56
       245      43.57
       247      43.06
       249      43.18
       251       42.9
       253      42.52
       255      41.94
     257.1      41.09
     259.1      40.84
     261.1      40.15
     263.1       40.4
     265.1      40.61
     267.1      41.66
     269.1      41.35
     271.1      41.25
     273.1      41.15
     275.1      40.84
     277.1      41.07
     279.1      41.83
     281.1      42.22
     283.1      42.39
     285.1      41.85
     287.1      42.38
     289.1      41.59
     291.1      41.54
     293.1      41.59
     295.1      41.61
     297.1      40.71
     299.1       40.7
     301.1      42.68
     303.1      42.72
     305.1      42.37
     307.1       42.5
     309.1      44.23
     311.1      45.15
     313.1      44.19
     315.1      44.51
     317.1      43.56
     319.1      43.68
     321.1      43.42
     323.1      44.65
     325.1      46.31
     327.1      46.88
     329.1      46.11
     331.1      46.09
     333.1      43.23
     335.1      42.54
     337.1      43.16
     339.1      42.57
     341.1      42.46
     343.1      42.73
     345.1      43.66
     347.1      43.23
     349.1      40.97
     351.1      41.14
