     1.005   8.56e+09
     3.014  2.951e+10
     5.024  4.441e+10
     7.033  5.905e+10
     9.043  7.061e+10
     11.05  7.902e+10
     13.06  8.523e+10
     15.07  9.108e+10
     17.08  9.641e+10
     19.09  1.007e+11
      21.1  1.045e+11
     23.11  1.072e+11
     25.12  1.094e+11
     27.13  1.118e+11
     29.14  1.138e+11
     31.15  1.163e+11
     33.16  1.181e+11
     35.17  1.199e+11
     37.18  1.212e+11
     39.19  1.223e+11
      41.2  1.237e+11
     43.21  1.249e+11
     45.22  1.259e+11
     47.22  1.266e+11
     49.23  1.276e+11
     51.24  1.287e+11
     53.25  1.303e+11
     55.26  1.322e+11
     57.27  1.339e+11
     59.28  1.365e+11
     61.29  1.383e+11
      63.3  1.401e+11
     65.31  1.414e+11
     67.32  1.423e+11
     69.33  1.435e+11
     71.34  1.442e+11
     73.35  1.449e+11
     75.36  1.459e+11
     77.37  1.481e+11
     79.38  1.492e+11
     81.39  1.499e+11
      83.4  1.505e+11
     85.41  1.513e+11
     87.42  1.518e+11
     89.43  1.523e+11
     91.44  1.527e+11
     93.44   1.53e+11
     95.45  1.535e+11
     97.46  1.538e+11
     99.47  1.542e+11
     101.5  1.545e+11
     103.5  1.549e+11
     105.5  1.551e+11
     107.5  1.554e+11
     109.5  1.556e+11
     111.5  1.559e+11
     113.5  1.562e+11
     115.6  1.566e+11
     117.6  1.571e+11
     119.6  1.573e+11
     121.6  1.576e+11
     123.6  1.579e+11
     125.6  1.584e+11
     127.6   1.59e+11
     129.6  1.599e+11
     131.6    1.6e+11
     133.6  1.602e+11
     135.6  1.605e+11
     137.7  1.606e+11
     139.7  1.609e+11
     141.7  1.609e+11
     143.7   1.61e+11
     145.7  1.614e+11
     147.7  1.617e+11
     149.7  1.618e+11
     151.7  1.619e+11
     153.7  1.619e+11
     155.7  1.619e+11
     157.8   1.62e+11
     159.8  1.621e+11
     161.8  1.622e+11
     163.8  1.622e+11
     165.8  1.624e+11
     167.8  1.625e+11
     169.8  1.627e+11
     171.8  1.628e+11
     173.8   1.63e+11
     175.8   1.63e+11
     177.8  1.631e+11
     179.9  1.631e+11
     181.9  1.631e+11
     183.9  1.631e+11
     185.9  1.632e+11
     187.9  1.633e+11
     189.9  1.633e+11
     191.9  1.633e+11
     193.9  1.633e+11
     195.9  1.634e+11
     197.9  1.634e+11
       200  1.634e+11
       202  1.634e+11
       204  1.634e+11
       206  1.634e+11
       208  1.634e+11
       210  1.634e+11
       212  1.635e+11
       214  1.635e+11
       216  1.635e+11
       218  1.635e+11
       220  1.635e+11
     222.1  1.635e+11
     224.1  1.635e+11
     226.1  1.635e+11
     228.1  1.635e+11
     230.1  1.635e+11
     232.1  1.635e+11
     234.1  1.635e+11
     236.1  1.635e+11
     238.1  1.635e+11
     240.1  1.635e+11
     242.2  1.635e+11
     244.2  1.635e+11
     246.2  1.635e+11
     248.2  1.635e+11
     250.2  1.635e+11
     252.2  1.635e+11
     254.2  1.635e+11
     256.2  1.635e+11
     258.2  1.635e+11
     260.2  1.635e+11
     262.2  1.635e+11
     264.3  1.635e+11
     266.3  1.635e+11
     268.3  1.635e+11
     270.3  1.635e+11
     272.3  1.635e+11
     274.3  1.635e+11
     276.3  1.635e+11
     278.3  1.635e+11
     280.3  1.635e+11
     282.3  1.635e+11
     284.4  1.635e+11
     286.4  1.635e+11
     288.4  1.635e+11
     290.4  1.635e+11
     292.4  1.635e+11
     294.4  1.635e+11
     296.4  1.635e+11
     298.4  1.635e+11
     300.4  1.635e+11
     302.4  1.635e+11
     304.4  1.635e+11
     306.5  1.635e+11
     308.5  1.635e+11
     310.5  1.635e+11
     312.5  1.635e+11
     314.5  1.635e+11
     316.5  1.635e+11
     318.5  1.635e+11
     320.5  1.635e+11
     322.5  1.635e+11
     324.5  1.635e+11
     326.6  1.635e+11
     328.6  1.635e+11
     330.6  1.635e+11
     332.6  1.635e+11
     334.6  1.635e+11
     336.6  1.635e+11
     338.6  1.635e+11
     340.6  1.635e+11
     342.6  1.635e+11
     344.6  1.635e+11
     346.7  1.635e+11
     348.7  1.635e+11
     350.7  1.635e+11
