     2.021  1.975e+10
     6.063  5.221e+10
     10.11  7.582e+10
     14.15   8.85e+10
     18.19  9.911e+10
     22.23   1.06e+11
     26.27  1.109e+11
     30.32  1.152e+11
     34.36  1.191e+11
      38.4  1.217e+11
     42.44  1.244e+11
     46.49  1.263e+11
     50.53  1.284e+11
     54.57  1.317e+11
     58.61  1.355e+11
     62.65  1.394e+11
      66.7   1.42e+11
     70.74   1.44e+11
     74.78  1.456e+11
     78.82   1.49e+11
     82.87  1.504e+11
     86.91  1.518e+11
     90.95  1.525e+11
     94.99  1.533e+11
     99.03  1.541e+11
     103.1  1.548e+11
     107.1  1.553e+11
     111.2  1.559e+11
     115.2  1.566e+11
     119.2  1.572e+11
     123.3  1.578e+11
     127.3   1.59e+11
     131.4    1.6e+11
     135.4  1.604e+11
     139.5  1.609e+11
     143.5   1.61e+11
     147.5  1.616e+11
     151.6  1.619e+11
     155.6  1.619e+11
     159.7  1.621e+11
     163.7  1.622e+11
     167.8  1.625e+11
     171.8  1.628e+11
     175.8   1.63e+11
     179.9  1.631e+11
     183.9  1.631e+11
       188  1.633e+11
       192  1.633e+11
       196  1.634e+11
     200.1  1.634e+11
     204.1  1.634e+11
     208.2  1.634e+11
     212.2  1.635e+11
     216.3  1.635e+11
     220.3  1.635e+11
     224.3  1.635e+11
     228.4  1.635e+11
     232.4  1.635e+11
     236.5  1.635e+11
     240.5  1.635e+11
     244.6  1.635e+11
     248.6  1.635e+11
     252.6  1.635e+11
     256.7  1.635e+11
     260.7  1.635e+11
     264.8  1.635e+11
     268.8  1.635e+11
     272.9  1.635e+11
     276.9  1.635e+11
     280.9  1.635e+11
       285  1.635e+11
       289  1.635e+11
     293.1  1.635e+11
     297.1  1.635e+11
     301.1  1.635e+11
     305.2  1.635e+11
     309.2  1.635e+11
     313.3  1.635e+11
     317.3  1.635e+11
     321.4  1.635e+11
     325.4  1.635e+11
     329.4  1.635e+11
     333.5  1.635e+11
     337.5  1.635e+11
     341.6  1.635e+11
     345.6  1.635e+11
     349.7  1.635e+11
