     1.005      18.29
     3.014      19.38
     5.024      19.98
     7.033      20.36
     9.043      21.08
     11.05      21.69
     13.06      22.04
     15.07      22.28
     17.08      22.68
     19.09      23.06
      21.1      23.48
     23.11      23.93
     25.12      24.41
     27.13       25.2
     29.14      25.61
     31.15      25.99
     33.16      27.57
     35.17      29.54
     37.18      31.61
     39.19      32.35
      41.2      31.95
     43.21      33.36
     45.22      34.87
     47.22      36.27
     49.23      36.13
     51.24      35.43
     53.25      34.93
     55.26      34.76
     57.27      34.92
     59.28      35.45
     61.29       36.8
      63.3      37.63
     65.31      37.32
     67.32      39.05
     69.33      40.02
     71.34       40.6
     73.35      40.68
     75.36      40.38
     77.37      40.94
     79.38      42.12
     81.39      42.72
      83.4      43.01
     85.41      43.48
     87.42      44.95
     89.43      45.35
     91.44      45.44
     93.44      45.25
     95.45      45.33
     97.46      46.09
     99.47      46.49
     101.5       46.4
     103.5       47.1
     105.5      47.21
     107.5      47.68
     109.5       47.2
     111.5      47.11
     113.5      47.27
     115.6      47.39
     117.6      47.92
     119.6      47.88
     121.6      47.99
     123.6      47.76
     125.6      47.82
     127.6      47.63
     129.6      47.99
     131.6      48.25
     133.6      48.17
     135.6      48.07
     137.7      48.12
     139.7      48.51
     141.7      48.58
     143.7      48.63
     145.7      48.65
     147.7         49
     149.7      49.14
     151.7      49.38
     153.7      49.51
     155.7       49.4
     157.8      49.35
     159.8      49.08
     161.8      49.11
     163.8      48.86
     165.8      48.83
     167.8       48.8
     169.8      48.82
     171.8      49.02
     173.8      49.12
     175.8      49.14
     177.8      49.61
     179.9      49.78
     181.9      49.67
     183.9       49.6
     185.9      49.39
     187.9      49.42
     189.9      49.61
     191.9       49.7
     193.9       49.8
     195.9      49.78
     197.9      49.79
       200      49.87
       202         50
       204         50
       206         50
       208         50
       210      49.91
       212      49.83
       214      49.91
       216      49.97
       218         50
       220         50
     222.1         50
     224.1         50
     226.1         50
     228.1         50
     230.1         50
     232.1         50
     234.1         50
     236.1         50
     238.1         50
     240.1         50
     242.2         50
     244.2         50
     246.2         50
     248.2         50
     250.2         50
     252.2         50
     254.2         50
     256.2         50
     258.2         50
     260.2         50
     262.2         50
     264.3         50
     266.3         50
     268.3         50
     270.3         50
     272.3         50
     274.3         50
     276.3         50
     278.3         50
     280.3         50
     282.3         50
     284.4         50
     286.4         50
     288.4         50
     290.4         50
     292.4         50
     294.4         50
     296.4         50
     298.4         50
     300.4         50
     302.4         50
     304.4         50
     306.5         50
     308.5         50
     310.5         50
     312.5         50
     314.5         50
     316.5         50
     318.5         50
     320.5         50
     322.5         50
     324.5         50
     326.6         50
     328.6         50
     330.6         50
     332.6         50
     334.6         50
     336.6         50
     338.6         50
     340.6         50
     342.6         50
     344.6         50
     346.7         50
     348.7         50
     350.7         50
