     2.021      18.77
     6.063      19.97
     10.11      21.26
     14.15      21.99
     18.19      22.69
     22.23      23.55
     26.27      24.93
     30.32      25.48
     34.36      28.65
      38.4       31.7
     42.44      32.86
     46.49      35.41
     50.53      35.46
     54.57      34.67
     58.61      34.94
     62.65      37.14
      66.7      38.28
     70.74      39.78
     74.78      39.87
     78.82      41.46
     82.87      42.58
     86.91      43.97
     90.95      44.99
     94.99      45.41
     99.03      46.24
     103.1      46.72
     107.1      47.45
     111.2      47.07
     115.2      47.51
     119.2      47.79
     123.3      47.72
     127.3      47.53
     131.4      48.11
     135.4      47.95
     139.5       48.1
     143.5      48.25
     147.5      48.66
     151.6      49.17
     155.6       49.4
     159.7      49.08
     163.7      48.83
     167.8       48.8
     171.8      48.99
     175.8      49.29
     179.9      49.69
     183.9      49.54
       188      49.43
       192      49.74
       196      49.74
     200.1      49.87
     204.1         50
     208.2      49.95
     212.2      49.84
     216.3      49.97
     220.3         50
     224.3         50
     228.4         50
     232.4         50
     236.5         50
     240.5         50
     244.6         50
     248.6         50
     252.6         50
     256.7         50
     260.7         50
     264.8         50
     268.8         50
     272.9         50
     276.9         50
     280.9         50
       285         50
       289         50
     293.1         50
     297.1         50
     301.1         50
     305.2         50
     309.2         50
     313.3         50
     317.3         50
     321.4         50
     325.4         50
     329.4         50
     333.5         50
     337.5         50
     341.6         50
     345.6         50
     349.7         50
