         1  1.646e+11
     3.001  1.011e+12
     5.001  1.865e+12
     7.002  2.486e+12
     9.002  2.931e+12
        11  3.272e+12
        13  3.575e+12
        15  3.855e+12
        17  4.112e+12
     19.01  4.351e+12
     21.01  4.588e+12
     23.01   4.81e+12
     25.01  5.029e+12
     27.01  5.238e+12
     29.01  5.446e+12
     31.01  5.642e+12
     33.01  5.834e+12
     35.01  6.019e+12
     37.01  6.191e+12
     39.01  6.363e+12
     41.01  6.525e+12
     43.01  6.685e+12
     45.01  6.842e+12
     47.01  6.996e+12
     49.01  7.152e+12
     51.01  7.297e+12
     53.01  7.441e+12
     55.02  7.586e+12
     57.02  7.722e+12
     59.02  7.858e+12
     61.02  7.992e+12
     63.02  8.118e+12
     65.02   8.25e+12
     67.02  8.381e+12
     69.02  8.507e+12
     71.02  8.638e+12
     73.02  8.759e+12
     75.02  8.878e+12
     77.02      9e+12
     79.02  9.119e+12
     81.02   9.23e+12
     83.02  9.347e+12
     85.02  9.459e+12
     87.02   9.57e+12
     89.02  9.673e+12
     91.03  9.777e+12
     93.03  9.879e+12
     95.03  9.974e+12
     97.03  1.007e+13
     99.03  1.016e+13
       101  1.025e+13
       103  1.033e+13
       105  1.042e+13
       107  1.051e+13
       109  1.059e+13
       111  1.066e+13
       113  1.074e+13
       115  1.081e+13
       117  1.088e+13
       119  1.095e+13
       121  1.101e+13
       123  1.108e+13
       125  1.114e+13
       127   1.12e+13
       129  1.127e+13
       131  1.133e+13
       133  1.139e+13
       135  1.145e+13
       137  1.151e+13
       139  1.156e+13
       141  1.162e+13
       143  1.167e+13
       145  1.172e+13
       147  1.177e+13
       149  1.182e+13
       151  1.187e+13
       153  1.193e+13
       155  1.198e+13
       157  1.203e+13
       159  1.208e+13
       161  1.213e+13
       163  1.218e+13
       165  1.223e+13
       167  1.228e+13
       169  1.233e+13
       171  1.238e+13
       173  1.243e+13
       175  1.247e+13
       177  1.252e+13
       179  1.256e+13
       181  1.261e+13
     183.1  1.266e+13
     185.1   1.27e+13
     187.1  1.274e+13
     189.1  1.279e+13
     191.1  1.283e+13
     193.1  1.287e+13
     195.1  1.291e+13
     197.1  1.295e+13
     199.1    1.3e+13
     201.1  1.304e+13
     203.1  1.308e+13
     205.1  1.312e+13
     207.1  1.315e+13
     209.1  1.319e+13
     211.1  1.323e+13
     213.1  1.327e+13
     215.1  1.331e+13
     217.1  1.335e+13
     219.1  1.338e+13
     221.1  1.342e+13
     223.1  1.345e+13
     225.1  1.349e+13
     227.1  1.352e+13
     229.1  1.355e+13
     231.1  1.358e+13
     233.1  1.362e+13
     235.1  1.365e+13
     237.1  1.368e+13
     239.1  1.372e+13
     241.1  1.375e+13
     243.1  1.378e+13
     245.1   1.38e+13
     247.1  1.383e+13
     249.1  1.386e+13
     251.1  1.388e+13
     253.1   1.39e+13
     255.1  1.392e+13
     257.1  1.394e+13
     259.1  1.395e+13
     261.1  1.397e+13
     263.1  1.398e+13
     265.1  1.399e+13
     267.1  1.401e+13
     269.1  1.402e+13
     271.1  1.403e+13
     273.1  1.404e+13
     275.1  1.405e+13
     277.1  1.406e+13
     279.1  1.407e+13
     281.1  1.408e+13
     283.1  1.409e+13
     285.1  1.409e+13
     287.1   1.41e+13
     289.1  1.411e+13
     291.1  1.411e+13
     293.1  1.412e+13
     295.1  1.412e+13
     297.1  1.413e+13
     299.1  1.413e+13
     301.1  1.414e+13
     303.1  1.414e+13
     305.1  1.414e+13
     307.1  1.415e+13
     309.1  1.415e+13
     311.1  1.415e+13
     313.1  1.416e+13
     315.1  1.416e+13
     317.1  1.416e+13
     319.1  1.416e+13
     321.1  1.416e+13
     323.1  1.417e+13
     325.1  1.417e+13
     327.1  1.417e+13
     329.1  1.417e+13
     331.1  1.417e+13
     333.1  1.417e+13
     335.1  1.418e+13
     337.1  1.418e+13
     339.1  1.418e+13
     341.1  1.418e+13
     343.1  1.418e+13
     345.1  1.418e+13
     347.1  1.418e+13
     349.1  1.418e+13
     351.1  1.418e+13
