         1      14.35
     3.001      15.92
     5.001      17.29
     7.002      18.32
     9.002      19.01
        11      19.41
        13      19.69
        15      20.02
        17      20.26
     19.01      20.36
     21.01      20.42
     23.01      20.68
     25.01      20.82
     27.01      20.94
     29.01      21.03
     31.01      21.16
     33.01      21.23
     35.01      21.33
     37.01      21.47
     39.01       21.6
     41.01      21.71
     43.01      21.82
     45.01      21.84
     47.01      21.85
     49.01      21.92
     51.01      21.98
     53.01      22.05
     55.02      22.12
     57.02      22.21
     59.02      22.24
     61.02      22.32
     63.02       22.4
     65.02      22.41
     67.02      22.49
     69.02       22.5
     71.02      22.55
     73.02      22.58
     75.02      22.62
     77.02      22.66
     79.02      22.69
     81.02      22.75
     83.02      22.83
     85.02      22.86
     87.02      22.96
     89.02      23.01
     91.03      23.01
     93.03      23.09
     95.03      23.15
     97.03      23.15
     99.03      23.17
       101      23.17
       103      23.18
       105      23.31
       107      23.41
       109       23.5
       111      23.51
       113      23.57
       115       23.6
       117      23.58
       119      23.63
       121      23.68
       123      23.78
       125      23.92
       127      23.95
       129      23.92
       131      23.96
       133      23.94
       135      24.03
       137      24.03
       139      24.12
       141      24.16
       143      24.24
       145      24.22
       147      24.19
       149      24.26
       151      24.33
       153      24.35
       155      24.39
       157      24.31
       159      24.37
       161       24.4
       163      24.41
       165      24.51
       167      24.58
       169      24.62
       171      24.63
       173       24.7
       175      24.72
       177      24.75
       179      24.69
       181      24.71
     183.1      24.83
     185.1      24.86
     187.1      24.85
     189.1      24.92
     191.1      24.97
     193.1      24.99
     195.1      25.03
     197.1      24.99
     199.1      24.96
     201.1      25.04
     203.1      25.13
     205.1      25.16
     207.1      25.17
     209.1      25.21
     211.1      25.27
     213.1      25.32
     215.1      25.35
     217.1      25.49
     219.1      25.41
     221.1       25.4
     223.1      25.47
     225.1      25.54
     227.1      25.61
     229.1       25.7
     231.1      25.79
     233.1      25.75
     235.1      25.67
     237.1      25.81
     239.1      26.14
     241.1       26.1
     243.1      25.86
     245.1      25.91
     247.1      25.92
     249.1      26.15
     251.1      26.09
     253.1      26.18
     255.1      26.37
     257.1      26.18
     259.1      26.21
     261.1      26.17
     263.1      26.19
     265.1      26.27
     267.1      26.45
     269.1      26.27
     271.1      26.31
     273.1      26.23
     275.1      26.42
     277.1      26.42
     279.1      26.39
     281.1      26.41
     283.1      26.49
     285.1      26.45
     287.1      26.58
     289.1      26.59
     291.1      26.66
     293.1      26.75
     295.1      26.82
     297.1      26.62
     299.1      26.71
     301.1      27.06
     303.1       26.5
     305.1       26.5
     307.1      27.35
     309.1      27.35
     311.1      27.23
     313.1      27.59
     315.1      28.41
     317.1      29.04
     319.1      28.31
     321.1       27.6
     323.1      27.88
     325.1      28.33
     327.1      29.84
     329.1      28.16
     331.1      27.98
     333.1      27.94
     335.1      27.37
     337.1      29.39
     339.1      30.69
     341.1      31.36
     343.1      32.76
     345.1      29.86
     347.1      30.02
     349.1      33.34
     351.1      36.59
