     2.001       18.8
     6.002       19.9
        10      20.17
        14      20.47
        18      20.86
     22.01      21.19
     26.01      21.48
     30.01      21.67
     34.01      21.85
     38.01       22.1
     42.01      22.38
     46.01      22.53
     50.01      22.66
     54.01      22.89
     58.02      23.01
     62.02      23.13
     66.02      23.19
     70.02      23.31
     74.02      23.43
     78.02      23.56
     82.02      23.61
     86.02      23.75
     90.02      23.77
     94.03      23.82
     98.03      24.01
       102      24.01
       106       24.2
       110      24.29
       114      24.35
       118      24.43
       122      24.57
       126      24.68
       130       24.7
       134      24.73
       138      24.78
       142      24.81
       146      24.85
       150      24.98
       154      24.98
       158      25.11
       162      25.36
       166      25.51
       170      25.51
       174      25.58
       178      25.66
     182.1      25.91
     186.1       25.8
     190.1      25.84
     194.1      26.19
     198.1      26.19
     202.1      26.35
     206.1      26.58
     210.1      26.68
     214.1      26.72
     218.1      26.93
     222.1      27.03
     226.1      27.43
     230.1      27.52
     234.1      27.54
     238.1       27.7
     242.1       27.9
     246.1      28.44
     250.1       29.2
     254.1      29.44
     258.1      30.01
     262.1      29.05
     266.1      29.91
     270.1      30.76
     274.1      30.55
     278.1      31.59
     282.1      31.81
     286.1      31.98
     290.1       30.9
     294.1      31.86
     298.1      31.45
     302.1      32.81
     306.1      33.37
     310.1      32.48
     314.1      32.74
     318.1      32.15
     322.1      32.47
     326.1      33.55
     330.1      33.21
     334.1      34.48
     338.1      35.76
     342.1      36.01
     346.1      36.44
     350.1      36.84
