         1  1.488e+10
     3.001   7.92e+10
     5.002  1.369e+11
     7.003  1.827e+11
     9.004  2.191e+11
        11  2.512e+11
     13.01  2.837e+11
     15.01  3.114e+11
     17.01  3.407e+11
     19.01  3.703e+11
     21.01  3.976e+11
     23.01  4.225e+11
     25.01   4.46e+11
     27.01  4.679e+11
     29.01  4.905e+11
     31.01  5.132e+11
     33.01  5.365e+11
     35.01  5.579e+11
     37.01  5.805e+11
     39.02   6.08e+11
     41.02  6.424e+11
     43.02  6.885e+11
     45.02  7.405e+11
     47.02  7.781e+11
     49.02  8.063e+11
     51.02   8.42e+11
     53.02  8.753e+11
     55.02  8.962e+11
     57.02  9.125e+11
     59.02  9.274e+11
     61.02  9.414e+11
     63.02   9.56e+11
     65.03    9.7e+11
     67.03  9.867e+11
     69.03  1.004e+12
     71.03  1.025e+12
     73.03  1.055e+12
     75.03  1.091e+12
     77.03  1.121e+12
     79.03  1.145e+12
     81.03  1.171e+12
     83.03  1.192e+12
     85.03  1.207e+12
     87.03  1.228e+12
     89.04   1.24e+12
     91.04  1.249e+12
     93.04  1.259e+12
     95.04  1.271e+12
     97.04   1.29e+12
     99.04  1.325e+12
       101  1.349e+12
       103  1.362e+12
       105  1.372e+12
       107  1.381e+12
       109  1.394e+12
       111  1.409e+12
       113   1.42e+12
       115  1.429e+12
       117  1.439e+12
       119  1.454e+12
       121  1.478e+12
       123  1.497e+12
       125  1.506e+12
     127.1  1.515e+12
     129.1  1.523e+12
     131.1   1.53e+12
     133.1  1.539e+12
     135.1  1.552e+12
     137.1  1.574e+12
     139.1    1.6e+12
     141.1  1.624e+12
     143.1  1.642e+12
     145.1  1.652e+12
     147.1   1.66e+12
     149.1  1.668e+12
     151.1  1.675e+12
     153.1  1.682e+12
     155.1   1.69e+12
     157.1  1.699e+12
     159.1  1.711e+12
     161.1  1.723e+12
     163.1  1.742e+12
     165.1  1.756e+12
     167.1  1.764e+12
     169.1  1.772e+12
     171.1  1.779e+12
     173.1  1.785e+12
     175.1  1.791e+12
     177.1  1.796e+12
     179.1  1.803e+12
     181.1  1.813e+12
     183.1   1.83e+12
     185.1  1.839e+12
     187.1  1.844e+12
     189.1  1.847e+12
     191.1   1.85e+12
     193.1  1.853e+12
     195.1  1.856e+12
     197.1  1.858e+12
     199.1  1.861e+12
     201.1  1.863e+12
     203.1  1.865e+12
     205.1  1.867e+12
     207.1  1.869e+12
     209.1   1.87e+12
     211.1  1.872e+12
     213.1  1.874e+12
     215.1  1.876e+12
     217.1  1.878e+12
     219.1  1.881e+12
     221.1  1.884e+12
     223.1  1.889e+12
     225.1  1.901e+12
     227.1  1.915e+12
     229.1  1.919e+12
     231.1   1.92e+12
     233.1  1.922e+12
     235.1  1.924e+12
     237.1  1.925e+12
     239.1  1.927e+12
     241.1  1.928e+12
     243.1  1.929e+12
     245.1   1.93e+12
     247.1  1.932e+12
     249.1  1.933e+12
     251.1  1.934e+12
     253.1  1.935e+12
     255.1  1.935e+12
     257.1  1.936e+12
     259.1  1.936e+12
     261.1  1.937e+12
     263.1  1.937e+12
     265.1  1.938e+12
     267.1  1.938e+12
     269.1  1.939e+12
     271.1  1.939e+12
     273.1   1.94e+12
     275.1  1.941e+12
     277.1  1.941e+12
     279.1  1.941e+12
     281.1  1.942e+12
     283.1  1.942e+12
     285.1  1.943e+12
     287.1  1.944e+12
     289.1  1.944e+12
     291.1  1.944e+12
     293.1  1.945e+12
     295.1  1.945e+12
     297.1  1.945e+12
     299.1  1.945e+12
     301.1  1.946e+12
     303.1  1.946e+12
     305.1  1.946e+12
     307.1  1.946e+12
     309.1  1.946e+12
     311.1  1.947e+12
     313.1  1.947e+12
     315.1  1.947e+12
     317.1  1.947e+12
     319.1  1.947e+12
     321.1  1.947e+12
     323.1  1.947e+12
     325.1  1.947e+12
     327.1  1.947e+12
     329.1  1.947e+12
     331.1  1.947e+12
     333.1  1.947e+12
     335.1  1.947e+12
     337.1  1.947e+12
     339.1  1.948e+12
     341.1  1.948e+12
     343.1  1.948e+12
     345.1  1.948e+12
     347.1  1.948e+12
     349.1  1.948e+12
     351.1  1.948e+12
