         1      18.35
     3.001      19.38
     5.002      19.74
     7.003      20.25
     9.004      20.63
        11      20.91
     13.01      21.06
     15.01      21.26
     17.01      21.34
     19.01      21.51
     21.01      21.64
     23.01      21.72
     25.01      21.94
     27.01      22.01
     29.01      22.11
     31.01      22.23
     33.01      22.27
     35.01      22.37
     37.01      22.34
     39.02      22.24
     41.02      22.24
     43.02      22.37
     45.02      22.51
     47.02      22.64
     49.02      22.78
     51.02      22.85
     53.02         23
     55.02      23.08
     57.02      23.24
     59.02      23.36
     61.02      23.49
     63.02      23.51
     65.03      23.63
     67.03       23.7
     69.03      23.84
     71.03      23.69
     73.03      23.77
     75.03      24.01
     77.03      23.95
     79.03      24.12
     81.03      24.23
     83.03      24.38
     85.03      24.34
     87.03      24.51
     89.04      24.77
     91.04      24.87
     93.04      24.85
     95.04      24.71
     97.04      24.64
     99.04      24.72
       101      25.03
       103      25.27
       105      25.62
       107      25.67
       109      25.68
       111      25.35
       113      25.77
       115      25.74
       117      26.05
       119       26.1
       121      26.31
       123      26.05
       125      26.24
     127.1      26.64
     129.1      27.09
     131.1      27.26
     133.1      27.12
     135.1       26.7
     137.1      26.99
     139.1      27.83
     141.1      28.87
     143.1       28.6
     145.1       29.3
     147.1      29.69
     149.1      29.82
     151.1      30.56
     153.1      30.72
     155.1      31.29
     157.1      31.88
     159.1         32
     161.1      32.15
     163.1      32.09
     165.1      32.66
     167.1      32.51
     169.1      33.32
     171.1       34.2
     173.1      34.15
     175.1      33.28
     177.1      33.34
     179.1      33.88
     181.1      34.85
     183.1      35.29
     185.1      35.87
     187.1      36.25
     189.1      36.07
     191.1       36.5
     193.1      36.89
     195.1      37.19
     197.1      37.14
     199.1      37.05
     201.1       37.9
     203.1      39.03
     205.1      38.61
     207.1      38.93
     209.1      39.16
     211.1      39.81
     213.1       39.7
     215.1      40.17
     217.1      40.76
     219.1       40.5
     221.1      39.95
     223.1      40.11
     225.1      40.45
     227.1      40.81
     229.1      40.62
     231.1      40.87
     233.1      40.29
     235.1       40.4
     237.1      41.27
     239.1      42.01
     241.1      41.91
     243.1      41.96
     245.1         42
     247.1      41.91
     249.1      42.85
     251.1      43.51
     253.1       44.9
     255.1      44.74
     257.1      45.26
     259.1      44.86
     261.1      44.55
     263.1      44.14
     265.1       44.3
     267.1       44.4
     269.1      44.36
     271.1      43.36
     273.1      43.49
     275.1      43.41
     277.1      44.67
     279.1      44.73
     281.1      43.65
     283.1      43.31
     285.1      42.26
     287.1      42.64
     289.1      43.35
     291.1      44.85
     293.1       44.5
     295.1      45.02
     297.1      44.21
     299.1      44.21
     301.1      44.12
     303.1      45.21
     305.1      45.48
     307.1      44.96
     309.1      45.59
     311.1      45.64
     313.1      44.68
     315.1      46.83
     317.1      47.27
     319.1      47.95
     321.1       46.6
     323.1      48.23
     325.1      47.69
     327.1      48.31
     329.1      46.81
     331.1      47.51
     333.1      47.34
     335.1      47.37
     337.1      46.44
     339.1      44.44
     341.1      46.19
     343.1      44.16
     345.1      44.55
     347.1      45.92
     349.1         50
     351.1         50
