     2.001  2.158e+10
     6.003  5.402e+10
        10  9.316e+10
     14.01  1.466e+11
     18.01  1.698e+11
     22.01  1.975e+11
     26.01  2.327e+11
     30.01  2.499e+11
     34.01  2.649e+11
     38.02  2.808e+11
     42.02  3.217e+11
     46.02  3.714e+11
     50.02  4.066e+11
     54.02  4.416e+11
     58.03  4.552e+11
     62.03  4.647e+11
     66.03  4.739e+11
     70.03  4.912e+11
     74.03  5.035e+11
     78.03  5.162e+11
     82.04  5.333e+11
     86.04  5.409e+11
     90.04  5.467e+11
     94.04  5.542e+11
     98.04  5.626e+11
       102  5.741e+11
       106  5.921e+11
       110  6.026e+11
       114  6.111e+11
     118.1  6.378e+11
     122.1  6.489e+11
     126.1  6.595e+11
     130.1   6.89e+11
     134.1  7.223e+11
     138.1  7.294e+11
     142.1  7.316e+11
     146.1  7.342e+11
     150.1  7.585e+11
     154.1  7.663e+11
     158.1  7.698e+11
     162.1  7.733e+11
     166.1  7.797e+11
     170.1  8.072e+11
     174.1  8.613e+11
     178.1  8.736e+11
     182.1  8.802e+11
     186.1   8.83e+11
     190.1  8.851e+11
     194.1  8.867e+11
     198.1  8.894e+11
     202.1  8.927e+11
     206.1  8.944e+11
     210.1  8.957e+11
     214.1  8.974e+11
     218.1  9.146e+11
     222.1   9.24e+11
     226.1  9.258e+11
     230.1  9.287e+11
     234.1  9.309e+11
     238.1  9.334e+11
     242.1  9.365e+11
     246.1   9.42e+11
     250.1  9.733e+11
     254.1  9.904e+11
     258.1  1.001e+12
     262.1  1.031e+12
     266.1  1.041e+12
     270.1  1.045e+12
     274.1  1.048e+12
     278.1  1.049e+12
     282.1  1.049e+12
     286.1  1.049e+12
     290.1  1.049e+12
     294.1  1.049e+12
     298.1  1.049e+12
     302.1   1.05e+12
     306.1   1.05e+12
     310.1   1.05e+12
     314.1   1.05e+12
     318.1   1.05e+12
     322.1   1.05e+12
     326.1   1.05e+12
     330.1   1.05e+12
     334.1   1.05e+12
     338.1   1.05e+12
     342.1   1.05e+12
     346.2   1.05e+12
     350.2   1.05e+12
