         1      17.13
     3.001      19.75
     5.002      19.82
     7.003      19.99
     9.004      20.06
        11      20.37
     13.01      20.71
     15.01      20.84
     17.01      21.12
     19.01      21.35
     21.01      21.66
     23.01      21.81
     25.01      22.02
     27.01      22.39
     29.01      22.53
     31.01      22.63
     33.01      22.86
     35.02      23.22
     37.02      23.61
     39.02      23.43
     41.02      23.46
     43.02      23.75
     45.02      24.07
     47.02       24.2
     49.02      24.94
     51.02       25.2
     53.02      26.45
     55.02      26.96
     57.02       26.8
     59.03      27.05
     61.03      27.33
     63.03      27.68
     65.03      28.79
     67.03      28.71
     69.03      27.59
     71.03      28.51
     73.03      27.99
     75.03      28.17
     77.03       28.5
     79.03      29.19
     81.04      30.01
     83.04      30.11
     85.04      30.75
     87.04       32.2
     89.04      32.63
     91.04      33.41
     93.04       34.1
     95.04      35.53
     97.04       35.2
     99.04      35.27
       101      35.69
       103      36.32
       105      36.87
       107      36.67
       109      36.25
       111      36.29
       113      36.58
     115.1      37.81
     117.1      38.65
     119.1      38.91
     121.1      38.43
     123.1      38.37
     125.1      38.67
     127.1      39.25
     129.1      39.71
     131.1      39.55
     133.1       40.9
     135.1      41.83
     137.1      42.47
     139.1      41.59
     141.1      41.85
     143.1      42.39
     145.1      43.01
     147.1      43.07
     149.1      43.15
     151.1      43.44
     153.1      43.47
     155.1      43.26
     157.1      43.73
     159.1      43.51
     161.1      43.93
     163.1      43.93
     165.1      44.39
     167.1      44.27
     169.1      43.96
     171.1      43.87
     173.1      43.56
     175.1      43.51
     177.1      43.76
     179.1      44.27
     181.1      44.45
     183.1      44.72
     185.1      44.34
     187.1       45.2
     189.1      44.82
     191.1      45.76
     193.1      45.63
     195.1      46.05
     197.1      45.83
     199.1         46
     201.1      46.39
     203.1      46.29
     205.1      46.67
     207.1      46.24
     209.1       46.5
     211.1      46.77
     213.1      47.02
     215.1      46.95
     217.1      46.66
     219.1      46.65
     221.1      46.73
     223.1       46.9
     225.1      46.76
     227.1      46.71
     229.1      46.24
     231.1      46.24
     233.1      46.34
     235.1      46.79
     237.1      46.73
     239.1       46.8
     241.1      46.89
     243.1       47.1
     245.1      47.28
     247.1      47.39
     249.1      47.52
     251.1      47.23
     253.1      46.75
     255.1      46.49
     257.1      46.37
     259.1      46.46
     261.1       46.3
     263.1       46.7
     265.1      46.87
     267.1      47.17
     269.1      47.35
     271.1      47.54
     273.1      47.68
     275.1      47.01
     277.1      47.82
     279.1      47.81
     281.1      48.43
     283.1      48.66
     285.1      48.91
     287.1      48.82
     289.1      48.91
     291.1      49.24
     293.1      49.41
     295.1      49.11
     297.1      48.77
     299.1      48.55
     301.1      47.92
     303.1      47.96
     305.1      48.39
     307.1      48.27
     309.1      48.68
     311.1      48.09
     313.1      48.93
     315.1      49.04
     317.1      49.47
     319.1      49.49
     321.1      49.85
     323.1      49.66
     325.1      48.97
     327.1      49.33
     329.1      49.65
     331.1      48.76
     333.1      47.91
     335.1      48.12
     337.1      49.53
     339.1         50
     341.1         50
     343.1         50
     345.2         50
     347.2         50
     349.2         50
     351.2         50
