         2  1.352e+10
     6.001  6.709e+10
        10  1.224e+11
        14  1.681e+11
        18  2.073e+11
     22.01  2.422e+11
     26.01  2.713e+11
     30.01  2.979e+11
     34.01  3.195e+11
     38.01  3.378e+11
     42.01  3.567e+11
     46.01  3.724e+11
     50.01  3.877e+11
     54.01  4.024e+11
     58.01  4.151e+11
     62.01  4.279e+11
     66.02  4.517e+11
     70.02  4.665e+11
     74.02  4.771e+11
     78.02   4.88e+11
     82.02  4.971e+11
     86.02  5.061e+11
     90.02  5.171e+11
     94.02  5.457e+11
     98.02  5.585e+11
       102  5.648e+11
       106  5.709e+11
       110  5.771e+11
       114  5.895e+11
       118   6.05e+11
       122  6.107e+11
       126  6.151e+11
       130  6.192e+11
       134  6.233e+11
       138   6.27e+11
       142  6.301e+11
       146  6.339e+11
       150  6.381e+11
       154  6.539e+11
       158  6.735e+11
       162  6.783e+11
       166  6.821e+11
       170  6.855e+11
       174  6.889e+11
       178  6.926e+11
       182  6.947e+11
       186  6.973e+11
       190  6.992e+11
       194  7.016e+11
       198  7.035e+11
       202  7.074e+11
       206   7.17e+11
       210  7.211e+11
     214.1  7.267e+11
     218.1   7.46e+11
     222.1  7.518e+11
     226.1  7.582e+11
     230.1  7.609e+11
     234.1  7.632e+11
     238.1  7.672e+11
     242.1  7.684e+11
     246.1  7.693e+11
     250.1    7.7e+11
     254.1  7.706e+11
     258.1  7.713e+11
     262.1  7.718e+11
     266.1  7.721e+11
     270.1  7.723e+11
     274.1  7.729e+11
     278.1  7.732e+11
     282.1  7.734e+11
     286.1  7.735e+11
     290.1  7.738e+11
     294.1  7.743e+11
     298.1  7.757e+11
     302.1  7.863e+11
     306.1  8.119e+11
     310.1  8.231e+11
     314.1  8.246e+11
     318.1  8.249e+11
     322.1  8.253e+11
     326.1  8.255e+11
     330.1  8.255e+11
     334.1  8.255e+11
     338.1  8.255e+11
     342.1  8.255e+11
     346.1  8.255e+11
     350.1  8.255e+11
