         2      19.65
     6.001       20.7
        10      21.33
        14      21.83
        18      22.16
     22.01      22.45
     26.01      22.82
     30.01      23.19
     34.01      23.54
     38.01      23.68
     42.01      23.91
     46.01      24.43
     50.01      24.77
     54.01      24.86
     58.01      25.01
     62.01      25.24
     66.02      27.08
     70.02      27.48
     74.02      27.15
     78.02      27.96
     82.02      28.33
     86.02      28.33
     90.02      28.85
     94.02      29.89
     98.02      30.51
       102      32.17
       106      31.98
       110      33.46
       114      33.59
       118      33.48
       122      34.13
       126      36.06
       130      35.21
       134      35.28
       138      36.09
       142      36.95
       146       37.1
       150      37.08
       154       36.6
       158      37.88
       162      37.74
       166         38
       170      39.02
       174      39.49
       178      40.15
       182      40.72
       186      41.38
       190      41.57
       194       41.7
       198      42.62
       202      42.16
       206      42.01
       210      42.89
     214.1      43.28
     218.1      42.97
     222.1      43.43
     226.1      44.16
     230.1      44.64
     234.1      45.15
     238.1       45.2
     242.1      46.12
     246.1      46.43
     250.1      47.37
     254.1      47.18
     258.1      46.86
     262.1      47.91
     266.1      48.21
     270.1      47.57
     274.1       46.9
     278.1      47.67
     282.1      48.59
     286.1       47.9
     290.1      47.09
     294.1      45.33
     298.1      44.41
     302.1       44.7
     306.1      45.23
     310.1      46.11
     314.1      46.53
     318.1      47.45
     322.1      47.23
     326.1      48.94
     330.1      49.14
     334.1      49.21
     338.1         50
     342.1         50
     346.1      47.86
     350.1      48.88
