         1  7.861e+10
     3.001  4.984e+11
     5.001  9.391e+11
     7.002  1.346e+12
     9.002  1.678e+12
        11  1.962e+12
        13  2.224e+12
        15  2.457e+12
        17  2.677e+12
     19.01  2.888e+12
     21.01  3.088e+12
     23.01  3.282e+12
     25.01  3.466e+12
     27.01  3.647e+12
     29.01  3.816e+12
     31.01   3.98e+12
     33.01  4.136e+12
     35.01  4.287e+12
     37.01  4.428e+12
     39.01  4.567e+12
     41.01    4.7e+12
     43.01  4.826e+12
     45.01  4.948e+12
     47.01   5.07e+12
     49.01   5.18e+12
     51.01  5.285e+12
     53.01  5.383e+12
     55.02  5.477e+12
     57.02  5.571e+12
     59.02   5.66e+12
     61.02  5.752e+12
     63.02   5.84e+12
     65.02  5.922e+12
     67.02  6.002e+12
     69.02  6.087e+12
     71.02  6.166e+12
     73.02  6.243e+12
     75.02  6.318e+12
     77.02   6.39e+12
     79.02   6.46e+12
     81.02  6.528e+12
     83.02  6.598e+12
     85.02  6.663e+12
     87.02  6.724e+12
     89.02  6.788e+12
     91.03  6.846e+12
     93.03  6.908e+12
     95.03  6.963e+12
     97.03   7.02e+12
     99.03  7.073e+12
       101  7.127e+12
       103  7.181e+12
       105   7.23e+12
       107  7.281e+12
       109   7.33e+12
       111  7.377e+12
       113  7.423e+12
       115  7.468e+12
       117  7.511e+12
       119  7.552e+12
       121  7.589e+12
       123   7.63e+12
       125  7.665e+12
       127    7.7e+12
       129  7.738e+12
       131  7.772e+12
       133  7.806e+12
       135  7.839e+12
       137  7.877e+12
       139  7.913e+12
       141  7.951e+12
       143  7.989e+12
       145  8.023e+12
       147  8.053e+12
       149  8.088e+12
       151  8.119e+12
       153   8.15e+12
       155   8.18e+12
       157  8.212e+12
       159  8.242e+12
       161  8.274e+12
       163  8.307e+12
       165  8.344e+12
       167  8.377e+12
       169  8.408e+12
       171   8.44e+12
       173  8.473e+12
       175  8.503e+12
       177  8.532e+12
       179  8.563e+12
       181  8.591e+12
     183.1  8.619e+12
     185.1  8.648e+12
     187.1  8.676e+12
     189.1  8.703e+12
     191.1  8.731e+12
     193.1  8.758e+12
     195.1  8.786e+12
     197.1  8.814e+12
     199.1  8.843e+12
     201.1   8.87e+12
     203.1  8.898e+12
     205.1  8.925e+12
     207.1   8.95e+12
     209.1  8.981e+12
     211.1  9.008e+12
     213.1  9.035e+12
     215.1  9.063e+12
     217.1   9.09e+12
     219.1  9.119e+12
     221.1  9.151e+12
     223.1  9.181e+12
     225.1  9.212e+12
     227.1  9.241e+12
     229.1   9.27e+12
     231.1  9.298e+12
     233.1  9.327e+12
     235.1  9.356e+12
     237.1  9.381e+12
     239.1  9.409e+12
     241.1  9.435e+12
     243.1  9.458e+12
     245.1  9.481e+12
     247.1  9.504e+12
     249.1  9.527e+12
     251.1  9.549e+12
     253.1  9.567e+12
     255.1  9.585e+12
     257.1    9.6e+12
     259.1  9.615e+12
     261.1  9.628e+12
     263.1   9.64e+12
     265.1  9.652e+12
     267.1  9.664e+12
     269.1  9.673e+12
     271.1  9.682e+12
     273.1  9.691e+12
     275.1  9.699e+12
     277.1  9.706e+12
     279.1  9.712e+12
     281.1  9.719e+12
     283.1  9.726e+12
     285.1  9.732e+12
     287.1  9.738e+12
     289.1  9.743e+12
     291.1  9.748e+12
     293.1  9.751e+12
     295.1  9.755e+12
     297.1  9.759e+12
     299.1  9.763e+12
     301.1  9.766e+12
     303.1  9.768e+12
     305.1  9.772e+12
     307.1  9.774e+12
     309.1  9.776e+12
     311.1  9.778e+12
     313.1   9.78e+12
     315.1  9.783e+12
     317.1  9.785e+12
     319.1  9.787e+12
     321.1  9.788e+12
     323.1  9.789e+12
     325.1  9.791e+12
     327.1  9.792e+12
     329.1  9.793e+12
     331.1  9.794e+12
     333.1  9.794e+12
     335.1  9.795e+12
     337.1  9.796e+12
     339.1  9.796e+12
     341.1  9.797e+12
     343.1  9.798e+12
     345.1  9.798e+12
     347.1  9.798e+12
     349.1  9.798e+12
     351.1  9.798e+12
