         1      15.75
     3.001      16.55
     5.001      17.47
     7.002      18.24
     9.002       18.9
        11      19.49
        13      19.96
        15      20.24
        17      20.46
     19.01      20.64
     21.01      20.81
     23.01      20.96
     25.01      21.04
     27.01      21.19
     29.01      21.32
     31.01      21.36
     33.01      21.46
     35.01      21.57
     37.01      21.66
     39.01      21.79
     41.01      21.87
     43.01      21.96
     45.01         22
     47.01      22.15
     49.01      22.28
     51.01      22.38
     53.01      22.44
     55.02      22.51
     57.02       22.6
     59.02      22.67
     61.02      22.69
     63.02      22.76
     65.02      22.82
     67.02      22.93
     69.02      22.92
     71.02      22.89
     73.02      23.02
     75.02      23.09
     77.02      23.17
     79.02      23.19
     81.02      23.22
     83.02      23.34
     85.02      23.42
     87.02      23.39
     89.02      23.47
     91.03      23.55
     93.03       23.6
     95.03      23.67
     97.03      23.69
     99.03      23.71
       101      23.79
       103      23.83
       105      23.85
       107      23.89
       109       23.9
       111      23.94
       113      23.94
       115      24.11
       117      24.21
       119      24.23
       121      24.21
       123      24.26
       125      24.36
       127      24.42
       129      24.45
       131      24.48
       133      24.56
       135      24.57
       137      24.61
       139      24.59
       141      24.61
       143      24.62
       145       24.7
       147      24.73
       149       24.7
       151      24.74
       153       24.8
       155      24.82
       157      24.86
       159      24.92
       161      24.91
       163      24.92
       165      24.92
       167      24.96
       169      25.02
       171      25.07
       173      25.05
       175       25.1
       177      25.18
       179      25.14
       181      25.23
     183.1       25.2
     185.1       25.2
     187.1      25.38
     189.1      25.33
     191.1      25.39
     193.1      25.46
     195.1      25.47
     197.1      25.49
     199.1      25.48
     201.1      25.41
     203.1      25.42
     205.1      25.59
     207.1      25.57
     209.1      25.53
     211.1      25.65
     213.1      25.63
     215.1      25.59
     217.1      25.56
     219.1      25.73
     221.1      25.77
     223.1      25.69
     225.1      25.82
     227.1      25.79
     229.1      26.06
     231.1      25.95
     233.1      25.89
     235.1         26
     237.1      26.01
     239.1      25.92
     241.1      26.07
     243.1      26.22
     245.1      26.44
     247.1       26.4
     249.1      26.44
     251.1      26.43
     253.1      26.46
     255.1      26.68
     257.1      26.56
     259.1       26.5
     261.1      26.58
     263.1      26.61
     265.1       26.2
     267.1      26.31
     269.1      26.76
     271.1      26.81
     273.1      27.02
     275.1      27.28
     277.1      27.22
     279.1      26.87
     281.1      26.74
     283.1      26.77
     285.1      27.15
     287.1      27.63
     289.1      27.33
     291.1      27.39
     293.1       27.6
     295.1      27.32
     297.1      27.89
     299.1      27.69
     301.1      27.89
     303.1      27.52
     305.1      27.78
     307.1      28.48
     309.1      29.69
     311.1      28.31
     313.1      28.46
     315.1      27.69
     317.1      27.99
     319.1      29.76
     321.1      29.01
     323.1      28.23
     325.1      29.38
     327.1      28.17
     329.1      27.92
     331.1      28.47
     333.1      28.91
     335.1      29.53
     337.1      29.69
     339.1      29.48
     341.1      29.14
     343.1      31.66
     345.1      32.64
     347.1      32.49
     349.1      30.17
     351.1      32.26
