     1.021  3.339e+10
     3.063  1.127e+11
     5.105  1.356e+11
     7.147  1.452e+11
     9.189  1.502e+11
     11.23  1.543e+11
     13.27  1.579e+11
     15.31  1.603e+11
     17.36  1.615e+11
      19.4  1.617e+11
     21.44  1.619e+11
     23.48   1.62e+11
     25.52  1.622e+11
     27.57  1.623e+11
     29.61  1.624e+11
     31.65  1.624e+11
     33.69  1.624e+11
     35.73  1.624e+11
     37.78  1.624e+11
     39.82  1.624e+11
     41.86  1.624e+11
      43.9  1.624e+11
     45.94  1.624e+11
     47.99  1.624e+11
