     1.021       21.3
     3.063      23.36
     5.105      25.78
     7.147      29.99
     9.189      37.01
     11.23      39.84
     13.27      42.81
     15.31      45.42
     17.36      49.03
      19.4      49.72
     21.44      49.65
     23.48      49.76
     25.52      49.71
     27.57       49.9
     29.61       49.9
     31.65      49.98
     33.69      49.97
     35.73         50
     37.78         50
     39.82         50
     41.86         50
      43.9         50
     45.94         50
     47.99         50
