     2.001  2.255e+10
     6.002  8.239e+10
        10  1.847e+11
        14  3.041e+11
        18  4.417e+11
     22.01  5.741e+11
     26.01  7.071e+11
     30.01  8.365e+11
     34.01  9.626e+11
     38.01  1.084e+12
     42.01  1.194e+12
     46.01  1.297e+12
     50.01  1.401e+12
     54.01  1.499e+12
     58.02  1.589e+12
     62.02  1.674e+12
     66.02  1.758e+12
     70.02  1.842e+12
     74.02  1.917e+12
     78.02  1.994e+12
     82.02  2.071e+12
     86.02  2.138e+12
     90.02  2.201e+12
     94.03  2.262e+12
     98.03  2.323e+12
       102  2.376e+12
       106  2.425e+12
       110  2.475e+12
       114  2.532e+12
       118  2.584e+12
       122  2.638e+12
       126  2.688e+12
       130  2.736e+12
       134   2.78e+12
       138  2.827e+12
       142  2.875e+12
       146  2.918e+12
       150  2.958e+12
       154  2.997e+12
       158  3.037e+12
       162  3.076e+12
       166  3.117e+12
       170  3.155e+12
       174  3.191e+12
       178  3.226e+12
     182.1  3.263e+12
     186.1  3.304e+12
     190.1  3.345e+12
     194.1  3.384e+12
     198.1  3.423e+12
     202.1  3.459e+12
     206.1  3.494e+12
     210.1  3.527e+12
     214.1  3.558e+12
     218.1  3.588e+12
     222.1  3.618e+12
     226.1   3.65e+12
     230.1  3.682e+12
     234.1  3.712e+12
     238.1  3.742e+12
     242.1  3.772e+12
     246.1  3.804e+12
     250.1  3.833e+12
     254.1  3.856e+12
     258.1  3.875e+12
     262.1  3.891e+12
     266.1  3.907e+12
     270.1   3.92e+12
     274.1  3.932e+12
     278.1  3.942e+12
     282.1  3.952e+12
     286.1  3.962e+12
     290.1  3.971e+12
     294.1   3.98e+12
     298.1  3.987e+12
     302.1  3.994e+12
     306.1  3.999e+12
     310.1  4.004e+12
     314.1  4.009e+12
     318.1  4.013e+12
     322.1  4.017e+12
     326.1   4.02e+12
     330.1  4.023e+12
     334.1  4.025e+12
     338.1  4.027e+12
     342.1  4.029e+12
     346.1   4.03e+12
     350.1   4.03e+12
