     2.001      21.75
     6.002      20.86
        10      20.91
        14       21.1
        18      21.26
     22.01      21.41
     26.01      21.63
     30.01      21.88
     34.01      22.06
     38.01      22.29
     42.01      22.47
     46.01      22.59
     50.01      22.73
     54.01      22.86
     58.02      22.98
     62.02      23.18
     66.02      23.29
     70.02      23.42
     74.02      23.53
     78.02      23.59
     82.02      23.78
     86.02      23.94
     90.02         24
     94.03      24.16
     98.03      24.23
       102      24.46
       106      24.58
       110      24.52
       114      24.52
       118      24.68
       122      24.74
       126      24.73
       130      24.91
       134      24.98
       138      24.98
       142      25.02
       146      25.14
       150      25.33
       154      25.26
       158      25.34
       162      25.45
       166       25.5
       170      25.68
       174      25.81
       178      25.89
     182.1      25.62
     186.1      25.57
     190.1      25.74
     194.1      25.91
     198.1      26.16
     202.1      26.23
     206.1      26.17
     210.1      26.34
     214.1      26.43
     218.1       26.4
     222.1      26.48
     226.1      26.83
     230.1      26.49
     234.1      26.75
     238.1      26.85
     242.1      26.78
     246.1      26.74
     250.1      27.17
     254.1      27.08
     258.1      27.38
     262.1      27.53
     266.1       27.1
     270.1      27.49
     274.1      27.82
     278.1      27.38
     282.1      27.34
     286.1      27.75
     290.1       27.8
     294.1       27.7
     298.1      27.71
     302.1      27.77
     306.1      27.96
     310.1      27.94
     314.1      28.19
     318.1      28.44
     322.1      28.42
     326.1      27.14
     330.1      27.44
     334.1       28.2
     338.1       27.9
     342.1       29.7
     346.1      29.84
     350.1      28.16
