     2.001      21.27
     6.002      20.47
        10      20.55
        14      20.75
        18      20.92
     22.01      21.08
     26.01      21.31
     30.01      21.54
     34.01      21.72
     38.01      21.95
     42.01      22.13
     46.01      22.26
     50.01       22.4
     54.01      22.54
     58.02      22.66
     62.02      22.85
     66.02      22.95
     70.02      23.08
     74.02      23.19
     78.02      23.25
     82.02      23.43
     86.02      23.59
     90.02      23.65
     94.03      23.81
     98.03      23.88
       102       24.1
       106      24.21
       110      24.16
       114      24.17
       118      24.32
       122      24.38
       126      24.37
       130      24.55
       134      24.61
       138      24.61
       142      24.66
       146      24.78
       150      24.96
       154       24.9
       158      24.98
       162       25.1
       166      25.14
       170      25.32
       174      25.45
       178      25.53
     182.1      25.25
     186.1      25.21
     190.1      25.37
     194.1      25.55
     198.1       25.8
     202.1      25.86
     206.1       25.8
     210.1      25.97
     214.1      26.06
     218.1      26.04
     222.1      26.12
     226.1      26.46
     230.1      26.12
     234.1      26.38
     238.1      26.48
     242.1      26.41
     246.1      26.37
     250.1       26.8
     254.1      26.71
     258.1      26.99
     262.1      27.17
     266.1      26.74
     270.1      27.12
     274.1      27.45
     278.1         27
     282.1      26.96
     286.1      27.38
     290.1      27.43
     294.1      27.32
     298.1      27.33
     302.1       27.4
     306.1       27.6
     310.1      27.58
     314.1      27.82
     318.1      28.06
     322.1      28.06
     326.1      26.77
     330.1      27.05
     334.1      27.83
     338.1      27.51
     342.1      29.35
     346.1      29.52
     350.1      27.85
