     2.001  3.633e+10
     6.003  1.125e+11
        10  1.623e+11
     14.01  2.056e+11
     18.01  2.472e+11
     22.01  2.892e+11
     26.01   3.23e+11
     30.01  3.524e+11
     34.01  3.779e+11
     38.02  3.998e+11
     42.02  4.208e+11
     46.02  4.446e+11
     50.02  4.632e+11
     54.02  4.783e+11
     58.03  4.884e+11
     62.03  4.968e+11
     66.03  5.041e+11
     70.03  5.112e+11
     74.03  5.168e+11
     78.03  5.219e+11
     82.04  5.317e+11
     86.04   5.38e+11
     90.04   5.45e+11
     94.04  5.512e+11
     98.04  5.564e+11
       102  5.629e+11
       106   5.66e+11
       110  5.703e+11
       114  5.745e+11
     118.1  5.791e+11
     122.1  5.837e+11
     126.1  5.883e+11
     130.1  5.927e+11
     134.1  5.965e+11
     138.1  6.001e+11
     142.1  6.024e+11
     146.1  6.048e+11
     150.1  6.073e+11
     154.1  6.096e+11
     158.1  6.116e+11
     162.1  6.141e+11
     166.1  6.162e+11
     170.1  6.183e+11
     174.1  6.204e+11
     178.1  6.222e+11
     182.1  6.242e+11
     186.1  6.272e+11
     190.1  6.303e+11
     194.1  6.331e+11
     198.1  6.352e+11
     202.1  6.366e+11
     206.1  6.382e+11
     210.1  6.398e+11
     214.1  6.414e+11
     218.1  6.428e+11
     222.1   6.44e+11
     226.1  6.453e+11
     230.1  6.474e+11
     234.1  6.486e+11
     238.1  6.497e+11
     242.1  6.506e+11
     246.1  6.515e+11
     250.1  6.528e+11
     254.1  6.533e+11
     258.1  6.541e+11
     262.1  6.546e+11
     266.1  6.552e+11
     270.1  6.555e+11
     274.1  6.557e+11
     278.1  6.559e+11
     282.1  6.561e+11
     286.1  6.564e+11
     290.1  6.565e+11
     294.1  6.566e+11
     298.1  6.568e+11
     302.1  6.569e+11
     306.1   6.57e+11
     310.1   6.57e+11
     314.1   6.57e+11
     318.1  6.571e+11
     322.1  6.571e+11
     326.1  6.571e+11
     330.1  6.571e+11
     334.1  6.571e+11
     338.1  6.571e+11
     342.1  6.571e+11
     346.2  6.571e+11
     350.2  6.571e+11
