     2.001      18.96
     6.003      19.62
        10      20.48
     14.01      20.52
     18.01      21.04
     22.01       21.3
     26.01      21.71
     30.01      22.05
     34.01      22.43
     38.02       22.7
     42.02      22.88
     46.02      23.51
     50.02      23.92
     54.02      24.85
     58.03      25.43
     62.03      26.45
     66.03      26.84
     70.03      27.85
     74.03      29.02
     78.03      28.58
     82.04      29.67
     86.04      29.96
     90.04      29.01
     94.04      29.46
     98.04      30.46
       102       33.6
       106       34.5
       110      33.58
       114      34.48
     118.1       34.3
     122.1      35.74
     126.1      36.59
     130.1      35.87
     134.1      36.56
     138.1      38.87
     142.1      40.72
     146.1      40.69
     150.1      39.87
     154.1      40.37
     158.1      40.67
     162.1      41.24
     166.1      41.95
     170.1      41.88
     174.1      42.76
     178.1      43.19
     182.1      42.27
     186.1      41.97
     190.1      42.91
     194.1      43.14
     198.1      44.11
     202.1      44.46
     206.1      44.21
     210.1      44.45
     214.1      45.03
     218.1      45.26
     222.1         46
     226.1      45.05
     230.1      45.16
     234.1      46.33
     238.1      47.23
     242.1      47.42
     246.1      46.94
     250.1         47
     254.1      47.42
     258.1      46.91
     262.1      47.04
     266.1      47.78
     270.1      48.19
     274.1      48.39
     278.1      48.26
     282.1      48.22
     286.1      48.34
     290.1      48.54
     294.1      48.03
     298.1       48.2
     302.1       48.8
     306.1      49.62
     310.1      49.56
     314.1      49.55
     318.1      49.57
     322.1         50
     326.1      49.82
     330.1      49.14
     334.1      49.87
     338.1      49.68
     342.1      48.02
     346.2      48.56
     350.2      45.15
