     2.001      18.58
     6.003      19.39
        10      20.26
     14.01      20.35
     18.01      20.84
     22.01      21.13
     26.01      21.54
     30.01      21.88
     34.01      22.26
     38.02      22.53
     42.02      22.72
     46.02      23.32
     50.02      23.74
     54.02      24.68
     58.03      25.28
     62.03      26.29
     66.03      26.68
     70.03       27.7
     74.03      28.88
     78.03      28.43
     82.04      29.55
     86.04      29.83
     90.04      28.85
     94.04      29.29
     98.04      30.27
       102      33.48
       106      34.37
       110      33.45
       114      34.34
     118.1      34.15
     122.1      35.61
     126.1      36.48
     130.1      35.75
     134.1      36.45
     138.1      38.78
     142.1      40.66
     146.1      40.61
     150.1      39.79
     154.1       40.3
     158.1      40.59
     162.1      41.17
     166.1      41.89
     170.1      41.82
     174.1      42.69
     178.1      43.13
     182.1      42.21
     186.1      41.91
     190.1      42.86
     194.1      43.09
     198.1      44.06
     202.1       44.4
     206.1      44.11
     210.1      44.19
     214.1      44.83
     218.1      45.05
     222.1      45.81
     226.1      44.89
     230.1         45
     234.1      46.14
     238.1      47.08
     242.1      47.38
     246.1       46.9
     250.1         47
     254.1      47.41
     258.1       46.9
     262.1      47.04
     266.1      47.77
     270.1      48.18
     274.1      48.38
     278.1      48.25
     282.1      48.21
     286.1      48.34
     290.1      48.49
     294.1      47.92
     298.1      48.16
     302.1       48.8
     306.1      49.62
     310.1      49.56
     314.1      49.55
     318.1      49.57
     322.1         50
     326.1      49.82
     330.1      49.14
     334.1      49.87
     338.1      49.68
     342.1      48.02
     346.2      48.56
     350.2      45.15
