         2  1.352e+10
     6.001  6.709e+10
        10  1.224e+11
        14  1.681e+11
        18  2.055e+11
     22.01  2.394e+11
     26.01   2.68e+11
     30.01   2.94e+11
     34.01  3.157e+11
     38.01   3.34e+11
     42.01  3.529e+11
     46.01  3.686e+11
     50.01  3.839e+11
     54.01  3.986e+11
     58.01  4.113e+11
     62.01  4.231e+11
     66.02  4.334e+11
     70.02  4.432e+11
     74.02  4.538e+11
     78.02  4.647e+11
     82.02  4.738e+11
     86.02  4.823e+11
     90.02  4.915e+11
     94.02  4.998e+11
     98.02  5.076e+11
       102  5.136e+11
       106  5.192e+11
       110  5.243e+11
       114  5.294e+11
       118  5.337e+11
       122  5.378e+11
       126  5.421e+11
       130  5.462e+11
       134  5.503e+11
       138  5.539e+11
       142   5.57e+11
       146  5.604e+11
       150  5.637e+11
       154  5.667e+11
       158  5.696e+11
       162  5.723e+11
       166   5.76e+11
       170  5.793e+11
       174  5.827e+11
       178  5.862e+11
       182  5.883e+11
       186  5.907e+11
       190  5.925e+11
       194  5.946e+11
       198  5.959e+11
       202  5.974e+11
       206  5.991e+11
       210  6.011e+11
     214.1  6.025e+11
     218.1  6.043e+11
     222.1  6.062e+11
     226.1  6.074e+11
     230.1  6.088e+11
     234.1  6.104e+11
     238.1  6.141e+11
     242.1  6.152e+11
     246.1   6.16e+11
     250.1  6.167e+11
     254.1  6.172e+11
     258.1  6.179e+11
     262.1  6.184e+11
     266.1  6.187e+11
     270.1  6.189e+11
     274.1  6.194e+11
     278.1  6.197e+11
     282.1  6.198e+11
     286.1  6.199e+11
     290.1  6.201e+11
     294.1  6.202e+11
     298.1  6.205e+11
     302.1  6.206e+11
     306.1  6.207e+11
     310.1   6.21e+11
     314.1  6.212e+11
     318.1  6.212e+11
     322.1  6.212e+11
     326.1  6.213e+11
     330.1  6.213e+11
     334.1  6.213e+11
     338.1  6.213e+11
     342.1  6.213e+11
     346.1  6.213e+11
     350.1  6.213e+11
