         1  5.196e+09
     3.001   2.51e+10
     5.001  5.202e+10
     7.002   8.27e+10
     9.002  1.094e+11
        11  1.355e+11
        13  1.576e+11
        15  1.785e+11
        17  1.966e+11
        19  2.144e+11
        21  2.305e+11
     23.01  2.471e+11
     25.01   2.61e+11
     27.01  2.743e+11
     29.01  2.878e+11
     31.01  2.997e+11
     33.01  3.111e+11
     35.01  3.201e+11
     37.01  3.296e+11
     39.01  3.387e+11
     41.01  3.482e+11
     43.01  3.572e+11
     45.01   3.65e+11
     47.01  3.728e+11
     49.01  3.802e+11
     51.01  3.872e+11
     53.01  3.946e+11
     55.01  4.024e+11
     57.01  4.088e+11
     59.01  4.149e+11
     61.01  4.198e+11
     63.01  4.261e+11
     65.02  4.304e+11
     67.02  4.357e+11
     69.02  4.403e+11
     71.02  4.454e+11
     73.02  4.504e+11
     75.02  4.567e+11
     77.02  4.618e+11
     79.02  4.671e+11
     81.02  4.718e+11
     83.02   4.76e+11
     85.02  4.802e+11
     87.02  4.847e+11
     89.02   4.89e+11
     91.02  4.937e+11
     93.02  4.979e+11
     95.02  5.018e+11
     97.02  5.058e+11
     99.02  5.093e+11
       101  5.126e+11
       103  5.144e+11
       105  5.179e+11
       107  5.203e+11
       109  5.231e+11
       111  5.255e+11
       113  5.281e+11
       115  5.305e+11
       117  5.327e+11
       119  5.347e+11
       121  5.367e+11
       123  5.388e+11
       125  5.411e+11
       127   5.43e+11
       129  5.452e+11
       131  5.472e+11
       133  5.491e+11
       135  5.512e+11
       137  5.531e+11
       139  5.548e+11
       141  5.564e+11
       143  5.577e+11
       145  5.596e+11
       147  5.614e+11
       149  5.626e+11
       151  5.646e+11
       153  5.658e+11
       155  5.675e+11
       157  5.689e+11
       159  5.701e+11
       161  5.714e+11
       163   5.73e+11
       165  5.749e+11
       167  5.768e+11
       169  5.786e+11
       171  5.802e+11
       173  5.819e+11
       175  5.834e+11
       177  5.854e+11
       179   5.87e+11
       181  5.878e+11
       183  5.891e+11
       185  5.902e+11
       187  5.912e+11
       189   5.92e+11
       191  5.929e+11
       193  5.939e+11
       195  5.948e+11
       197  5.954e+11
       199  5.964e+11
       201   5.97e+11
       203  5.979e+11
       205  5.987e+11
       207  5.995e+11
       209  6.006e+11
       211  6.014e+11
     213.1  6.021e+11
     215.1  6.029e+11
     217.1   6.04e+11
     219.1  6.047e+11
     221.1  6.057e+11
     223.1  6.066e+11
     225.1  6.073e+11
     227.1  6.078e+11
     229.1  6.086e+11
     231.1  6.093e+11
     233.1  6.099e+11
     235.1  6.111e+11
     237.1  6.135e+11
     239.1  6.146e+11
     241.1   6.15e+11
     243.1  6.153e+11
     245.1  6.158e+11
     247.1  6.162e+11
     249.1  6.166e+11
     251.1  6.168e+11
     253.1  6.172e+11
     255.1  6.173e+11
     257.1  6.177e+11
     259.1   6.18e+11
     261.1  6.183e+11
     263.1  6.184e+11
     265.1  6.185e+11
     267.1  6.187e+11
     269.1  6.188e+11
     271.1  6.189e+11
     273.1  6.192e+11
     275.1  6.194e+11
     277.1  6.195e+11
     279.1  6.197e+11
     281.1  6.198e+11
     283.1  6.198e+11
     285.1  6.199e+11
     287.1    6.2e+11
     289.1  6.201e+11
     291.1  6.201e+11
     293.1  6.201e+11
     295.1  6.202e+11
     297.1  6.203e+11
     299.1  6.205e+11
     301.1  6.205e+11
     303.1  6.206e+11
     305.1  6.207e+11
     307.1  6.208e+11
     309.1   6.21e+11
     311.1  6.211e+11
     313.1  6.212e+11
     315.1  6.212e+11
     317.1  6.212e+11
     319.1  6.212e+11
     321.1  6.212e+11
     323.1  6.212e+11
     325.1  6.213e+11
     327.1  6.213e+11
     329.1  6.213e+11
     331.1  6.213e+11
     333.1  6.213e+11
     335.1  6.213e+11
     337.1  6.213e+11
     339.1  6.213e+11
     341.1  6.213e+11
     343.1  6.213e+11
     345.1  6.213e+11
     347.1  6.213e+11
     349.1  6.213e+11
     351.1  6.213e+11
