         1      18.57
     3.001      20.18
     5.001      20.58
     7.002      20.82
     9.002      21.23
        11      21.42
        13      21.63
        15         22
        17      22.13
        19      22.24
        21      22.41
     23.01      22.52
     25.01      22.73
     27.01      22.95
     29.01       23.1
     31.01      23.29
     33.01      23.46
     35.01      23.61
     37.01      23.61
     39.01      23.74
     41.01      23.76
     43.01      24.06
     45.01      24.26
     47.01       24.6
     49.01      24.87
     51.01      24.65
     53.01      24.76
     55.01      24.95
     57.01      24.89
     59.01      25.12
     61.01      25.08
     63.01      25.51
     65.02      26.84
     67.02      27.44
     69.02      27.86
     71.02      27.14
     73.02      27.01
     75.02      27.28
     77.02      27.61
     79.02      28.32
     81.02      28.25
     83.02       28.4
     85.02       28.3
     87.02      28.26
     89.02       28.6
     91.02      29.21
     93.02      29.77
     95.02      30.18
     97.02      30.37
     99.02      30.72
       101      32.01
       103       32.4
       105      32.34
       107      31.87
       109      33.47
       111      33.53
       113      33.94
       115      33.39
       117      33.29
       119      33.77
       121      34.01
       123      34.29
       125      36.23
       127       35.9
       129      35.18
       131      35.23
       133      35.19
       135      35.52
       137      36.06
       139      36.61
       141      36.86
       143      37.48
       145      37.54
       147      37.24
       149      37.71
       151       37.5
       153      37.27
       155       37.8
       157      38.22
       159      39.22
       161      38.65
       163      38.24
       165       38.1
       167      39.09
       169      39.34
       171      39.37
       173      39.63
       175      39.88
       177      40.31
       179      40.71
       181      40.89
       183      40.91
       185      41.11
       187       41.7
       189      41.62
       191      41.82
       193      41.85
       195      42.68
       197      43.25
       199      43.31
       201      43.32
       203      43.12
       205      42.91
       207      43.07
       209       43.4
       211       44.3
     213.1      44.38
     215.1      44.35
     217.1       44.1
     219.1      44.14
     221.1      43.85
     223.1      44.49
     225.1      44.86
     227.1      45.27
     229.1      45.24
     231.1      46.03
     233.1      46.06
     235.1      45.76
     237.1      45.17
     239.1      45.57
     241.1      46.13
     243.1      46.56
     245.1      46.48
     247.1      46.99
     249.1      47.68
     251.1      47.64
     253.1      47.44
     255.1      47.24
     257.1      47.11
     259.1      46.88
     261.1      47.75
     263.1      48.09
     265.1      48.09
     267.1      48.55
     269.1      48.34
     271.1      47.26
     273.1      47.42
     275.1      46.97
     277.1      47.85
     279.1      47.95
     281.1      48.89
     283.1       48.8
     285.1      48.92
     287.1      48.23
     289.1      48.52
     291.1      48.29
     293.1      48.01
     295.1      47.47
     297.1       47.3
     299.1      47.66
     301.1       48.5
     303.1       48.5
     305.1      48.39
     307.1       47.9
     309.1      48.46
     311.1      48.22
     313.1      48.64
     315.1      49.73
     317.1      49.88
     319.1      49.77
     321.1      49.16
     323.1      48.57
     325.1      48.82
     327.1      49.26
     329.1      49.17
     331.1      49.08
     333.1      49.21
     335.1      49.23
     337.1         50
     339.1         50
     341.1         50
     343.1         50
     345.1      48.34
     347.1      47.53
     349.1      48.13
     351.1         50
