         2      19.33
     6.001      20.34
        10         21
        14      21.51
        18      21.89
     22.01      22.17
     26.01      22.53
     30.01       22.9
     34.01      23.25
     38.01       23.4
     42.01      23.61
     46.01      24.13
     50.01      24.46
     54.01      24.55
     58.01       24.7
     62.01         25
     66.02      26.86
     70.02       27.2
     74.02      26.86
     78.02      27.67
     82.02      28.04
     86.02      27.99
     90.02      28.63
     94.02      29.71
     98.02      30.29
       102      31.97
       106      31.86
       110      33.28
       114      33.43
       118       33.3
       122      33.93
       126      35.87
       130      35.01
       134      35.16
       138      36.15
       142      36.98
       146      37.21
       150      37.44
       154      37.36
       158      38.58
       162      38.28
       166      38.43
       170       39.2
       174      39.61
       178      40.38
       182      40.77
       186      41.28
       190      41.61
       194      42.15
       198       43.2
       202      43.14
       206      42.93
       210      43.79
     214.1       44.3
     218.1      44.03
     222.1       44.1
     226.1         45
     230.1      45.57
     234.1      45.85
     238.1       45.3
     242.1      46.28
     246.1      46.69
     250.1      47.63
     254.1       47.3
     258.1      46.96
     262.1      47.88
     266.1      48.28
     270.1      47.77
     274.1      47.14
     278.1      47.87
     282.1      48.83
     286.1      48.59
     290.1      48.39
     294.1      47.68
     298.1      47.46
     302.1      48.48
     306.1      48.14
     310.1      48.33
     314.1      49.12
     318.1      49.81
     322.1      48.83
     326.1      49.02
     330.1      49.12
     334.1       49.2
     338.1         50
     342.1         50
     346.1      47.83
     350.1      48.86
