     2.001       19.8
     6.003      21.49
        10       21.7
     14.01      22.29
     18.01      22.62
     22.01      22.73
     26.01      23.22
     30.01      23.41
     34.01      23.16
     38.02      24.38
     42.02      25.11
     46.02      25.43
     50.02      27.75
     54.02      28.66
     58.03      28.25
     62.03      29.22
     66.03      29.24
     70.03      31.45
     74.03      33.37
     78.03      32.25
     82.04      33.97
     86.04      34.16
     90.04      33.76
     94.04      34.73
     98.04       35.4
       102      35.75
       106      35.32
       110      34.26
       114      33.81
     118.1      34.51
     122.1      34.18
     126.1      34.83
     130.1      36.59
     134.1      37.92
     138.1      38.69
     142.1       38.7
     146.1      38.03
     150.1      39.28
     154.1      40.04
     158.1      39.88
     162.1      40.33
     166.1      40.41
     170.1      40.52
     174.1      40.43
     178.1      41.53
     182.1      41.42
     186.1      41.93
     190.1      42.38
     194.1      41.58
     198.1      41.11
     202.1      41.98
     206.1      42.18
     210.1      42.46
     214.1       42.6
     218.1      42.87
     222.1      42.11
     226.1      42.11
     230.1      41.88
     234.1      41.77
     238.1      42.68
     242.1      42.73
     246.1      43.24
     250.1      43.87
     254.1      44.15
     258.1      44.18
     262.1      45.16
     266.1      45.54
     270.1      45.73
     274.1      45.86
     278.1       46.6
     282.1      45.56
     286.1      45.23
     290.1      45.95
     294.1      45.55
     298.1      44.84
     302.1      44.46
     306.1      44.27
     310.1      44.55
     314.1      45.54
     318.1      46.49
     322.1      47.13
     326.1      49.43
     330.1      49.26
     334.1      47.59
     338.1      46.74
     342.1      47.75
     346.2      49.61
     350.2         50
