     1.005   9.36e+09
     3.016  3.072e+10
     5.026  4.626e+10
     7.037  6.203e+10
     9.047  7.868e+10
     11.06  9.395e+10
     13.07  1.079e+11
     15.08  1.198e+11
     17.09  1.312e+11
      19.1  1.422e+11
     21.11  1.521e+11
     23.12  1.611e+11
     25.13  1.699e+11
     27.14  1.784e+11
     29.15  1.861e+11
     31.16  1.938e+11
     33.17  2.016e+11
     35.18  2.091e+11
     37.19  2.166e+11
     39.21  2.246e+11
     41.22  2.318e+11
     43.23   2.39e+11
     45.24  2.463e+11
     47.25  2.538e+11
     49.26   2.61e+11
     51.27  2.678e+11
     53.28  2.744e+11
     55.29  2.808e+11
      57.3  2.865e+11
     59.31  2.913e+11
     61.32  2.959e+11
     63.33  2.999e+11
     65.34  3.044e+11
     67.35  3.081e+11
     69.36  3.121e+11
     71.37  3.159e+11
     73.38  3.201e+11
     75.39  3.232e+11
     77.41  3.279e+11
     79.42  3.332e+11
     81.43   3.37e+11
     83.44  3.402e+11
     85.45  3.434e+11
     87.46  3.467e+11
     89.47  3.493e+11
     91.48  3.515e+11
     93.49  3.539e+11
      95.5   3.56e+11
     97.51  3.584e+11
     99.52  3.605e+11
     101.5  3.628e+11
     103.5  3.647e+11
     105.6  3.663e+11
     107.6  3.684e+11
     109.6  3.699e+11
     111.6  3.716e+11
     113.6  3.727e+11
     115.6  3.738e+11
     117.6  3.745e+11
     119.6  3.752e+11
     121.6  3.761e+11
     123.6  3.772e+11
     125.7  3.785e+11
     127.7  3.794e+11
     129.7  3.807e+11
     131.7  3.818e+11
     133.7  3.824e+11
     135.7  3.827e+11
     137.7  3.831e+11
     139.7  3.835e+11
     141.7  3.841e+11
     143.8  3.845e+11
     145.8  3.848e+11
     147.8  3.852e+11
     149.8  3.857e+11
     151.8  3.862e+11
     153.8  3.868e+11
     155.8  3.872e+11
     157.8  3.877e+11
     159.8  3.882e+11
     161.8  3.886e+11
     163.9   3.89e+11
     165.9  3.894e+11
     167.9  3.898e+11
     169.9  3.902e+11
     171.9  3.907e+11
     173.9  3.911e+11
     175.9  3.917e+11
     177.9  3.923e+11
     179.9  3.929e+11
       182  3.933e+11
       184  3.937e+11
       186   3.94e+11
       188  3.945e+11
       190  3.947e+11
       192  3.951e+11
       194  3.953e+11
       196  3.955e+11
       198  3.959e+11
       200  3.961e+11
     202.1  3.963e+11
     204.1  3.967e+11
     206.1   3.97e+11
     208.1  3.971e+11
     210.1  3.975e+11
     212.1  3.978e+11
     214.1   3.98e+11
     216.1  3.983e+11
     218.1  3.986e+11
     220.2  3.989e+11
     222.2  3.994e+11
     224.2  3.997e+11
     226.2  3.999e+11
     228.2  4.005e+11
     230.2  4.022e+11
     232.2  4.031e+11
     234.2  4.034e+11
     236.2  4.044e+11
     238.2  4.052e+11
     240.3  4.055e+11
     242.3  4.059e+11
     244.3   4.06e+11
     246.3  4.063e+11
     248.3  4.065e+11
     250.3  4.067e+11
     252.3  4.068e+11
     254.3  4.068e+11
     256.3  4.069e+11
     258.4   4.07e+11
     260.4  4.071e+11
     262.4  4.072e+11
     264.4  4.073e+11
     266.4  4.073e+11
     268.4  4.074e+11
     270.4  4.074e+11
     272.4  4.075e+11
     274.4  4.076e+11
     276.4  4.077e+11
     278.5  4.077e+11
     280.5  4.077e+11
     282.5  4.077e+11
     284.5  4.078e+11
     286.5  4.078e+11
     288.5  4.079e+11
     290.5  4.079e+11
     292.5  4.079e+11
     294.5  4.079e+11
     296.6  4.079e+11
     298.6  4.079e+11
     300.6   4.08e+11
     302.6   4.08e+11
     304.6  4.081e+11
     306.6  4.082e+11
     308.6  4.084e+11
     310.6  4.084e+11
     312.6  4.085e+11
     314.6  4.085e+11
     316.7  4.085e+11
     318.7  4.085e+11
     320.7  4.085e+11
     322.7  4.085e+11
     324.7  4.085e+11
     326.7  4.086e+11
     328.7  4.086e+11
     330.7  4.086e+11
     332.7  4.086e+11
     334.8  4.087e+11
     336.8  4.087e+11
     338.8  4.087e+11
     340.8  4.087e+11
     342.8  4.087e+11
     344.8  4.087e+11
     346.8  4.087e+11
     348.8  4.087e+11
     350.8  4.087e+11
