     1.005      17.14
     3.016      19.75
     5.026      19.84
     7.037      20.13
     9.047       20.2
     11.06      20.52
     13.07      20.76
     15.08      20.88
     17.09      21.14
      19.1       21.4
     21.11      21.69
     23.12      21.93
     25.13       22.1
     27.14      22.41
     29.15      22.54
     31.16      22.63
     33.17      22.89
     35.18       23.2
     37.19       23.6
     39.21      23.58
     41.22      23.56
     43.23      24.07
     45.24      23.95
     47.25      24.54
     49.26      25.15
     51.27      25.28
     53.28      26.92
     55.29      26.85
      57.3         27
     59.31      27.12
     61.32      27.39
     63.33      27.89
     65.34      28.86
     67.35      28.82
     69.36      28.05
     71.37      28.49
     73.38      28.32
     75.39      28.35
     77.41      28.83
     79.42      29.59
     81.43      30.04
     83.44      30.58
     85.45       30.6
     87.46      32.22
     89.47      33.41
     91.48      33.67
     93.49       34.6
      95.5       35.7
     97.51      36.26
     99.52      35.65
     101.5      36.43
     103.5      37.52
     105.6      37.35
     107.6      37.83
     109.6      36.98
     111.6      37.57
     113.6      38.08
     115.6      39.86
     117.6      41.25
     119.6      41.41
     121.6      40.38
     123.6      40.08
     125.7         41
     127.7      41.47
     129.7      41.65
     131.7      42.55
     133.7      43.54
     135.7      45.12
     137.7      44.68
     139.7      44.02
     141.7      44.31
     143.8      45.08
     145.8       44.9
     147.8      45.19
     149.8      45.13
     151.8      45.47
     153.8       45.1
     155.8      45.56
     157.8      45.56
     159.8      45.66
     161.8      45.68
     163.9      45.66
     165.9      45.69
     167.9      46.03
     169.9      46.19
     171.9      45.78
     173.9      45.47
     175.9      45.62
     177.9      45.25
     179.9      46.17
       182      46.27
       184      46.47
       186      46.35
       188      47.03
       190      47.21
       192      47.73
       194      47.66
       196      47.56
       198      47.53
       200      47.71
     202.1      47.86
     204.1      47.93
     206.1       47.9
     208.1      47.57
     210.1       47.6
     212.1      47.65
     214.1      47.62
     216.1      47.87
     218.1      47.37
     220.2      47.64
     222.2      47.38
     224.2      47.75
     226.2       47.7
     228.2      47.71
     230.2       47.4
     232.2      47.68
     234.2      48.08
     236.2      47.88
     238.2      47.98
     240.3      48.16
     242.3      48.21
     244.3      48.37
     246.3      48.84
     248.3      48.86
     250.3      48.88
     252.3      49.01
     254.3      49.16
     256.3      49.15
     258.4      49.01
     260.4      49.11
     262.4      48.95
     264.4      48.94
     266.4      49.13
     268.4      49.31
     270.4      49.25
     272.4      49.28
     274.4      48.83
     276.4      48.79
     278.5      49.49
     280.5      49.54
     282.5      49.78
     284.5      49.53
     286.5      49.47
     288.5       49.5
     290.5      49.56
     292.5      49.82
     294.5      49.49
     296.6      49.35
     298.6      49.09
     300.6      48.39
     302.6      48.02
     304.6      48.15
     306.6      48.34
     308.6      49.02
     310.6      48.27
     312.6      49.01
     314.6      49.01
     316.7      49.43
     318.7      49.41
     320.7       49.9
     322.7      49.67
     324.7      49.04
     326.7      49.04
     328.7      49.69
     330.7      48.93
     332.7      48.13
     334.8      47.93
     336.8      49.18
     338.8         50
     340.8         50
     342.8         50
     344.8         50
     346.8         50
     348.8         50
     350.8         50
