         2  8.137e+10
     6.001  1.427e+11
        10  1.575e+11
        14  1.692e+11
        18  1.808e+11
     22.01  1.963e+11
     26.01  2.408e+11
     30.01   2.76e+11
     34.01  3.095e+11
     38.01  3.809e+11
     42.01  4.947e+11
     46.01  5.893e+11
     50.01  6.413e+11
     54.01  6.745e+11
     58.01  7.034e+11
     62.01   7.27e+11
     66.02   7.43e+11
     70.02  7.578e+11
     74.02    7.8e+11
     78.02  8.061e+11
     82.02  8.232e+11
     86.02  8.404e+11
     90.02  8.614e+11
     94.02  9.185e+11
     98.02  9.633e+11
       102  9.785e+11
       106  9.884e+11
       110  9.973e+11
       114  1.011e+12
       118  1.065e+12
       122  1.075e+12
       126  1.083e+12
       130   1.09e+12
       134  1.099e+12
       138  1.106e+12
       142  1.122e+12
       146  1.155e+12
       150  1.188e+12
       154  1.198e+12
       158  1.204e+12
       162  1.216e+12
       166  1.247e+12
       170   1.26e+12
       174  1.265e+12
       178  1.271e+12
       182    1.3e+12
       186  1.311e+12
       190  1.316e+12
       194  1.317e+12
       198  1.319e+12
       202  1.322e+12
       206   1.33e+12
       210  1.333e+12
     214.1  1.336e+12
     218.1   1.34e+12
     222.1  1.342e+12
     226.1  1.344e+12
     230.1  1.344e+12
     234.1  1.345e+12
     238.1  1.346e+12
     242.1  1.346e+12
     246.1  1.347e+12
     250.1  1.348e+12
     254.1  1.348e+12
     258.1  1.349e+12
     262.1   1.35e+12
     266.1  1.352e+12
     270.1  1.361e+12
     274.1  1.363e+12
     278.1  1.364e+12
     282.1  1.365e+12
     286.1  1.365e+12
     290.1  1.365e+12
     294.1  1.365e+12
     298.1  1.365e+12
     302.1  1.365e+12
     306.1  1.365e+12
     310.1  1.365e+12
     314.1  1.365e+12
     318.1  1.365e+12
     322.1  1.365e+12
     326.1  1.365e+12
     330.1  1.365e+12
     334.1  1.365e+12
     338.1  1.365e+12
     342.1  1.365e+12
     346.1  1.365e+12
     350.1  1.365e+12
