         1      17.04
     3.001      18.78
     5.001      20.37
     7.002      21.29
     9.002      21.84
        11      21.98
        13      22.21
        15      22.22
        17       22.4
        19      22.47
        21      22.27
     23.01      22.27
     25.01      21.93
     27.01      22.02
     29.01      21.92
     31.01      21.94
     33.01      22.09
     35.01      22.25
     37.01       22.4
     39.01      22.29
     41.01      22.47
     43.01      22.77
     45.01      22.98
     47.01      22.87
     49.01      22.85
     51.01      23.03
     53.01      23.46
     55.01      23.92
     57.01      23.79
     59.01      23.55
     61.01      23.75
     63.01      24.28
     65.02      25.74
     67.02       25.9
     69.02      26.46
     71.02      26.89
     73.02      26.29
     75.02      26.65
     77.02      27.12
     79.02      29.15
     81.02      29.72
     83.02      30.05
     85.02      31.58
     87.02      31.66
     89.02      31.92
     91.02      31.93
     93.02      32.63
     95.02      32.91
     97.02      32.88
     99.02      32.94
       101      32.68
       103      32.84
       105      33.05
       107      33.01
       109      33.95
       111      34.54
       113      34.71
       115      34.61
       117      34.06
       119       34.9
       121      35.13
       123      36.38
       125      36.61
       127      36.73
       129      37.14
       131      37.18
       133      37.91
       135      38.18
       137      38.82
       139      39.26
       141      39.24
       143      39.32
       145      39.23
       147      40.21
       149      40.99
       151      40.94
       153      40.39
       155      39.97
       157      40.74
       159      40.77
       161      41.18
       163      41.65
       165      42.24
       167      43.18
       169       43.6
       171      43.96
       173      43.74
       175      43.06
       177      43.19
       179      44.14
       181      44.49
       183      44.83
       185       45.2
       187      45.06
       189      44.68
       191      45.71
       193      45.64
       195      46.11
       197      45.46
       199      45.87
       201      46.14
       203      46.03
       205      46.25
       207      46.42
       209      46.39
       211      46.54
     213.1       46.9
     215.1      46.61
     217.1      46.51
     219.1      46.47
     221.1      47.04
     223.1      47.24
     225.1      47.44
     227.1      47.62
     229.1      47.82
     231.1      48.11
     233.1      48.51
     235.1      48.34
     237.1      47.87
     239.1      47.65
     241.1      47.87
     243.1      48.28
     245.1      48.61
     247.1      48.31
     249.1      48.12
     251.1         48
     253.1      48.39
     255.1      48.55
     257.1       48.8
     259.1      48.67
     261.1      48.34
     263.1      47.96
     265.1       48.1
     267.1      48.28
     269.1      48.03
     271.1      48.01
     273.1      48.05
     275.1      48.24
     277.1      48.24
     279.1      47.98
     281.1      48.12
     283.1      47.92
     285.1      48.73
     287.1      48.84
     289.1      48.74
     291.1      48.82
     293.1      48.71
     295.1       49.1
     297.1      48.37
     299.1      48.22
     301.1      47.99
     303.1      48.34
     305.1      49.14
     307.1      49.65
     309.1      49.81
     311.1         50
     313.1         50
     315.1         50
     317.1         50
     319.1         50
     321.1         50
     323.1         50
     325.1         50
     327.1         50
     329.1         50
     331.1         50
     333.1         50
     335.1         50
     337.1         50
     339.1         50
     341.1         50
     343.1         50
     345.1         50
     347.1         50
     349.1         50
     351.1         50
