         1  2.478e+10
     3.001  9.688e+10
     5.002  1.778e+11
     7.003  2.376e+11
     9.004  2.935e+11
        11  3.432e+11
     13.01  3.863e+11
     15.01  4.278e+11
     17.01  4.674e+11
     19.01  5.032e+11
     21.01  5.406e+11
     23.01  5.794e+11
     25.01  6.198e+11
     27.01  6.587e+11
     29.01  7.039e+11
     31.01  7.427e+11
     33.01  7.783e+11
     35.01  8.195e+11
     37.01  8.557e+11
     39.02  8.875e+11
     41.02  9.143e+11
     43.02  9.471e+11
     45.02  9.803e+11
     47.02  1.006e+12
     49.02   1.03e+12
     51.02  1.051e+12
     53.02  1.073e+12
     55.02  1.096e+12
     57.02  1.115e+12
     59.02  1.135e+12
     61.02  1.158e+12
     63.02  1.187e+12
     65.03  1.208e+12
     67.03  1.225e+12
     69.03  1.243e+12
     71.03   1.26e+12
     73.03  1.277e+12
     75.03  1.294e+12
     77.03  1.309e+12
     79.03  1.326e+12
     81.03  1.352e+12
     83.03  1.376e+12
     85.03  1.393e+12
     87.03  1.412e+12
     89.04  1.429e+12
     91.04  1.443e+12
     93.04  1.455e+12
     95.04  1.467e+12
     97.04   1.48e+12
     99.04  1.493e+12
       101  1.505e+12
       103  1.518e+12
       105  1.532e+12
       107  1.546e+12
       109  1.564e+12
       111   1.59e+12
       113  1.623e+12
       115  1.649e+12
       117  1.671e+12
       119  1.701e+12
       121  1.729e+12
       123  1.744e+12
       125  1.757e+12
     127.1  1.771e+12
     129.1  1.787e+12
     131.1  1.803e+12
     133.1   1.82e+12
     135.1  1.833e+12
     137.1  1.844e+12
     139.1  1.854e+12
     141.1  1.865e+12
     143.1  1.881e+12
     145.1  1.899e+12
     147.1   1.91e+12
     149.1  1.921e+12
     151.1  1.934e+12
     153.1  1.963e+12
     155.1  1.994e+12
     157.1  2.011e+12
     159.1  2.022e+12
     161.1  2.036e+12
     163.1   2.06e+12
     165.1  2.082e+12
     167.1  2.099e+12
     169.1  2.136e+12
     171.1  2.159e+12
     173.1   2.17e+12
     175.1   2.18e+12
     177.1  2.188e+12
     179.1  2.196e+12
     181.1  2.203e+12
     183.1   2.21e+12
     185.1  2.217e+12
     187.1  2.224e+12
     189.1  2.236e+12
     191.1   2.26e+12
     193.1  2.278e+12
     195.1  2.287e+12
     197.1  2.296e+12
     199.1  2.305e+12
     201.1  2.312e+12
     203.1  2.322e+12
     205.1  2.338e+12
     207.1  2.356e+12
     209.1  2.365e+12
     211.1  2.373e+12
     213.1  2.383e+12
     215.1  2.399e+12
     217.1  2.412e+12
     219.1  2.424e+12
     221.1  2.437e+12
     223.1  2.451e+12
     225.1  2.463e+12
     227.1  2.472e+12
     229.1  2.479e+12
     231.1  2.485e+12
     233.1   2.49e+12
     235.1  2.496e+12
     237.1  2.501e+12
     239.1  2.507e+12
     241.1  2.517e+12
     243.1  2.536e+12
     245.1  2.548e+12
     247.1  2.558e+12
     249.1  2.575e+12
     251.1  2.587e+12
     253.1  2.594e+12
     255.1  2.599e+12
     257.1  2.603e+12
     259.1  2.606e+12
     261.1  2.609e+12
     263.1  2.612e+12
     265.1  2.614e+12
     267.1  2.617e+12
     269.1   2.62e+12
     271.1  2.623e+12
     273.1  2.629e+12
     275.1  2.635e+12
     277.1  2.639e+12
     279.1  2.644e+12
     281.1  2.646e+12
     283.1  2.648e+12
     285.1  2.649e+12
     287.1  2.651e+12
     289.1  2.652e+12
     291.1  2.655e+12
     293.1  2.662e+12
     295.1  2.663e+12
     297.1  2.664e+12
     299.1  2.665e+12
     301.1  2.666e+12
     303.1  2.667e+12
     305.1  2.667e+12
     307.1  2.668e+12
     309.1  2.669e+12
     311.1  2.669e+12
     313.1   2.67e+12
     315.1  2.671e+12
     317.1  2.671e+12
     319.1  2.672e+12
     321.1  2.672e+12
     323.1  2.672e+12
     325.1  2.673e+12
     327.1  2.673e+12
     329.1  2.673e+12
     331.1  2.674e+12
     333.1  2.674e+12
     335.1  2.674e+12
     337.1  2.674e+12
     339.1  2.674e+12
     341.1  2.675e+12
     343.1  2.675e+12
     345.1  2.675e+12
     347.1  2.675e+12
     349.1  2.675e+12
     351.1  2.675e+12
