         1      16.99
     3.001      18.76
     5.002      19.38
     7.003      19.75
     9.004      20.09
        11      20.24
     13.01      20.46
     15.01      20.66
     17.01       20.9
     19.01      21.08
     21.01      21.19
     23.01      21.26
     25.01      21.37
     27.01      21.55
     29.01      21.58
     31.01      21.76
     33.01      21.96
     35.01      22.04
     37.01      22.16
     39.02      22.27
     41.02      22.32
     43.02      22.34
     45.02      22.49
     47.02      22.57
     49.02      22.73
     51.02      22.87
     53.02      22.92
     55.02      22.96
     57.02      23.09
     59.02      23.15
     61.02      23.21
     63.02      23.37
     65.03       23.5
     67.03      23.52
     69.03      23.58
     71.03       23.7
     73.03      23.65
     75.03      23.79
     77.03      23.86
     79.03       23.8
     81.03       23.8
     83.03      23.87
     85.03      24.03
     87.03       24.1
     89.04      24.12
     91.04      24.29
     93.04      24.36
     95.04      24.42
     97.04      24.28
     99.04      24.34
       101      24.48
       103      24.54
       105      24.56
       107      24.74
       109      24.96
       111      24.92
       113      24.72
       115      25.09
       117      25.24
       119      25.31
       121      25.28
       123      25.16
       125      25.28
     127.1      25.28
     129.1      25.61
     131.1      25.54
     133.1      25.58
     135.1      25.69
     137.1      26.07
     139.1      26.39
     141.1      26.18
     143.1      26.55
     145.1      26.17
     147.1      26.35
     149.1      26.78
     151.1      26.22
     153.1      25.86
     155.1      26.14
     157.1      26.55
     159.1      26.85
     161.1      26.99
     163.1      27.71
     165.1      28.07
     167.1      27.98
     169.1      28.64
     171.1      28.52
     173.1      28.99
     175.1      28.99
     177.1      29.11
     179.1      29.45
     181.1      29.55
     183.1      29.96
     185.1      29.85
     187.1      30.02
     189.1      29.61
     191.1      29.17
     193.1      29.46
     195.1      30.41
     197.1      31.21
     199.1      31.44
     201.1       31.2
     203.1      30.87
     205.1      30.84
     207.1      31.18
     209.1      31.69
     211.1      31.19
     213.1      30.95
     215.1      31.42
     217.1      32.17
     219.1      32.25
     221.1       31.9
     223.1      31.42
     225.1       31.4
     227.1      32.48
     229.1      32.78
     231.1      32.81
     233.1      32.46
     235.1      32.23
     237.1      32.57
     239.1      33.07
     241.1      33.32
     243.1      33.47
     245.1      33.46
     247.1       33.6
     249.1      34.16
     251.1      34.84
     253.1      35.48
     255.1      34.72
     257.1      33.73
     259.1      34.18
     261.1      35.29
     263.1      35.56
     265.1      36.07
     267.1      35.22
     269.1      34.93
     271.1      35.35
     273.1      35.19
     275.1      35.94
     277.1      35.76
     279.1      36.06
     281.1      37.03
     283.1      37.16
     285.1      36.58
     287.1      35.83
     289.1      36.15
     291.1      38.05
     293.1      39.41
     295.1       38.3
     297.1      38.92
     299.1      37.84
     301.1       37.5
     303.1      37.31
     305.1      38.11
     307.1      39.45
     309.1      39.32
     311.1      39.13
     313.1       38.3
     315.1      37.38
     317.1      37.11
     319.1      38.31
     321.1      39.01
     323.1      41.44
     325.1      39.71
     327.1      40.25
     329.1      38.78
     331.1      39.07
     333.1      39.67
     335.1      40.43
     337.1      41.47
     339.1      41.49
     341.1      41.87
     343.1      40.81
     345.1      38.65
     347.1      40.64
     349.1      42.14
     351.1      38.15
