         1  2.025e+10
         3  7.307e+10
         5  1.187e+11
     7.001   1.63e+11
     9.001  2.002e+11
        11    2.3e+11
        13  2.498e+11
        15   2.68e+11
        17   2.84e+11
        19  2.985e+11
        21  3.132e+11
        23  3.258e+11
        25  3.369e+11
        27  3.486e+11
        29  3.609e+11
        31  3.723e+11
        33  3.845e+11
        35  4.002e+11
        37  4.109e+11
        39  4.217e+11
        41  4.321e+11
        43  4.426e+11
        45  4.514e+11
        47  4.611e+11
        49  4.702e+11
        51  4.805e+11
        53  4.897e+11
        55   4.98e+11
        57  5.058e+11
        59  5.135e+11
        61  5.204e+11
        63  5.282e+11
        65  5.359e+11
     67.01  5.436e+11
     69.01  5.509e+11
     71.01  5.596e+11
     73.01  5.678e+11
     75.01  5.757e+11
     77.01  5.841e+11
     79.01  5.916e+11
     81.01  5.984e+11
     83.01  6.038e+11
     85.01  6.088e+11
     87.01  6.148e+11
     89.01  6.202e+11
     91.01  6.247e+11
     93.01  6.294e+11
     95.01  6.348e+11
     97.01  6.409e+11
     99.01   6.46e+11
       101  6.516e+11
       103  6.578e+11
       105  6.635e+11
       107  6.697e+11
       109  6.757e+11
       111  6.804e+11
       113  6.862e+11
       115   6.91e+11
       117  6.965e+11
       119  7.016e+11
       121  7.062e+11
       123  7.101e+11
       125   7.14e+11
       127  7.171e+11
       129  7.196e+11
       131  7.221e+11
       133  7.254e+11
       135  7.286e+11
       137   7.31e+11
       139  7.332e+11
       141  7.351e+11
       143  7.375e+11
       145  7.397e+11
       147  7.421e+11
       149  7.439e+11
       151  7.459e+11
       153  7.482e+11
       155  7.498e+11
       157  7.516e+11
       159  7.531e+11
       161  7.549e+11
       163  7.563e+11
       165  7.579e+11
       167  7.586e+11
       169  7.601e+11
       171   7.61e+11
       173  7.617e+11
       175  7.626e+11
       177   7.64e+11
       179  7.645e+11
       181  7.652e+11
       183  7.658e+11
       185  7.665e+11
       187   7.67e+11
       189  7.676e+11
       191  7.682e+11
       193  7.685e+11
       195  7.692e+11
       197  7.698e+11
       199  7.706e+11
       201  7.712e+11
       203  7.718e+11
       205  7.726e+11
       207  7.729e+11
       209  7.733e+11
       211  7.739e+11
       213  7.743e+11
       215  7.748e+11
       217  7.755e+11
       219   7.76e+11
       221  7.764e+11
       223  7.768e+11
       225  7.771e+11
       227  7.775e+11
       229  7.777e+11
       231  7.778e+11
       233  7.779e+11
       235  7.783e+11
       237  7.789e+11
       239  7.793e+11
       241  7.797e+11
       243  7.801e+11
       245  7.803e+11
       247  7.807e+11
       249  7.809e+11
       251  7.812e+11
       253  7.815e+11
       255  7.819e+11
       257  7.822e+11
       259  7.826e+11
       261  7.828e+11
       263  7.828e+11
       265  7.831e+11
       267  7.832e+11
       269  7.832e+11
       271  7.833e+11
       273  7.834e+11
       275  7.834e+11
       277  7.835e+11
       279  7.835e+11
       281  7.835e+11
       283  7.835e+11
       285  7.836e+11
       287  7.838e+11
       289  7.839e+11
       291  7.839e+11
       293   7.84e+11
       295   7.84e+11
       297   7.84e+11
       299  7.841e+11
       301  7.841e+11
       303  7.841e+11
       305  7.841e+11
       307  7.842e+11
       309  7.843e+11
       311  7.843e+11
       313  7.844e+11
       315  7.844e+11
       317  7.844e+11
       319  7.844e+11
       321  7.845e+11
       323  7.845e+11
       325  7.845e+11
       327  7.845e+11
       329  7.845e+11
       331  7.845e+11
       333  7.845e+11
       335  7.845e+11
       337  7.846e+11
       339  7.846e+11
       341  7.846e+11
       343  7.846e+11
       345  7.846e+11
       347  7.846e+11
       349  7.846e+11
       351  7.846e+11
