         2      18.14
         6      19.47
        10      20.25
        14      20.85
        18      21.12
        22       21.4
        26       21.7
        30       21.9
        34      21.97
        38       22.3
        42      22.61
        46      22.86
        50      22.94
        54      23.17
        58      23.47
        62      23.54
        66      23.86
     70.01      24.07
     74.01      24.07
     78.01      24.18
     82.01       25.2
     86.01      25.02
     90.01      25.87
     94.01      25.87
     98.01      26.65
       102      27.91
       106      28.27
       110       28.7
       114      29.36
       118      28.45
       122      29.91
       126      32.11
       130      32.69
       134      33.02
       138      35.76
       142      35.41
       146       35.7
       150      37.15
       154      38.04
       158      37.73
       162      39.31
       166      41.21
       170      41.86
       174      42.45
       178      43.85
       182      44.81
       186      44.73
       190      45.46
       194      45.14
       198      44.57
       202      45.31
       206      45.77
       210       46.3
       214      46.28
       218      45.64
       222      46.76
       226       47.4
       230      48.47
       234      47.36
       238      47.02
       242       47.7
       246      48.02
       250      47.92
       254      47.23
       258      47.48
       262      48.38
       266      48.15
       270       49.1
       274      49.15
       278      49.63
       282      48.87
       286      47.78
       290      48.57
       294      49.22
       298      49.25
       302      49.11
       306      48.36
       310      47.92
       314      48.74
       318      49.52
       322      48.77
       326      49.69
       330      49.09
       334      48.17
       338      48.28
       342      49.81
       346         50
       350         50
