     1.001      17.81
     3.004      19.33
     5.006      20.24
     7.009      21.08
     9.011      21.71
     11.01      22.11
     13.02      22.54
     15.02      23.05
     17.02      23.36
     19.02      23.78
     21.03      23.97
     23.03      24.52
     25.03      25.14
     27.03      24.93
     29.04      25.17
     31.04      25.33
     33.04      25.57
     35.04      26.45
     37.05      26.75
     39.05      27.31
     41.05      26.19
     43.05      26.74
     45.06      27.59
     47.06       29.9
     49.06      32.05
     51.06      33.96
     53.07       33.4
     55.07      32.63
     57.07      32.67
     59.07      33.13
     61.08      33.67
     63.08      36.13
     65.08      36.13
     67.08      35.45
     69.09      34.04
     71.09      36.11
     73.09      37.95
     75.09      40.13
      77.1      42.05
      79.1      43.26
      81.1       43.1
      83.1      42.84
     85.11       42.6
     87.11      43.47
     89.11      45.13
     91.12      45.97
     93.12       45.7
     95.12      44.27
     97.12      44.78
     99.13       45.4
     101.1      46.13
     103.1      46.28
     105.1      45.73
     107.1      45.39
     109.1      46.51
     111.1      46.81
     113.1      46.46
     115.1      47.06
     117.1      47.21
     119.2       47.4
     121.2      47.97
     123.2      47.58
     125.2      47.25
     127.2      47.98
     129.2      48.82
     131.2      48.74
     133.2      48.19
     135.2      48.42
     137.2      48.84
     139.2      49.33
     141.2      49.55
     143.2      49.37
     145.2      49.37
     147.2      49.66
     149.2      49.89
     151.2      49.87
     153.2      49.54
     155.2      49.66
     157.2      49.86
     159.2       49.7
     161.2      49.61
     163.2      49.66
     165.2      49.63
     167.2      49.38
     169.2       49.5
     171.2       49.5
     173.2      49.46
     175.2      49.22
     177.2      49.16
     179.2      49.42
     181.2      49.35
     183.2      49.15
     185.2      49.15
     187.2      49.16
     189.2      49.26
     191.2      49.47
     193.2      49.58
     195.2      49.63
     197.2      49.63
     199.3      49.65
     201.3       49.8
     203.3       49.9
     205.3      49.98
     207.3         50
     209.3         50
     211.3         50
     213.3         50
     215.3         50
     217.3         50
     219.3         50
     221.3         50
     223.3         50
     225.3         50
     227.3         50
     229.3         50
     231.3         50
     233.3      49.96
     235.3      49.85
     237.3       49.7
     239.3      49.76
     241.3         50
     243.3         50
     245.3         50
     247.3         50
     249.3         50
     251.3         50
     253.3      49.78
     255.3      49.66
     257.3      49.63
     259.3      49.87
     261.3         50
     263.3         50
     265.3         50
     267.3         50
     269.3         50
     271.3         50
     273.3         50
     275.3         50
     277.4         50
     279.4         50
     281.4         50
     283.4         50
     285.4         50
     287.4         50
     289.4         50
     291.4         50
     293.4         50
     295.4         50
