     2.838  5.655e-18
     5.688  3.708e-18
     8.538  3.306e-18
     11.39  2.808e-18
     14.24  2.303e-18
     17.09  2.552e-18
     19.94  3.052e-18
     22.79  5.624e-18
     25.64  4.442e-18
     28.49   3.06e-18
     31.34  2.012e-18
     34.19  2.137e-18
     37.03  3.464e-18
     39.88  1.798e-18
     42.73  1.428e-18
     45.58  1.397e-18
     48.43   9.16e-19
     51.28   8.17e-19
     54.13  9.258e-19
     56.98  1.042e-18
     59.83  1.116e-18
     62.68  8.427e-19
     65.53  7.656e-19
     68.38  9.189e-19
     71.23   1.09e-18
     74.08  1.502e-18
     76.93  2.318e-18
     79.78  2.251e-18
     82.63   1.25e-18
     85.48  7.845e-19
     88.33  6.847e-19
     91.18    6.8e-19
     94.03   8.61e-19
     96.88  1.192e-18
     99.73  1.354e-18
     102.6  1.414e-18
     105.4  1.636e-18
     108.3  1.153e-18
     111.1  8.285e-19
       114  1.757e-18
     116.8  7.878e-19
     119.7  4.456e-19
     122.5  4.179e-19
     125.4  4.675e-19
     128.2   1.26e-18
     131.1  4.079e-19
     133.9  2.004e-19
     136.8  1.816e-19
     139.6  2.018e-19
     142.5  2.021e-19
     145.3  1.528e-19
     148.2  1.837e-19
       151  1.632e-19
     153.9  1.781e-19
     156.7  1.749e-19
     159.6  1.967e-19
     162.4  1.445e-19
     165.3  1.131e-19
     168.1   1.36e-19
       171   1.76e-19
     173.8  2.032e-19
     176.7  2.795e-19
     179.5  4.621e-19
     182.4  3.275e-19
     185.2  2.066e-19
     188.1  1.832e-19
     190.9  2.353e-19
     193.8  4.926e-19
     196.6  1.469e-18
     199.5  2.219e-18
     202.3  6.162e-19
     205.2   7.17e-19
       208  1.434e-18
     210.9  6.264e-19
     213.7   2.65e-19
     216.6   2.07e-19
     219.4  1.455e-19
     222.3    1.4e-19
     225.1  1.126e-19
       228  1.146e-19
     230.8  1.105e-19
     233.7  1.203e-19
     236.5  1.458e-19
     239.4  1.296e-19
     242.2  8.506e-20
     245.1  1.257e-19
     247.9   7.79e-20
     250.8  6.055e-20
     253.6  9.658e-20
     256.5  1.268e-19
     259.3  1.327e-19
     262.2  1.368e-19
       265  1.413e-19
     267.9  2.399e-19
     270.7  8.198e-19
     273.6  3.086e-18
     276.4  1.069e-18
     279.3  4.268e-19
     282.1  7.214e-19
       285  1.896e-18
     287.8  4.373e-18
     290.7  1.014e-18
     293.5  3.241e-19
     296.4  1.757e-19
     299.2  1.393e-19
     302.1  2.133e-19
     304.9  1.466e-19
     307.8  1.025e-19
     310.6  1.656e-19
     313.5  1.041e-19
     316.3  1.039e-19
     319.2  1.209e-19
       322   1.69e-19
     324.9  2.968e-19
     327.7  3.817e-19
     330.6  1.282e-18
     333.4  1.847e-18
     336.3  3.513e-19
     339.1  2.448e-19
       342  1.272e-19
     344.8  1.268e-19
     347.7  1.294e-19
     350.5  1.399e-19
