     1.006      17.28
     3.017      18.94
     5.028      19.59
     7.039      19.93
      9.05      20.24
     11.06      20.36
     13.07      20.62
     15.08      20.91
     17.09      20.97
      19.1      21.07
     21.12      21.29
     23.13      21.42
     25.14      21.66
     27.15      21.85
     29.16      21.95
     31.17      22.09
     33.18      22.36
     35.19      22.66
      37.2      22.76
     39.21       22.8
     41.23      22.91
     43.24      23.35
     45.25      23.84
     47.26      23.83
     49.27      23.98
     51.28      24.26
     53.29      23.93
      55.3      23.73
     57.31      24.96
     59.32       25.6
     61.34      25.08
     63.35      25.45
     65.36       25.2
     67.37      25.68
     69.38      26.07
     71.39       27.3
      73.4      27.36
     75.41      27.07
     77.42      27.68
     79.44       28.2
     81.45      28.02
     83.46      29.53
     85.47      30.84
     87.48       31.7
     89.49      32.68
      91.5      34.88
     93.51      36.19
     95.52      37.69
     97.53       38.6
     99.55      38.81
     101.6      38.21
     103.6      38.98
     105.6      39.85
     107.6      40.91
     109.6      40.62
     111.6      40.91
     113.6      41.14
     115.6      41.05
     117.6      41.29
     119.7      41.75
     121.7         42
     123.7       42.9
     125.7      42.92
     127.7      42.83
     129.7      43.39
     131.7      43.93
     133.7      44.36
     135.7      44.47
     137.8       45.3
     139.8      45.67
     141.8      45.92
     143.8      45.44
     145.8      44.86
     147.8      44.34
     149.8      44.41
     151.8      44.85
     153.8       45.1
     155.9      45.44
     157.9      46.13
     159.9         46
     161.9      46.02
     163.9      45.99
     165.9      47.04
     167.9      47.18
     169.9      47.47
     171.9      47.62
       174      47.48
       176      47.53
       178      47.76
       180      47.51
       182      47.38
       184      46.83
       186      47.09
       188      47.26
       190      47.72
     192.1      47.94
     194.1      48.15
     196.1      48.24
     198.1      48.26
     200.1      48.02
     202.1      48.06
     204.1      48.37
     206.1      48.53
     208.1      48.48
     210.2       48.6
     212.2      48.48
     214.2      48.23
     216.2      48.14
     218.2       48.2
     220.2      48.63
     222.2      48.63
     224.2       48.3
     226.2      48.25
     228.3      48.78
     230.3      49.39
     232.3      49.54
     234.3      49.52
     236.3      49.27
     238.3      48.98
     240.3      48.84
     242.3       48.7
     244.3      49.11
     246.3      49.34
     248.4      49.33
     250.4      49.15
     252.4      48.84
     254.4      48.69
     256.4      48.53
     258.4      48.59
     260.4      48.66
     262.4      48.39
     264.4      48.42
     266.5       48.2
     268.5         48
     270.5      48.35
     272.5      48.12
     274.5      48.91
     276.5      49.06
     278.5      49.24
     280.5      49.23
     282.5       49.4
     284.6      49.53
     286.6      49.28
     288.6      48.94
     290.6      48.32
     292.6      48.78
     294.6       48.6
     296.6      49.19
     298.6      49.28
     300.6      49.55
     302.7      48.73
     304.7      48.44
     306.7      47.84
     308.7      47.19
     310.7      47.76
     312.7      48.33
     314.7      48.04
     316.7      48.32
     318.7      48.73
     320.8      49.11
     322.8      48.25
     324.8       47.8
     326.8      47.27
     328.8      46.12
     330.8      47.13
     332.8      44.47
     334.8      43.83
     336.8      43.43
     338.9      44.79
     340.9      45.03
     342.9      44.29
     344.9      44.03
     346.9      43.65
     348.9      43.84
     350.9      44.23
