     2.001      19.44
     6.002      20.73
        10      21.46
     14.01      21.89
     18.01      22.29
     22.01      22.89
     26.01      23.38
     30.01      23.59
     34.01      24.11
     38.02      24.37
     42.02      24.51
     46.02      24.64
     50.02      24.95
     54.02      26.13
     58.02      27.41
     62.02      28.25
     66.03      27.63
     70.03      29.98
     74.03      31.76
     78.03      31.96
     82.03      32.53
     86.03      32.83
     90.04      33.16
     94.04      34.26
     98.04      35.28
       102       36.2
       106      38.29
       110      38.71
       114      37.29
       118      39.26
       122      39.85
       126      39.34
     130.1      37.92
     134.1       38.1
     138.1      39.75
     142.1      40.97
     146.1      40.74
     150.1         41
     154.1       40.7
     158.1      41.25
     162.1      41.71
     166.1      42.13
     170.1      42.27
     174.1      42.61
     178.1      43.08
     182.1      44.43
     186.1      45.94
     190.1      46.05
     194.1      46.16
     198.1      45.82
     202.1      46.59
     206.1      47.18
     210.1       47.4
     214.1      47.29
     218.1      47.19
     222.1      47.64
     226.1      48.12
     230.1      48.41
     234.1      48.04
     238.1      48.33
     242.1      48.29
     246.1      48.87
     250.1      49.05
     254.1      48.66
     258.1      48.94
     262.1         49
     266.1       49.2
     270.1      48.57
     274.1      49.06
     278.1      48.67
     282.1      48.57
     286.1      49.13
     290.1      48.62
     294.1      48.13
     298.1      48.74
     302.1      49.21
     306.1      49.95
     310.1      49.91
     314.1      49.61
     318.1       49.6
     322.1         50
     326.1         50
     330.1         50
     334.1      49.76
     338.1      48.65
     342.1      49.57
     346.1         50
     350.1         50
