     2.001  8.059e+10
     6.003  2.285e+11
        10  3.147e+11
     14.01  3.814e+11
     18.01  4.403e+11
     22.01  4.938e+11
     26.01  5.366e+11
     30.01  5.778e+11
     34.01  6.164e+11
     38.02   6.52e+11
     42.02  6.835e+11
     46.02  7.196e+11
     50.02  7.609e+11
     54.02  7.958e+11
     58.03  8.241e+11
     62.03  8.515e+11
     66.03  8.756e+11
     70.03  8.967e+11
     74.03  9.193e+11
     78.03  9.374e+11
     82.04  9.567e+11
     86.04  9.764e+11
     90.04  9.949e+11
     94.04  1.013e+12
     98.04  1.032e+12
       102  1.047e+12
       106  1.062e+12
       110  1.075e+12
       114  1.086e+12
     118.1  1.097e+12
     122.1  1.109e+12
     126.1  1.118e+12
     130.1  1.128e+12
     134.1  1.138e+12
     138.1   1.15e+12
     142.1   1.16e+12
     146.1  1.169e+12
     150.1  1.179e+12
     154.1   1.19e+12
     158.1  1.198e+12
     162.1  1.208e+12
     166.1  1.217e+12
     170.1  1.225e+12
     174.1  1.232e+12
     178.1  1.239e+12
     182.1  1.247e+12
     186.1  1.255e+12
     190.1  1.262e+12
     194.1  1.267e+12
     198.1  1.273e+12
     202.1  1.278e+12
     206.1  1.283e+12
     210.1  1.288e+12
     214.1  1.293e+12
     218.1  1.297e+12
     222.1  1.301e+12
     226.1  1.305e+12
     230.1  1.308e+12
     234.1  1.312e+12
     238.1  1.316e+12
     242.1   1.32e+12
     246.1  1.326e+12
     250.1  1.331e+12
     254.1  1.335e+12
     258.1  1.338e+12
     262.1  1.341e+12
     266.1  1.343e+12
     270.1  1.344e+12
     274.1  1.346e+12
     278.1  1.346e+12
     282.1  1.347e+12
     286.1  1.348e+12
     290.1  1.348e+12
     294.1  1.349e+12
     298.1  1.349e+12
     302.1  1.349e+12
     306.1  1.349e+12
     310.1   1.35e+12
     314.1   1.35e+12
     318.1   1.35e+12
     322.1   1.35e+12
     326.1   1.35e+12
     330.1   1.35e+12
     334.1   1.35e+12
     338.1   1.35e+12
     342.1   1.35e+12
     346.2   1.35e+12
     350.2   1.35e+12
