     2.001      17.28
     6.003      18.98
        10      19.69
     14.01      20.22
     18.01      20.53
     22.01      20.95
     26.01      21.32
     30.01      21.46
     34.01      21.76
     38.02      21.87
     42.02      22.06
     46.02      21.93
     50.02      22.09
     54.02      22.46
     58.03      22.73
     62.03      23.17
     66.03       23.3
     70.03      23.33
     74.03      23.52
     78.03      23.66
     82.04      23.88
     86.04      24.33
     90.04      24.59
     94.04      25.13
     98.04      25.13
       102      25.23
       106      26.21
       110      25.89
       114      26.33
     118.1      26.99
     122.1      28.27
     126.1      29.32
     130.1      28.34
     134.1      28.68
     138.1      29.74
     142.1      30.39
     146.1      30.99
     150.1      31.14
     154.1      31.53
     158.1      31.85
     162.1      31.68
     166.1      31.67
     170.1       33.8
     174.1      33.85
     178.1      34.37
     182.1      36.58
     186.1      36.62
     190.1      37.21
     194.1      36.75
     198.1      36.92
     202.1      37.95
     206.1      37.59
     210.1      37.67
     214.1      38.68
     218.1       39.6
     222.1      40.19
     226.1      40.86
     230.1      40.66
     234.1      40.56
     238.1      40.18
     242.1      40.24
     246.1       40.5
     250.1      41.19
     254.1      41.87
     258.1      41.73
     262.1      42.44
     266.1      43.78
     270.1      44.51
     274.1      43.87
     278.1       44.2
     282.1      45.39
     286.1      46.33
     290.1      46.19
     294.1      45.88
     298.1      47.47
     302.1       47.8
     306.1      47.85
     310.1      47.17
     314.1      48.08
     318.1         49
     322.1       48.6
     326.1      49.24
     330.1      48.18
     334.1      48.41
     338.1      47.88
     342.1       48.6
     346.2         50
     350.2         50
