     2.001      17.55
     6.003      19.25
        10      19.94
     14.01      20.45
     18.01      20.75
     22.01      21.17
     26.01      21.55
     30.01      21.67
     34.01      21.97
     38.02      22.07
     42.02      22.26
     46.02      22.11
     50.02      22.27
     54.02      22.65
     58.03      22.94
     62.03      23.38
     66.03      23.51
     70.03      23.53
     74.03      23.71
     78.03      23.85
     82.04      24.06
     86.04      24.52
     90.04      24.81
     94.04      25.34
     98.04      25.37
       102      25.41
       106       26.4
       110       26.1
       114      26.51
     118.1      27.15
     122.1      28.43
     126.1      29.47
     130.1       28.5
     134.1      28.84
     138.1      29.89
     142.1      30.54
     146.1      31.14
     150.1      31.29
     154.1      31.67
     158.1      32.01
     162.1      31.82
     166.1      31.81
     170.1         34
     174.1      33.99
     178.1       34.5
     182.1       36.7
     186.1      36.73
     190.1      37.31
     194.1      36.86
     198.1      37.02
     202.1      38.05
     206.1      37.68
     210.1      37.76
     214.1      38.77
     218.1      39.68
     222.1      40.26
     226.1      40.93
     230.1      40.74
     234.1      40.65
     238.1      40.29
     242.1      40.37
     246.1      40.67
     250.1      41.42
     254.1      42.09
     258.1      41.93
     262.1      42.51
     266.1      43.82
     270.1      44.55
     274.1      43.91
     278.1      44.24
     282.1      45.44
     286.1      46.36
     290.1      46.23
     294.1      45.92
     298.1       47.5
     302.1      47.82
     306.1      47.88
     310.1      47.19
     314.1      48.09
     318.1      49.01
     322.1      48.61
     326.1      49.25
     330.1      48.18
     334.1      48.42
     338.1      47.89
     342.1      48.61
     346.2         50
     350.2         50
