     1.005      20.81
     3.016      21.79
     5.027      21.96
     7.038      22.08
     9.049      22.27
     11.06      22.44
     13.07      22.64
     15.08      22.83
     17.09      23.01
      19.1      23.04
     21.11      23.18
     23.13      23.29
     25.14      23.38
     27.15      23.52
     29.16      23.76
     31.17      23.84
     33.18      23.98
     35.19      24.06
      37.2      24.19
     39.21       24.3
     41.22       24.5
     43.24      24.56
     45.25      24.66
     47.26      24.84
     49.27      24.84
     51.28      24.87
     53.29      25.03
      55.3      25.21
     57.31      25.17
     59.32      25.29
     61.33      25.38
     63.34      25.41
     65.36      25.62
     67.37      25.83
     69.38      25.88
     71.39      25.91
      73.4      26.14
     75.41      26.14
     77.42      26.02
     79.43      26.32
     81.44      26.23
     83.45      26.35
     85.46      26.45
     87.48      26.58
     89.49       26.5
      91.5      26.43
     93.51      26.89
     95.52       27.1
     97.53      27.73
     99.54      28.33
     101.6       27.7
     103.6      27.31
     105.6      28.03
     107.6      28.31
     109.6      28.65
     111.6      28.69
     113.6      29.09
     115.6       29.3
     117.6      29.35
     119.7      28.95
     121.7      29.67
     123.7      30.82
     125.7      30.61
     127.7      30.81
     129.7      31.87
     131.7      31.93
     133.7      31.52
     135.7      31.13
     137.7       31.6
     139.8       31.6
     141.8      32.61
     143.8      32.19
     145.8      31.97
     147.8      32.42
     149.8      33.04
     151.8      32.86
     153.8      32.04
     155.8      31.63
     157.9      32.31
     159.9      33.41
     161.9      34.49
     163.9      34.43
     165.9      34.11
     167.9      33.72
     169.9      33.82
     171.9      34.51
     173.9      35.59
       176       36.3
       178      35.58
       180      36.54
       182      36.84
       184      37.64
       186      37.31
       188      37.95
       190      37.97
       192      37.71
     194.1      38.02
     196.1      38.44
     198.1      38.24
     200.1      38.25
     202.1      38.14
     204.1      38.64
     206.1       38.4
     208.1      38.05
     210.1      38.33
     212.2      38.63
     214.2      39.29
     216.2      38.99
     218.2      39.31
     220.2      39.46
     222.2      39.57
     224.2      39.48
     226.2      39.63
     228.2      39.18
     230.3      38.38
     232.3      39.19
     234.3      40.21
     236.3      40.32
     238.3      40.41
     240.3       40.5
     242.3      40.76
     244.3      40.79
     246.3      40.41
     248.4       40.5
     250.4      40.31
     252.4      40.88
     254.4      40.43
     256.4       39.7
     258.4         39
     260.4      39.53
     262.4      40.11
     264.4      40.18
     266.4      40.18
     268.5      39.48
     270.5      39.83
     272.5       40.3
     274.5      40.56
     276.5      40.95
     278.5      40.51
     280.5      39.75
     282.5      39.33
     284.5      39.29
     286.6      39.65
     288.6      40.48
     290.6      40.44
     292.6      40.13
     294.6      40.23
     296.6       41.3
     298.6      42.08
     300.6      41.74
     302.6      41.67
     304.7      41.05
     306.7      41.02
     308.7      41.48
     310.7      41.88
     312.7      44.39
     314.7      45.46
     316.7      44.28
     318.7      42.57
     320.7      42.39
     322.8      42.61
     324.8      44.07
     326.8      45.01
     328.8      45.93
     330.8      47.04
     332.8      45.85
     334.8      44.49
     336.8       44.4
     338.8      43.51
     340.9      45.99
     342.9      43.84
     344.9      42.04
     346.9       42.2
     348.9      41.75
     350.9      42.55
