     1.002  1.972e+10
     3.005  7.198e+10
     5.008  1.058e+11
     7.011  1.308e+11
     9.014  1.494e+11
     11.02  1.637e+11
     13.02  1.767e+11
     15.02  1.894e+11
     17.03  1.989e+11
     19.03  2.083e+11
     21.03  2.174e+11
     23.04  2.252e+11
     25.04  2.306e+11
     27.04   2.36e+11
     29.04  2.412e+11
     31.05  2.468e+11
     33.05  2.518e+11
     35.05   2.56e+11
     37.06  2.605e+11
     39.06  2.641e+11
     41.06  2.675e+11
     43.07  2.703e+11
     45.07   2.73e+11
     47.07   2.75e+11
     49.07  2.778e+11
     51.08  2.805e+11
     53.08  2.826e+11
     55.08  2.847e+11
     57.09  2.873e+11
     59.09  2.893e+11
     61.09   2.92e+11
      63.1   2.94e+11
      65.1  2.959e+11
      67.1  2.979e+11
     69.11  2.996e+11
     71.11  3.015e+11
     73.11  3.043e+11
     75.11  3.054e+11
     77.12  3.066e+11
     79.12  3.079e+11
     81.12  3.087e+11
     83.13  3.098e+11
     85.13   3.11e+11
     87.13  3.118e+11
     89.14  3.122e+11
     91.14  3.128e+11
     93.14  3.135e+11
     95.14  3.141e+11
     97.15  3.146e+11
     99.15  3.151e+11
     101.2  3.156e+11
     103.2  3.161e+11
     105.2  3.168e+11
     107.2  3.173e+11
     109.2  3.177e+11
     111.2  3.179e+11
     113.2  3.183e+11
     115.2  3.188e+11
     117.2  3.192e+11
     119.2  3.195e+11
     121.2    3.2e+11
     123.2  3.204e+11
     125.2  3.207e+11
     127.2  3.213e+11
     129.2  3.216e+11
     131.2   3.22e+11
     133.2  3.222e+11
     135.2   3.23e+11
     137.2  3.234e+11
     139.2  3.242e+11
     141.2  3.247e+11
     143.2  3.252e+11
     145.2  3.255e+11
     147.2  3.258e+11
     149.2   3.26e+11
     151.2  3.264e+11
     153.2  3.268e+11
     155.2  3.272e+11
     157.2  3.277e+11
     159.2  3.281e+11
     161.2  3.285e+11
     163.2  3.288e+11
     165.3  3.291e+11
     167.3  3.297e+11
     169.3  3.301e+11
     171.3  3.304e+11
     173.3  3.306e+11
     175.3  3.309e+11
     177.3  3.312e+11
     179.3  3.315e+11
     181.3  3.319e+11
     183.3  3.324e+11
     185.3  3.327e+11
     187.3   3.33e+11
     189.3  3.331e+11
     191.3  3.335e+11
     193.3   3.34e+11
     195.3  3.349e+11
     197.3  3.355e+11
     199.3  3.366e+11
     201.3  3.372e+11
     203.3  3.373e+11
     205.3  3.375e+11
     207.3  3.377e+11
     209.3  3.378e+11
     211.3  3.378e+11
     213.3  3.382e+11
     215.3  3.382e+11
     217.3  3.387e+11
     219.3  3.389e+11
     221.3  3.391e+11
     223.3  3.393e+11
     225.3  3.394e+11
     227.3  3.395e+11
     229.3  3.396e+11
     231.4  3.397e+11
     233.4  3.399e+11
     235.4  3.401e+11
     237.4  3.403e+11
     239.4  3.405e+11
     241.4  3.406e+11
     243.4  3.407e+11
     245.4  3.408e+11
     247.4   3.41e+11
     249.4  3.413e+11
     251.4  3.413e+11
     253.4  3.413e+11
     255.4  3.414e+11
     257.4  3.414e+11
     259.4  3.416e+11
     261.4  3.417e+11
     263.4  3.417e+11
     265.4  3.417e+11
     267.4  3.417e+11
     269.4  3.418e+11
     271.4  3.418e+11
     273.4  3.419e+11
     275.4  3.419e+11
     277.4  3.419e+11
     279.4  3.419e+11
     281.4  3.419e+11
     283.4  3.419e+11
     285.4  3.419e+11
     287.4  3.419e+11
     289.4  3.419e+11
     291.4  3.419e+11
     293.4  3.419e+11
     295.4  3.419e+11
     297.5  3.419e+11
     299.5  3.419e+11
     301.5  3.419e+11
     303.5  3.419e+11
     305.5  3.419e+11
     307.5  3.419e+11
     309.5  3.419e+11
     311.5  3.419e+11
     313.5  3.419e+11
     315.5  3.419e+11
     317.5  3.419e+11
     319.5  3.419e+11
     321.5  3.419e+11
     323.5  3.419e+11
     325.5  3.419e+11
     327.5  3.419e+11
     329.5  3.419e+11
     331.5  3.419e+11
     333.5  3.419e+11
     335.5  3.419e+11
     337.5  3.419e+11
     339.5  3.419e+11
     341.5  3.419e+11
     343.5  3.419e+11
     345.5  3.419e+11
     347.5  3.419e+11
     349.5  3.419e+11
