     2.015  4.813e+10
     6.044  1.192e+11
     10.07  1.571e+11
      14.1  1.836e+11
     18.13  2.041e+11
     22.16  2.219e+11
     26.19  2.337e+11
     30.22  2.444e+11
     34.25   2.54e+11
     38.28  2.627e+11
     42.31  2.694e+11
     46.33   2.74e+11
     50.36  2.794e+11
     54.39  2.842e+11
     58.42  2.887e+11
     62.45  2.935e+11
     66.48  2.973e+11
     70.51   3.01e+11
     74.54  3.052e+11
     78.57  3.077e+11
      82.6  3.094e+11
     86.63  3.116e+11
     90.66  3.127e+11
     94.68  3.141e+11
     98.71   3.15e+11
     102.7   3.16e+11
     106.8  3.172e+11
     110.8  3.179e+11
     114.8  3.186e+11
     118.9  3.194e+11
     122.9  3.204e+11
     126.9  3.212e+11
     130.9   3.22e+11
       135   3.23e+11
       139  3.242e+11
       143  3.251e+11
     147.1  3.258e+11
     151.1  3.264e+11
     155.1  3.272e+11
     159.2  3.281e+11
     163.2  3.288e+11
     167.2  3.297e+11
     171.2  3.304e+11
     175.3  3.309e+11
     179.3  3.315e+11
     183.3  3.324e+11
     187.4   3.33e+11
     191.4  3.335e+11
     195.4  3.349e+11
     199.4  3.367e+11
     203.5  3.373e+11
     207.5  3.377e+11
     211.5  3.378e+11
     215.6  3.384e+11
     219.6   3.39e+11
     223.6  3.393e+11
     227.6  3.395e+11
     231.7  3.397e+11
     235.7  3.402e+11
     239.7  3.405e+11
     243.8  3.407e+11
     247.8   3.41e+11
     251.8  3.413e+11
     255.8  3.414e+11
     259.9  3.416e+11
     263.9  3.417e+11
     267.9  3.417e+11
       272  3.419e+11
       276  3.419e+11
       280  3.419e+11
     284.1  3.419e+11
     288.1  3.419e+11
     292.1  3.419e+11
     296.1  3.419e+11
     300.2  3.419e+11
     304.2  3.419e+11
     308.2  3.419e+11
     312.3  3.419e+11
     316.3  3.419e+11
     320.3  3.419e+11
     324.3  3.419e+11
     328.4  3.419e+11
     332.4  3.419e+11
     336.4  3.419e+11
     340.5  3.419e+11
     344.5  3.419e+11
     348.5  3.419e+11
