     2.015      18.22
     6.044      19.94
     10.07      20.89
      14.1      21.48
     18.13      21.97
     22.16      22.58
     26.19      23.33
     30.22      23.58
     34.25      24.82
     38.28      25.01
     42.31      26.35
     46.33      26.56
     50.36      26.85
     54.39      29.61
     58.42      30.91
     62.45      31.64
     66.48      33.99
     70.51      35.44
     74.54      37.76
     78.57      37.93
      82.6      39.01
     86.63      39.88
     90.66      41.43
     94.68       41.5
     98.71      42.91
     102.7      43.67
     106.8      44.44
     110.8      45.41
     114.8      45.14
     118.9      45.17
     122.9      45.05
     126.9      45.92
     130.9      46.62
       135      46.18
       139      45.95
       143       46.8
     147.1      46.88
     151.1      46.54
     155.1      46.28
     159.2      46.88
     163.2      48.12
     167.2      47.84
     171.2       47.7
     175.3      47.49
     179.3      47.24
     183.3      46.99
     187.4      47.67
     191.4      47.13
     195.4      46.75
     199.4      47.58
     203.5      48.16
     207.5      48.75
     211.5      48.71
     215.6      47.96
     219.6       48.1
     223.6      49.03
     227.6       49.1
     231.7      48.66
     235.7      48.81
     239.7         49
     243.8      49.07
     247.8       49.1
     251.8      49.47
     255.8      49.41
     259.9      49.29
     263.9      49.84
     267.9      49.61
       272      49.41
       276      49.84
       280         50
     284.1         50
     288.1         50
     292.1         50
     296.1         50
     300.2         50
     304.2         50
     308.2         50
     312.3         50
     316.3         50
     320.3         50
     324.3         50
     328.4         50
     332.4         50
     336.4         50
     340.5         50
     344.5         50
     348.5         50
