     2.015      17.94
     6.044      19.68
     10.07      20.66
      14.1      21.26
     18.13      21.76
     22.16      22.37
     26.19      23.13
     30.22      23.37
     34.25      24.64
     38.28      24.84
     42.31      26.18
     46.33       26.4
     50.36      26.69
     54.39      29.45
     58.42      30.67
     62.45      31.49
     66.48      33.79
     70.51      35.28
     74.54      37.49
     78.57      37.78
      82.6      38.92
     86.63      39.77
     90.66      41.27
     94.68      41.43
     98.71      42.83
     102.7      43.62
     106.8       44.4
     110.8      45.38
     114.8      45.07
     118.9       45.1
     122.9      44.96
     126.9      45.77
     130.9      46.45
       135      45.99
       139      45.85
       143      46.69
     147.1      46.82
     151.1      46.47
     155.1      46.15
     159.2      46.82
     163.2      48.02
     167.2      47.77
     171.2      47.49
     175.3      47.24
     179.3      47.06
     183.3      46.82
     187.4      47.59
     191.4         47
     195.4      46.62
     199.4      47.44
     203.5      47.99
     207.5      48.51
     211.5      48.48
     215.6      47.77
     219.6      47.84
     223.6      48.81
     227.6      48.95
     231.7      48.62
     235.7      48.76
     239.7      48.98
     243.8      49.06
     247.8      49.08
     251.8      49.45
     255.8      49.39
     259.9      49.25
     263.9      49.84
     267.9      49.61
       272      49.41
       276      49.84
       280         50
     284.1         50
     288.1         50
     292.1         50
     296.1         50
     300.2         50
     304.2         50
     308.2         50
     312.3         50
     316.3         50
     320.3         50
     324.3         50
     328.4         50
     332.4         50
     336.4         50
     340.5         50
     344.5         50
     348.5         50
