         1  8.469e+09
     3.001  2.944e+10
     5.002  4.436e+10
     7.002  5.887e+10
     9.003  7.028e+10
        11  7.888e+10
        13  8.499e+10
        15  9.099e+10
     17.01  9.627e+10
     19.01  1.005e+11
     21.01  1.044e+11
     23.01   1.07e+11
     25.01  1.094e+11
     27.01  1.116e+11
     29.01  1.137e+11
     31.01  1.161e+11
     33.01   1.18e+11
     35.01  1.195e+11
     37.01  1.212e+11
     39.01  1.226e+11
     41.01   1.24e+11
     43.01  1.259e+11
     45.01  1.275e+11
     47.01  1.294e+11
     49.02  1.323e+11
     51.02  1.384e+11
     53.02  1.594e+11
     55.02  1.674e+11
     57.02   1.72e+11
     59.02  1.787e+11
     61.02   1.87e+11
     63.02  1.921e+11
     65.02   1.96e+11
     67.02  2.073e+11
     69.02  2.235e+11
     71.02  2.309e+11
     73.02  2.343e+11
     75.02  2.365e+11
     77.02  2.388e+11
     79.02  2.408e+11
     81.03  2.422e+11
     83.03  2.433e+11
     85.03  2.445e+11
     87.03  2.453e+11
     89.03   2.46e+11
     91.03  2.466e+11
     93.03  2.476e+11
     95.03  2.487e+11
     97.03  2.514e+11
     99.03  2.553e+11
       101  2.605e+11
       103  2.633e+11
       105  2.657e+11
       107  2.714e+11
       109  2.904e+11
       111  2.976e+11
       113  2.996e+11
       115  3.007e+11
       117  3.017e+11
       119   3.02e+11
       121  3.025e+11
       123  3.028e+11
       125  3.033e+11
       127  3.039e+11
       129  3.045e+11
       131   3.05e+11
       133  3.051e+11
       135  3.053e+11
       137  3.055e+11
       139  3.057e+11
       141  3.059e+11
       143  3.059e+11
       145  3.062e+11
       147  3.066e+11
       149   3.07e+11
       151  3.072e+11
       153  3.078e+11
       155  3.085e+11
       157  3.099e+11
     159.1  3.148e+11
     161.1  3.335e+11
     163.1  3.418e+11
     165.1  3.439e+11
     167.1  3.457e+11
     169.1  3.462e+11
     171.1  3.468e+11
     173.1  3.474e+11
     175.1  3.477e+11
     177.1  3.478e+11
     179.1  3.479e+11
     181.1   3.48e+11
     183.1  3.482e+11
     185.1  3.487e+11
     187.1  3.501e+11
     189.1  3.608e+11
     191.1  3.722e+11
     193.1  3.735e+11
     195.1   3.74e+11
     197.1  3.743e+11
     199.1  3.745e+11
     201.1  3.746e+11
     203.1  3.746e+11
     205.1  3.747e+11
     207.1  3.747e+11
     209.1  3.747e+11
     211.1  3.747e+11
     213.1  3.748e+11
     215.1  3.748e+11
     217.1  3.748e+11
     219.1  3.748e+11
     221.1  3.748e+11
     223.1  3.748e+11
     225.1  3.748e+11
     227.1  3.748e+11
     229.1  3.748e+11
     231.1  3.748e+11
     233.1  3.748e+11
     235.1  3.748e+11
     237.1  3.748e+11
     239.1  3.748e+11
     241.1  3.748e+11
     243.1  3.748e+11
     245.1  3.748e+11
     247.1  3.748e+11
     249.1  3.748e+11
     251.1  3.748e+11
     253.1  3.748e+11
     255.1  3.748e+11
     257.1  3.748e+11
     259.1  3.748e+11
     261.1  3.748e+11
     263.1  3.748e+11
     265.1  3.748e+11
     267.1  3.748e+11
     269.1  3.748e+11
     271.1  3.748e+11
     273.1  3.748e+11
     275.1  3.748e+11
     277.1  3.748e+11
     279.1  3.748e+11
     281.1  3.748e+11
     283.1  3.748e+11
     285.1  3.748e+11
     287.1  3.748e+11
     289.1  3.748e+11
     291.1  3.748e+11
     293.1  3.748e+11
     295.1  3.748e+11
     297.1  3.748e+11
     299.1  3.748e+11
     301.1  3.748e+11
     303.1  3.748e+11
     305.1  3.748e+11
     307.1  3.748e+11
     309.1  3.748e+11
     311.1  3.748e+11
     313.1  3.748e+11
     315.1  3.748e+11
     317.1  3.748e+11
     319.1  3.748e+11
     321.1  3.748e+11
     323.1  3.748e+11
     325.1  3.748e+11
     327.1  3.748e+11
     329.1  3.748e+11
     331.1  3.748e+11
     333.1  3.748e+11
     335.1  3.748e+11
     337.1  3.748e+11
     339.1  3.748e+11
     341.1  3.748e+11
     343.1  3.748e+11
     345.1  3.748e+11
     347.1  3.748e+11
     349.1  3.748e+11
     351.1  3.748e+11
