         1      18.29
     3.001      19.38
     5.002      19.98
     7.002      20.36
     9.003      21.08
        11      21.69
        13      22.04
        15      22.28
     17.01      22.68
     19.01      23.05
     21.01      23.49
     23.01      23.87
     25.01      24.39
     27.01      25.19
     29.01      25.61
     31.01      25.99
     33.01      27.46
     35.01      29.44
     37.01       31.3
     39.01      32.22
     41.01      31.47
     43.01      33.31
     45.01      34.11
     47.01      35.25
     49.02      35.96
     51.02      35.31
     53.02      34.78
     55.02      34.41
     57.02       34.6
     59.02      35.02
     61.02      36.48
     63.02      36.14
     65.02      36.35
     67.02      37.32
     69.02      38.05
     71.02      39.32
     73.02      39.52
     75.02      39.83
     77.02       40.1
     79.02      41.14
     81.03      41.81
     83.03      42.84
     85.03      43.04
     87.03      44.35
     89.03      45.46
     91.03      45.18
     93.03         45
     95.03      45.28
     97.03      45.58
     99.03      46.17
       101      46.07
       103      46.19
       105      46.62
       107       46.6
       109      46.56
       111      46.61
       113      46.96
       115      47.08
       117      47.44
       119      47.85
       121      47.89
       123      48.08
       125      47.47
       127      47.65
       129      47.92
       131      48.17
       133      48.23
       135      48.14
       137      48.03
       139      48.25
       141      48.53
       143       48.2
       145      48.44
       147      48.25
       149       48.6
       151      48.59
       153      48.76
       155      48.89
       157      48.73
     159.1      48.35
     161.1      48.26
     163.1      48.29
     165.1      48.47
     167.1      48.39
     169.1      48.39
     171.1      48.35
     173.1      48.33
     175.1      48.38
     177.1      48.62
     179.1      48.64
     181.1       48.8
     183.1      48.92
     185.1      48.82
     187.1      48.57
     189.1      48.75
     191.1      49.02
     193.1         49
     195.1      49.05
     197.1      49.11
     199.1      49.33
     201.1      49.52
     203.1      49.66
     205.1      49.72
     207.1      49.91
     209.1      49.79
     211.1      49.64
     213.1      49.63
     215.1      49.79
     217.1      49.98
     219.1         50
     221.1         50
     223.1         50
     225.1         50
     227.1         50
     229.1         50
     231.1         50
     233.1         50
     235.1         50
     237.1         50
     239.1         50
     241.1         50
     243.1         50
     245.1         50
     247.1         50
     249.1         50
     251.1         50
     253.1         50
     255.1         50
     257.1         50
     259.1         50
     261.1         50
     263.1         50
     265.1         50
     267.1         50
     269.1         50
     271.1         50
     273.1         50
     275.1         50
     277.1         50
     279.1         50
     281.1         50
     283.1         50
     285.1         50
     287.1         50
     289.1         50
     291.1         50
     293.1         50
     295.1         50
     297.1         50
     299.1         50
     301.1         50
     303.1         50
     305.1         50
     307.1         50
     309.1         50
     311.1         50
     313.1         50
     315.1         50
     317.1         50
     319.1         50
     321.1         50
     323.1         50
     325.1         50
     327.1         50
     329.1         50
     331.1         50
     333.1         50
     335.1         50
     337.1         50
     339.1         50
     341.1         50
     343.1         50
     345.1         50
     347.1         50
     349.1         50
