     2.001  3.122e+10
     6.002  1.033e+11
        10  2.091e+11
        14  2.732e+11
     18.01  3.192e+11
     22.01  3.701e+11
     26.01  4.144e+11
     30.01   4.62e+11
     34.01  5.365e+11
     38.01  5.861e+11
     42.01  6.209e+11
     46.02  6.548e+11
     50.02  6.878e+11
     54.02   7.16e+11
     58.02  7.451e+11
     62.02  7.666e+11
     66.02  7.874e+11
     70.02  8.087e+11
     74.03   8.29e+11
     78.03  8.503e+11
     82.03  8.729e+11
     86.03  9.071e+11
     90.03  9.583e+11
     94.03  9.911e+11
     98.03  1.028e+12
       102  1.096e+12
       106  1.178e+12
       110  1.219e+12
       114  1.269e+12
       118  1.343e+12
       122  1.372e+12
       126  1.413e+12
       130  1.448e+12
       134  1.466e+12
       138   1.48e+12
     142.1  1.495e+12
     146.1  1.509e+12
     150.1  1.523e+12
     154.1  1.544e+12
     158.1  1.573e+12
     162.1  1.589e+12
     166.1  1.602e+12
     170.1  1.618e+12
     174.1  1.626e+12
     178.1  1.632e+12
     182.1  1.638e+12
     186.1  1.644e+12
     190.1   1.65e+12
     194.1  1.657e+12
     198.1  1.666e+12
     202.1  1.683e+12
     206.1  1.712e+12
     210.1  1.738e+12
     214.1  1.789e+12
     218.1  1.804e+12
     222.1  1.814e+12
     226.1  1.819e+12
     230.1  1.825e+12
     234.1  1.829e+12
     238.1  1.835e+12
     242.1  1.841e+12
     246.1  1.847e+12
     250.1  1.859e+12
     254.1  1.865e+12
     258.1  1.871e+12
     262.1  1.875e+12
     266.1  1.879e+12
     270.1  1.884e+12
     274.1  1.887e+12
     278.1   1.89e+12
     282.1  1.893e+12
     286.1  1.895e+12
     290.1  1.897e+12
     294.1  1.898e+12
     298.1    1.9e+12
     302.1  1.904e+12
     306.1  1.905e+12
     310.1  1.907e+12
     314.1  1.908e+12
     318.1  1.909e+12
     322.1   1.91e+12
     326.1  1.911e+12
     330.1  1.911e+12
     334.1  1.912e+12
     338.1  1.912e+12
     342.1  1.913e+12
     346.1  1.913e+12
     350.1  1.913e+12
