     2.001       18.4
     6.002      19.25
        10      19.75
        14      20.48
     18.01       20.8
     22.01         21
     26.01      21.16
     30.01      21.36
     34.01      21.61
     38.01      21.94
     42.01      22.45
     46.02      22.69
     50.02      22.59
     54.02      23.05
     58.02      23.06
     62.02      23.47
     66.02       23.8
     70.02      23.68
     74.03      24.19
     78.03      24.59
     82.03      25.05
     86.03      26.31
     90.03      27.06
     94.03      27.98
     98.03      29.07
       102      28.96
       106      30.66
       110       31.2
       114      31.16
       118      31.66
       122      32.06
       126      33.68
       130       33.6
       134      33.78
       138      33.81
     142.1      35.48
     146.1      36.86
     150.1      36.97
     154.1      36.76
     158.1      37.05
     162.1      38.52
     166.1      38.41
     170.1      37.87
     174.1      37.92
     178.1      38.65
     182.1      39.07
     186.1      39.18
     190.1      37.79
     194.1      37.65
     198.1      37.59
     202.1      37.25
     206.1         37
     210.1      37.85
     214.1       38.7
     218.1      39.32
     222.1      39.94
     226.1      40.84
     230.1       42.1
     234.1       42.1
     238.1      41.77
     242.1       41.9
     246.1      42.31
     250.1       41.6
     254.1      39.84
     258.1      39.09
     262.1      39.21
     266.1      39.57
     270.1      39.66
     274.1       39.3
     278.1      40.56
     282.1      40.49
     286.1      39.99
     290.1      40.72
     294.1      40.45
     298.1      39.46
     302.1      39.64
     306.1      41.61
     310.1      40.88
     314.1      40.77
     318.1      40.74
     322.1      39.97
     326.1       40.9
     330.1       40.2
     334.1      41.29
     338.1      40.33
     342.1      38.36
     346.1      39.54
     350.1      44.13
