     2.001       18.7
     6.002      19.52
        10         20
        14      20.71
     18.01      21.01
     22.01      21.19
     26.01      21.33
     30.01      21.55
     34.01       21.8
     38.01      22.12
     42.01      22.64
     46.02      22.88
     50.02      22.79
     54.02      23.24
     58.02      23.26
     62.02      23.65
     66.02      23.98
     70.02      23.88
     74.03      24.38
     78.03      24.78
     82.03      25.23
     86.03      26.46
     90.03      27.22
     94.03      28.14
     98.03      29.22
       102      29.35
       106      31.04
       110      31.45
       114      31.48
       118      32.05
       122      32.25
       126       33.8
       130      33.74
       134      33.97
       138      34.02
     142.1      35.63
     146.1      37.05
     150.1      37.08
     154.1      36.85
     158.1      37.14
     162.1       38.6
     166.1      38.49
     170.1      37.98
     174.1      38.11
     178.1       38.8
     182.1      39.19
     186.1       39.3
     190.1      37.97
     194.1      37.83
     198.1      37.76
     202.1       37.4
     206.1      37.23
     210.1      38.02
     214.1      38.92
     218.1      39.52
     222.1      40.07
     226.1      40.91
     230.1      42.19
     234.1      42.22
     238.1      41.89
     242.1         42
     246.1      42.38
     250.1       41.7
     254.1      39.98
     258.1      39.26
     262.1       39.4
     266.1      39.83
     270.1      39.93
     274.1       39.4
     278.1      40.62
     282.1      40.57
     286.1      40.08
     290.1      40.79
     294.1      40.52
     298.1      39.56
     302.1      39.75
     306.1      41.71
     310.1      40.96
     314.1      40.86
     318.1      40.83
     322.1      40.06
     326.1      40.99
     330.1      40.31
     334.1      41.38
     338.1      40.42
     342.1      38.47
     346.1      39.64
     350.1      44.17
