     2.001      18.42
     6.002      19.29
        10      19.81
        14      20.56
     18.01      20.89
     22.01      21.09
     26.01      21.27
     30.01      21.47
     34.01      21.71
     38.01      22.04
     42.01      22.55
     46.02       22.8
     50.02      22.69
     54.02      23.15
     58.02      23.17
     62.02      23.58
     66.02       23.9
     70.02      23.79
     74.03       24.3
     78.03       24.7
     82.03      25.16
     86.03      26.42
     90.03      27.18
     94.03       28.1
     98.03      29.18
       102      29.13
       106      30.82
       110      31.34
       114      31.34
       118       31.9
       122       32.2
       126      33.78
       130       33.7
       134      33.89
       138      33.94
     142.1      35.58
     146.1      36.98
     150.1      37.05
     154.1      36.83
     158.1      37.12
     162.1      38.57
     166.1      38.47
     170.1      37.96
     174.1      38.06
     178.1      38.75
     182.1      39.16
     186.1      39.27
     190.1      37.91
     194.1      37.76
     198.1      37.71
     202.1      37.35
     206.1      37.14
     210.1      37.95
     214.1      38.81
     218.1      39.43
     222.1      40.03
     226.1      40.89
     230.1      42.16
     234.1      42.18
     238.1      41.85
     242.1      41.99
     246.1      42.38
     250.1       41.7
     254.1      39.96
     258.1       39.2
     262.1      39.31
     266.1       39.7
     270.1      39.82
     274.1      39.37
     278.1       40.6
     282.1      40.53
     286.1      40.03
     290.1      40.77
     294.1      40.49
     298.1      39.52
     302.1      39.69
     306.1      41.66
     310.1      40.91
     314.1      40.81
     318.1      40.77
     322.1         40
     326.1      40.93
     330.1      40.23
     334.1      41.31
     338.1      40.37
     342.1      38.39
     346.1      39.56
     350.1      44.16
