     2.002  8.096e+10
     6.007  1.407e+11
     10.01  1.518e+11
     14.02  1.589e+11
     18.02  1.616e+11
     22.03  1.619e+11
     26.03  1.622e+11
     30.03  1.624e+11
     34.04  1.624e+11
     38.04  1.624e+11
     42.05  1.624e+11
     46.05  1.624e+11
     50.06  1.624e+11
     54.06  1.624e+11
     58.07  1.624e+11
     62.07  1.624e+11
     66.08  1.624e+11
     70.08  1.624e+11
     74.09  1.624e+11
     78.09  1.624e+11
      82.1  1.624e+11
      86.1  1.624e+11
      90.1  1.624e+11
     94.11  1.624e+11
     98.11  1.624e+11
     102.1  1.624e+11
     106.1  1.624e+11
     110.1  1.624e+11
     114.1  1.624e+11
     118.1  1.624e+11
     122.1  1.624e+11
     126.1  1.624e+11
     130.2  1.624e+11
     134.2  1.624e+11
     138.2  1.624e+11
     142.2  1.624e+11
     146.2  1.624e+11
     150.2  1.624e+11
     154.2  1.624e+11
     158.2  1.624e+11
     162.2  1.624e+11
     166.2  1.624e+11
     170.2  1.624e+11
     174.2  1.624e+11
     178.2  1.624e+11
     182.2  1.624e+11
     186.2  1.624e+11
     190.2  1.624e+11
     194.2  1.624e+11
     198.2  1.624e+11
     202.2  1.624e+11
     206.2  1.624e+11
     210.2  1.624e+11
     214.2  1.624e+11
     218.3  1.624e+11
     222.3  1.624e+11
     226.3  1.624e+11
     230.3  1.624e+11
     234.3  1.624e+11
     238.3  1.624e+11
     242.3  1.624e+11
     246.3  1.624e+11
     250.3  1.624e+11
     254.3  1.624e+11
     258.3  1.624e+11
     262.3  1.624e+11
     266.3  1.624e+11
     270.3  1.624e+11
