     1.001      17.34
     3.003      19.47
     5.006      21.16
     7.008      22.31
      9.01      22.92
     11.01      23.26
     13.02      23.84
     15.02      25.07
     17.02      30.44
     19.02      38.59
     21.02      42.99
     23.03      44.77
     25.03      45.01
     27.03      46.32
     29.03       48.4
     31.04      49.32
     33.04      49.38
     35.04      49.64
     37.04         50
     39.05         50
     41.05         50
     43.05         50
     45.05         50
     47.05         50
     49.06         50
     51.06         50
     53.06         50
     55.06         50
     57.07         50
     59.07         50
     61.07         50
     63.07         50
     65.08         50
     67.08         50
     69.08         50
     71.08         50
     73.08         50
     75.09         50
     77.09         50
     79.09         50
     81.09         50
      83.1         50
      85.1         50
      87.1         50
      89.1         50
     91.11         50
     93.11         50
     95.11         50
     97.11         50
     99.12         50
     101.1         50
     103.1         50
     105.1         50
     107.1         50
     109.1         50
     111.1         50
     113.1         50
     115.1         50
     117.1         50
     119.1         50
     121.1         50
     123.1         50
     125.1         50
     127.1         50
     129.2         50
     131.2         50
     133.2         50
     135.2         50
     137.2         50
     139.2         50
     141.2         50
     143.2         50
     145.2         50
     147.2         50
     149.2         50
     151.2         50
     153.2         50
     155.2         50
     157.2         50
     159.2         50
     161.2         50
     163.2         50
     165.2         50
     167.2         50
     169.2         50
     171.2         50
     173.2         50
     175.2         50
     177.2         50
     179.2         50
     181.2         50
     183.2         50
     185.2         50
     187.2         50
     189.2         50
     191.2         50
     193.2         50
     195.2         50
     197.2         50
     199.2         50
     201.2         50
     203.2         50
     205.2         50
     207.2         50
     209.2         50
     211.2         50
     213.2         50
     215.3         50
     217.3         50
     219.3         50
     221.3         50
     223.3         50
     225.3         50
     227.3         50
     229.3         50
     231.3         50
     233.3         50
     235.3         50
     237.3         50
     239.3         50
     241.3         50
     243.3         50
     245.3         50
     247.3         50
     249.3         50
     251.3         50
     253.3         50
     255.3         50
     257.3         50
     259.3         50
     261.3         50
     263.3         50
     265.3         50
     267.3         50
     269.3         50
     271.3         50
