     2.001  3.059e+10
     6.002  1.044e+11
        10  2.134e+11
        14  3.243e+11
        18  4.363e+11
     22.01  5.466e+11
     26.01  6.594e+11
     30.01  7.636e+11
     34.01  8.654e+11
     38.01   9.67e+11
     42.01  1.076e+12
     46.01  1.175e+12
     50.01  1.266e+12
     54.01  1.353e+12
     58.02  1.441e+12
     62.02  1.524e+12
     66.02  1.608e+12
     70.02   1.69e+12
     74.02  1.772e+12
     78.02  1.862e+12
     82.02  1.942e+12
     86.02  2.021e+12
     90.02  2.101e+12
     94.03  2.173e+12
     98.03  2.248e+12
       102  2.328e+12
       106  2.414e+12
       110  2.498e+12
       114  2.578e+12
       118  2.646e+12
       122  2.722e+12
       126  2.817e+12
       130  2.897e+12
       134  2.965e+12
       138  3.024e+12
       142  3.087e+12
       146  3.158e+12
       150  3.225e+12
       154  3.285e+12
       158  3.344e+12
       162  3.395e+12
       166  3.452e+12
       170  3.515e+12
       174  3.575e+12
       178  3.642e+12
     182.1  3.698e+12
     186.1  3.748e+12
     190.1  3.796e+12
     194.1  3.843e+12
     198.1  3.894e+12
     202.1  3.966e+12
     206.1  4.031e+12
     210.1  4.093e+12
     214.1  4.142e+12
     218.1  4.183e+12
     222.1   4.23e+12
     226.1  4.285e+12
     230.1   4.34e+12
     234.1  4.382e+12
     238.1  4.427e+12
     242.1  4.484e+12
     246.1  4.531e+12
     250.1  4.575e+12
     254.1  4.608e+12
     258.1  4.639e+12
     262.1  4.667e+12
     266.1  4.682e+12
     270.1  4.695e+12
     274.1  4.706e+12
     278.1  4.716e+12
     282.1  4.731e+12
     286.1   4.75e+12
     290.1  4.759e+12
     294.1  4.766e+12
     298.1  4.771e+12
     302.1  4.776e+12
     306.1   4.78e+12
     310.1  4.784e+12
     314.1  4.787e+12
     318.1   4.79e+12
     322.1  4.792e+12
     326.1  4.795e+12
     330.1  4.797e+12
     334.1  4.798e+12
     338.1  4.806e+12
     342.1  4.823e+12
     346.1  4.826e+12
     350.1  4.827e+12
