         1      14.49
     3.001      20.29
     5.001       20.3
     7.002      20.48
     9.002      20.71
        11      20.94
        13      20.89
        15       21.2
        17       21.3
     19.01      21.58
     21.01      21.57
     23.01      21.57
     25.01      21.75
     27.01      21.98
     29.01      22.01
     31.01      22.08
     33.01      22.21
     35.01      22.29
     37.01       22.3
     39.01      22.37
     41.01      22.42
     43.01      22.46
     45.01      22.53
     47.01      22.61
     49.01      22.69
     51.01      22.76
     53.01      22.85
     55.02      22.97
     57.02      23.03
     59.02      23.09
     61.02       23.1
     63.02      23.13
     65.02      23.18
     67.02      23.24
     69.02      23.24
     71.02      23.27
     73.02      23.35
     75.02      23.42
     77.02      23.48
     79.02      23.55
     81.02      23.57
     83.02      23.55
     85.02      23.58
     87.02      23.65
     89.02      23.66
     91.03      23.76
     93.03      23.75
     95.03       23.8
     97.03      23.86
     99.03      23.89
       101      23.96
       103      23.93
       105      23.97
       107      24.02
       109      24.11
       111       24.1
       113      24.16
       115       24.2
       117      24.25
       119      24.31
       121      24.38
       123      24.35
       125      24.38
       127      24.43
       129      24.57
       131      24.51
       133      24.57
       135      24.65
       137      24.77
       139      24.74
       141      24.75
       143      24.71
       145      24.74
       147      24.79
       149      24.82
       151      25.03
       153      25.08
       155       25.1
       157      25.09
       159      25.22
       161      25.22
       163      25.33
       165      25.38
       167      25.38
       169      25.29
       171      25.36
       173      25.42
       175      25.36
       177      25.38
       179      25.45
       181      25.62
     183.1      25.55
     185.1      25.72
     187.1      25.82
     189.1      25.92
     191.1      25.82
     193.1      25.82
     195.1      25.91
     197.1      25.86
     199.1      25.77
     201.1      25.71
     203.1      25.89
     205.1      26.11
     207.1      25.97
     209.1      25.96
     211.1      25.75
     213.1      25.85
     215.1         26
     217.1      26.09
     219.1      26.08
     221.1      26.31
     223.1      26.17
     225.1      26.15
     227.1       26.3
     229.1      26.32
     231.1      26.33
     233.1      26.52
     235.1      26.62
     237.1      26.79
     239.1      26.59
     241.1      26.75
     243.1      26.65
     245.1      26.84
     247.1      27.04
     249.1      27.32
     251.1      27.42
     253.1      27.59
     255.1      27.73
     257.1      27.51
     259.1      27.52
     261.1      27.71
     263.1      27.66
     265.1      27.78
     267.1      27.93
     269.1      27.82
     271.1      27.83
     273.1      27.41
     275.1      27.44
     277.1       27.3
     279.1      27.51
     281.1      27.78
     283.1      28.35
     285.1      28.33
     287.1      29.04
     289.1      28.64
     291.1      28.32
     293.1      28.19
     295.1      28.67
     297.1      28.98
     299.1      29.16
     301.1      28.83
     303.1      28.47
     305.1      28.82
     307.1      28.48
     309.1      28.87
     311.1       29.3
     313.1         30
     315.1      28.62
     317.1       29.6
     319.1      31.08
     321.1      28.99
     323.1      29.39
     325.1       28.9
     327.1      29.14
     329.1      30.81
     331.1       31.7
     333.1      31.68
     335.1       32.5
     337.1      30.64
     339.1      31.11
     341.1      29.03
     343.1      31.35
     345.1      32.33
     347.1      35.25
     349.1      36.49
     351.1      38.02
