     2.003  2.428e+10
     6.008  7.249e+10
     10.01  9.422e+10
     14.02  1.082e+11
     18.02  1.162e+11
     22.03  1.249e+11
     26.03  1.313e+11
     30.04  1.394e+11
     34.04  1.472e+11
     38.05  1.535e+11
     42.05  1.589e+11
     46.06  1.637e+11
     50.06   1.68e+11
     54.07  1.716e+11
     58.07  1.759e+11
     62.08  1.821e+11
     66.08  1.855e+11
     70.09  1.891e+11
     74.09  1.923e+11
      78.1   1.94e+11
      82.1  1.952e+11
     86.11  1.963e+11
     90.11   1.97e+11
     94.12  1.977e+11
     98.12  1.986e+11
     102.1  1.992e+11
     106.1  1.998e+11
     110.1  2.006e+11
     114.1  2.012e+11
     118.1  2.018e+11
     122.2  2.021e+11
     126.2  2.027e+11
     130.2   2.03e+11
     134.2  2.032e+11
     138.2  2.035e+11
     142.2  2.036e+11
     146.2  2.037e+11
     150.2  2.037e+11
     154.2  2.038e+11
     158.2  2.039e+11
     162.2  2.039e+11
     166.2   2.04e+11
     170.2  2.043e+11
     174.2  2.045e+11
     178.2  2.053e+11
     182.2  2.094e+11
     186.2    2.1e+11
     190.2  2.103e+11
     194.2  2.106e+11
     198.3  2.107e+11
     202.3  2.107e+11
     206.3  2.107e+11
     210.3  2.107e+11
     214.3  2.107e+11
     218.3  2.107e+11
     222.3  2.107e+11
     226.3  2.107e+11
     230.3  2.107e+11
     234.3  2.107e+11
     238.3  2.108e+11
     242.3  2.108e+11
     246.3  2.108e+11
     250.3  2.108e+11
     254.3  2.108e+11
     258.3  2.108e+11
     262.3  2.108e+11
     266.3  2.108e+11
     270.3  2.108e+11
     274.3  2.108e+11
     278.4  2.108e+11
     282.4  2.108e+11
     286.4  2.108e+11
     290.4  2.108e+11
     294.4  2.108e+11
