     2.003      18.95
     6.008       20.7
     10.01      21.96
     14.02      22.83
     18.02      23.57
     22.03      24.27
     26.03      25.03
     30.04      25.26
     34.04      26.08
     38.05      27.12
     42.05      26.51
     46.06      28.85
     50.06      33.04
     54.07      33.06
     58.07      32.93
     62.08      34.96
     66.08       35.8
     70.09      35.12
     74.09      39.06
      78.1      42.67
      82.1      42.97
     86.11      43.06
     90.11      45.56
     94.12      44.98
     98.12      45.16
     102.1      46.27
     106.1      45.57
     110.1      46.67
     114.1      46.77
     118.1      47.31
     122.2      47.78
     126.2      47.64
     130.2      48.78
     134.2      48.31
     138.2      49.09
     142.2      49.46
     146.2      49.52
     150.2      49.88
     154.2       49.6
     158.2      49.78
     162.2      49.64
     166.2      49.51
     170.2       49.5
     174.2      49.33
     178.2      49.29
     182.2      49.25
     186.2      49.15
     190.2      49.37
     194.2      49.61
     198.3      49.64
     202.3      49.85
     206.3      49.99
     210.3         50
     214.3         50
     218.3         50
     222.3         50
     226.3         50
     230.3         50
     234.3       49.9
     238.3      49.73
     242.3         50
     246.3         50
     250.3         50
     254.3      49.72
     258.3      49.75
     262.3         50
     266.3         50
     270.3         50
     274.3         50
     278.4         50
     282.4         50
     286.4         50
     290.4         50
     294.4         50
