         2      18.37
         6      19.58
        10      20.12
        14      20.78
        18       21.3
        22      21.85
        26      22.21
        30      22.41
        34      22.56
        38      22.49
        42      22.71
        46      23.26
        50      23.34
        54      23.38
        58       23.4
        62      23.43
        66      24.17
     70.01       24.7
     74.01       25.2
     78.01      25.59
     82.01      26.66
     86.01      27.67
     90.01       27.7
     94.01      28.04
     98.01      28.47
       102      30.46
       106       31.4
       110      31.78
       114      32.37
       118      34.55
       122      35.11
       126      36.98
       130      38.51
       134      38.23
       138      38.08
       142      37.06
       146      37.01
       150      38.52
       154      39.97
       158      40.43
       162      41.08
       166      42.13
       170       42.1
       174      42.98
       178      43.65
       182      43.45
       186      43.49
       190      43.69
       194      43.69
       198      44.61
       202       46.1
       206      45.86
       210      46.73
       214      47.38
       218      46.66
       222      47.32
       226      47.61
       230      47.16
       234       47.8
       238      48.06
       242      48.21
       246      48.25
       250      48.77
       254      48.79
       258      48.71
       262      48.83
       266      49.21
       270      49.39
       274      49.34
       278      48.75
       282      48.78
       286      48.48
       290      48.55
       294      48.94
       298      49.04
       302      49.09
       306      49.44
       310      49.18
       314      49.05
       318       48.4
       322      48.14
       326      49.65
       330      49.35
       334      49.88
       338         50
       342         50
       346         50
       350         50
