         1  2.088e+10
         3  7.932e+10
         5  1.466e+11
     7.001  2.233e+11
     9.001  2.678e+11
        11  2.977e+11
        13  3.177e+11
        15  3.362e+11
        17   3.57e+11
        19  3.833e+11
        21  3.999e+11
        23  4.124e+11
        25  4.236e+11
        27  4.354e+11
        29  4.479e+11
        31  4.599e+11
        33  4.732e+11
        35  4.904e+11
        37  5.036e+11
        39  5.195e+11
        41  5.501e+11
        43   6.12e+11
        45  6.352e+11
        47  6.545e+11
        49  6.785e+11
        51  7.222e+11
        53   7.61e+11
        55   7.77e+11
        57  7.891e+11
        59  7.996e+11
        61  8.079e+11
        63  8.182e+11
        65  8.303e+11
     67.01  8.514e+11
     69.01   8.65e+11
     71.01  8.763e+11
     73.01   8.89e+11
     75.01  9.009e+11
     77.01  9.268e+11
     79.01  9.437e+11
     81.01  9.518e+11
     83.01  9.579e+11
     85.01  9.631e+11
     87.01  9.694e+11
     89.01   9.75e+11
     91.01  9.796e+11
     93.01  9.854e+11
     95.01  9.932e+11
     97.01  9.998e+11
     99.01  1.006e+12
       101  1.015e+12
       103  1.048e+12
       105  1.077e+12
       107  1.089e+12
       109  1.104e+12
       111  1.124e+12
       113  1.145e+12
       115  1.156e+12
       117  1.172e+12
       119  1.186e+12
       121  1.193e+12
       123  1.201e+12
       125  1.219e+12
       127  1.239e+12
       129  1.246e+12
       131   1.25e+12
       133  1.255e+12
       135  1.259e+12
       137  1.262e+12
       139  1.265e+12
       141  1.268e+12
       143  1.271e+12
       145  1.274e+12
       147  1.278e+12
       149  1.281e+12
       151  1.287e+12
       153  1.294e+12
       155  1.297e+12
       157  1.299e+12
       159  1.301e+12
       161  1.303e+12
       163  1.304e+12
       165  1.306e+12
       167  1.307e+12
       169  1.309e+12
       171  1.309e+12
       173   1.31e+12
       175  1.312e+12
       177  1.314e+12
       179  1.315e+12
       181  1.323e+12
       183  1.344e+12
       185  1.348e+12
       187   1.35e+12
       189  1.351e+12
       191  1.352e+12
       193  1.353e+12
       195  1.354e+12
       197  1.355e+12
       199  1.357e+12
       201  1.357e+12
       203  1.358e+12
       205  1.359e+12
       207  1.359e+12
       209   1.36e+12
       211   1.36e+12
       213  1.361e+12
       215  1.362e+12
       217  1.363e+12
       219  1.364e+12
       221  1.365e+12
       223  1.365e+12
       225  1.366e+12
       227  1.367e+12
       229  1.368e+12
       231   1.37e+12
       233  1.378e+12
       235  1.398e+12
       237  1.404e+12
       239  1.409e+12
       241  1.411e+12
       243  1.415e+12
       245  1.439e+12
       247  1.446e+12
       249  1.447e+12
       251  1.448e+12
       253  1.449e+12
       255   1.45e+12
       257  1.451e+12
       259  1.451e+12
       261  1.452e+12
       263  1.452e+12
       265  1.453e+12
       267  1.453e+12
       269  1.453e+12
       271  1.453e+12
       273  1.453e+12
       275  1.454e+12
       277  1.454e+12
       279  1.454e+12
       281  1.454e+12
       283  1.454e+12
       285  1.454e+12
       287  1.454e+12
       289  1.454e+12
       291  1.454e+12
       293  1.454e+12
       295  1.454e+12
       297  1.455e+12
       299  1.455e+12
       301  1.455e+12
       303  1.455e+12
       305  1.455e+12
       307  1.455e+12
       309  1.455e+12
       311  1.455e+12
       313  1.455e+12
       315  1.455e+12
       317  1.455e+12
       319  1.455e+12
       321  1.455e+12
       323  1.455e+12
       325  1.455e+12
       327  1.455e+12
       329  1.455e+12
       331  1.455e+12
       333  1.455e+12
       335  1.455e+12
       337  1.455e+12
       339  1.455e+12
       341  1.455e+12
       343  1.455e+12
       345  1.455e+12
       347  1.455e+12
       349  1.455e+12
       351  1.455e+12
