         2      18.04
         6      19.17
        10      20.23
        14      20.82
        18      21.03
        22      21.38
        26      21.71
        30      21.86
        34      21.86
        38      22.11
        42      22.27
        46      22.58
        50      22.67
        54      22.94
        58       23.3
        62       23.4
        66      23.74
     70.01      23.96
     74.01      23.98
     78.01       24.1
     82.01      25.13
     86.01      24.97
     90.01      25.84
     94.01      25.79
     98.01      26.58
       102      27.77
       106      28.05
       110      28.47
       114      29.14
       118      28.25
       122      29.75
       126      31.64
       130      32.06
       134      32.26
       138      34.93
       142      34.69
       146      35.19
       150      36.68
       154      37.41
       158       37.5
       162      39.18
       166       40.9
       170      41.41
       174      41.97
       178      43.56
       182      44.55
       186      44.31
       190      44.86
       194      44.19
       198      43.81
       202       44.6
       206       45.3
       210      45.68
       214      45.42
       218      44.78
       222      45.86
       226      46.22
       230      47.23
       234      45.81
       238      45.38
       242      45.65
       246      46.27
       250      46.27
       254      45.19
       258      46.06
       262       47.4
       266      47.12
       270      47.74
       274      47.98
       278       48.6
       282      48.46
       286      47.75
       290      48.05
       294      48.56
       298      48.92
       302      49.11
       306      48.36
       310      47.92
       314      48.74
       318      49.52
       322      48.77
       326      49.61
       330      48.49
       334      47.38
       338      47.74
       342      47.92
       346         50
       350         50
