     2.001  3.846e+10
     6.002    1.3e+11
        10  2.439e+11
        14  3.577e+11
        18   4.67e+11
     22.01  5.767e+11
     26.01  6.801e+11
     30.01  7.837e+11
     34.01  8.864e+11
     38.01  9.858e+11
     42.01  1.083e+12
     46.01  1.174e+12
     50.01  1.268e+12
     54.01   1.36e+12
     58.02  1.448e+12
     62.02  1.538e+12
     66.02   1.64e+12
     70.02  1.729e+12
     74.02   1.82e+12
     78.02   1.92e+12
     82.02  2.013e+12
     86.02  2.113e+12
     90.02  2.218e+12
     94.03  2.322e+12
     98.03  2.412e+12
       102  2.487e+12
       106  2.572e+12
       110  2.667e+12
       114  2.753e+12
       118  2.823e+12
       122  2.899e+12
       126  2.975e+12
       130  3.066e+12
       134  3.168e+12
       138  3.263e+12
       142  3.348e+12
       146  3.431e+12
       150  3.498e+12
       154  3.563e+12
       158  3.629e+12
       162  3.695e+12
       166  3.774e+12
       170  3.853e+12
       174  3.925e+12
       178  3.986e+12
     182.1  4.049e+12
     186.1  4.114e+12
     190.1  4.181e+12
     194.1  4.249e+12
     198.1  4.315e+12
     202.1  4.377e+12
     206.1  4.457e+12
     210.1   4.56e+12
     214.1  4.645e+12
     218.1   4.72e+12
     222.1  4.799e+12
     226.1  4.869e+12
     230.1  4.942e+12
     234.1  5.001e+12
     238.1  5.065e+12
     242.1  5.136e+12
     246.1  5.188e+12
     250.1   5.24e+12
     254.1  5.285e+12
     258.1  5.319e+12
     262.1  5.344e+12
     266.1  5.365e+12
     270.1  5.386e+12
     274.1  5.406e+12
     278.1  5.435e+12
     282.1  5.457e+12
     286.1  5.476e+12
     290.1  5.497e+12
     294.1  5.519e+12
     298.1  5.534e+12
     302.1  5.549e+12
     306.1  5.562e+12
     310.1  5.574e+12
     314.1  5.579e+12
     318.1  5.583e+12
     322.1  5.586e+12
     326.1  5.588e+12
     330.1  5.591e+12
     334.1  5.592e+12
     338.1  5.594e+12
     342.1  5.595e+12
     346.1  5.595e+12
     350.1  5.596e+12
