     1.002      17.22
     3.005      18.72
     5.008      19.64
     7.011      20.19
     9.014      20.64
     11.02       20.9
     13.02      21.09
     15.02      21.46
     17.03      21.76
     19.03         22
     21.03      22.24
     23.04      22.67
     25.04      23.02
     27.04      23.45
     29.04      23.57
     31.05      23.33
     33.05      24.29
     35.05      24.86
     37.06      24.57
     39.06      25.34
     41.06      25.49
     43.07      26.95
     45.07      27.11
     47.07      26.12
     49.07      25.82
     51.08      27.33
     53.08      29.44
     55.08      29.87
     57.09      30.06
     59.09      30.94
     61.09      31.44
      63.1      32.04
      65.1      33.36
      67.1      34.34
     69.11      34.88
     71.11      35.64
     73.11      36.62
     75.11      38.24
     77.12      37.81
     79.12      38.27
     81.12      38.23
     83.13      38.89
     85.13      39.23
     87.13       40.4
     89.14      41.41
     91.14      41.33
     93.14      41.38
     95.14      41.83
     97.15      41.94
     99.15      43.15
     101.2      43.73
     103.2      43.96
     105.2      43.73
     107.2      44.83
     109.2      44.74
     111.2      45.55
     113.2      45.21
     115.2       45.1
     117.2       45.3
     119.2      44.94
     121.2      44.96
     123.2      45.52
     125.2       45.8
     127.2      45.55
     129.2       46.1
     131.2       46.4
     133.2      46.53
     135.2      46.22
     137.2      46.22
     139.2      45.83
     141.2       46.2
     143.2      46.95
     145.2      47.24
     147.2      46.91
     149.2       46.6
     151.2      46.52
     153.2      46.38
     155.2      46.13
     157.2      46.34
     159.2      46.59
     161.2      48.04
     163.2       48.1
     165.3      48.09
     167.3      47.63
     169.3      47.64
     171.3      47.66
     173.3      47.74
     175.3      47.54
     177.3      47.39
     179.3      47.07
     181.3      47.05
     183.3      46.63
     185.3      47.58
     187.3      47.82
     189.3      47.57
     191.3      47.07
     193.3       46.7
     195.3      46.78
     197.3      47.19
     199.3       47.7
     201.3       47.8
     203.3      48.22
     205.3      48.39
     207.3      48.54
     209.3      48.93
     211.3      48.64
     213.3       48.5
     215.3         48
     217.3      47.95
     219.3      47.97
     221.3      48.51
     223.3      48.98
     225.3      49.18
     227.3      49.24
     229.3      48.89
     231.4      48.66
     233.4      48.52
     235.4      48.73
     237.4      48.88
     239.4      49.01
     241.4      49.12
     243.4      48.99
     245.4      49.04
     247.4      49.12
     249.4      49.31
     251.4      49.53
     253.4      49.51
     255.4      49.39
     257.4      49.22
     259.4      49.24
     261.4      49.54
     263.4      49.81
     265.4      49.85
     267.4      49.74
     269.4      49.42
     271.4      49.38
     273.4      49.42
     275.4      49.83
     277.4         50
     279.4         50
     281.4         50
     283.4         50
     285.4         50
     287.4         50
     289.4         50
     291.4         50
     293.4         50
     295.4         50
     297.5         50
     299.5         50
     301.5         50
     303.5         50
     305.5         50
     307.5         50
     309.5         50
     311.5         50
     313.5         50
     315.5         50
     317.5         50
     319.5         50
     321.5         50
     323.5         50
     325.5         50
     327.5         50
     329.5         50
     331.5         50
     333.5         50
     335.5         50
     337.5         50
     339.5         50
     341.5         50
     343.5         50
     345.5         50
     347.5         50
     349.5         50
