     2.015  4.813e+10
     6.044  1.192e+11
     10.07  1.571e+11
      14.1  1.841e+11
     18.13  2.099e+11
     22.16   2.71e+11
     26.19  2.898e+11
     30.22  3.318e+11
     34.25  3.584e+11
     38.28  3.679e+11
     42.31  3.748e+11
     46.33  3.797e+11
     50.36   3.86e+11
     54.39  3.938e+11
     58.42  4.147e+11
     62.45  4.692e+11
     66.48  4.827e+11
     70.51  4.884e+11
     74.54  4.926e+11
     78.57  4.951e+11
      82.6  4.969e+11
     86.63   4.99e+11
     90.66  5.001e+11
     94.68  5.016e+11
     98.71  5.024e+11
     102.7  5.035e+11
     106.8  5.047e+11
     110.8  5.053e+11
     114.8  5.061e+11
     118.9  5.068e+11
     122.9  5.079e+11
     126.9  5.087e+11
     130.9  5.096e+11
       135  5.108e+11
       139  5.122e+11
       143  5.138e+11
     147.1  5.154e+11
     151.1  5.181e+11
     155.1  5.353e+11
     159.2  5.386e+11
     163.2  5.407e+11
     167.2  5.437e+11
     171.2  5.503e+11
     175.3  5.729e+11
     179.3  6.107e+11
     183.3  6.164e+11
     187.4  6.181e+11
     191.4  6.198e+11
     195.4  6.229e+11
     199.4  6.374e+11
     203.5  6.407e+11
     207.5  6.471e+11
     211.5  6.478e+11
     215.6  6.483e+11
     219.6  6.489e+11
     223.6  6.492e+11
     227.6  6.494e+11
     231.7  6.497e+11
     235.7  6.501e+11
     239.7  6.504e+11
     243.8  6.508e+11
     247.8  6.511e+11
     251.8  6.514e+11
     255.8  6.515e+11
     259.9  6.517e+11
     263.9  6.518e+11
     267.9  6.518e+11
       272   6.52e+11
       276  6.521e+11
       280  6.521e+11
     284.1  6.521e+11
     288.1  6.521e+11
     292.1  6.521e+11
     296.1  6.521e+11
     300.2  6.521e+11
     304.2  6.521e+11
     308.2  6.521e+11
     312.3  6.521e+11
     316.3  6.521e+11
     320.3  6.521e+11
     324.3  6.521e+11
     328.4  6.521e+11
     332.4  6.521e+11
     336.4  6.521e+11
     340.5  6.521e+11
     344.5  6.521e+11
     348.5  6.521e+11
