     2.015      18.22
     6.044      19.92
     10.07       20.8
      14.1      21.28
     18.13      21.71
     22.16      22.18
     26.19      23.04
     30.22      23.12
     34.25      24.22
     38.28      24.74
     42.31      26.31
     46.33      26.52
     50.36      26.66
     54.39      29.26
     58.42      30.68
     62.45      31.45
     66.48       33.9
     70.51      35.42
     74.54      37.68
     78.57      37.91
      82.6         39
     86.63      39.87
     90.66      41.42
     94.68       41.5
     98.71      42.91
     102.7      43.67
     106.8      44.41
     110.8       45.2
     114.8      44.99
     118.9      45.17
     122.9      45.05
     126.9      45.78
     130.9      45.95
       135      45.74
       139      45.52
       143      45.98
     147.1      46.06
     151.1      45.48
     155.1      44.86
     159.2      45.65
     163.2      46.21
     167.2      45.69
     171.2      45.17
     175.3      45.25
     179.3       45.6
     183.3      45.25
     187.4      45.86
     191.4      45.46
     195.4      45.36
     199.4      46.58
     203.5       47.2
     207.5      47.72
     211.5      48.23
     215.6      47.96
     219.6      48.01
     223.6       48.9
     227.6      48.99
     231.7      48.65
     235.7      48.81
     239.7      48.94
     243.8      48.88
     247.8         49
     251.8      49.47
     255.8      49.41
     259.9      49.29
     263.9      49.84
     267.9      49.56
       272      49.25
       276      49.81
       280         50
     284.1         50
     288.1         50
     292.1         50
     296.1         50
     300.2         50
     304.2         50
     308.2         50
     312.3         50
     316.3         50
     320.3         50
     324.3         50
     328.4         50
     332.4         50
     336.4         50
     340.5         50
     344.5         50
     348.5         50
