         1  8.273e+09
     3.001   3.76e+10
     5.002  6.951e+10
     7.003  9.754e+10
     9.004  1.257e+11
        11  1.516e+11
     13.01  1.791e+11
     15.01  2.058e+11
     17.01  2.316e+11
     19.01  2.584e+11
     21.01  2.857e+11
     23.01  3.101e+11
     25.01  3.375e+11
     27.01  3.626e+11
     29.01   3.87e+11
     31.01  4.119e+11
     33.01  4.374e+11
     35.01   4.61e+11
     37.01  4.837e+11
     39.02  5.035e+11
     41.02  5.232e+11
     43.02  5.457e+11
     45.02  5.716e+11
     47.02  5.908e+11
     49.02  6.095e+11
     51.02   6.27e+11
     53.02   6.45e+11
     55.02   6.61e+11
     57.02  6.768e+11
     59.02  6.924e+11
     61.02  7.075e+11
     63.02  7.225e+11
     65.03  7.374e+11
     67.03  7.538e+11
     69.03  7.693e+11
     71.03  7.879e+11
     73.03   8.08e+11
     75.03  8.331e+11
     77.03  8.711e+11
     79.03  9.085e+11
     81.03  9.334e+11
     83.03  9.523e+11
     85.03  9.701e+11
     87.03  9.861e+11
     89.04  1.001e+12
     91.04  1.016e+12
     93.04   1.03e+12
     95.04  1.044e+12
     97.04  1.058e+12
     99.04  1.073e+12
       101  1.089e+12
       103  1.111e+12
       105  1.143e+12
       107  1.171e+12
       109  1.198e+12
       111  1.226e+12
       113  1.263e+12
       115  1.295e+12
       117  1.324e+12
       119  1.349e+12
       121  1.368e+12
       123  1.389e+12
       125  1.406e+12
     127.1   1.42e+12
     129.1  1.432e+12
     131.1  1.442e+12
     133.1  1.453e+12
     135.1  1.464e+12
     137.1  1.475e+12
     139.1  1.488e+12
     141.1  1.506e+12
     143.1  1.534e+12
     145.1  1.573e+12
     147.1    1.6e+12
     149.1  1.618e+12
     151.1  1.642e+12
     153.1  1.673e+12
     155.1  1.714e+12
     157.1  1.745e+12
     159.1  1.762e+12
     161.1  1.776e+12
     163.1  1.793e+12
     165.1  1.817e+12
     167.1  1.843e+12
     169.1  1.859e+12
     171.1  1.872e+12
     173.1  1.888e+12
     175.1  1.898e+12
     177.1  1.906e+12
     179.1  1.913e+12
     181.1  1.923e+12
     183.1  1.934e+12
     185.1  1.943e+12
     187.1  1.951e+12
     189.1  1.957e+12
     191.1  1.964e+12
     193.1  1.979e+12
     195.1  1.994e+12
     197.1  2.003e+12
     199.1  2.009e+12
     201.1  2.015e+12
     203.1  2.021e+12
     205.1   2.03e+12
     207.1  2.046e+12
     209.1  2.072e+12
     211.1  2.101e+12
     213.1  2.129e+12
     215.1  2.149e+12
     217.1  2.167e+12
     219.1   2.19e+12
     221.1  2.211e+12
     223.1  2.229e+12
     225.1  2.251e+12
     227.1  2.274e+12
     229.1  2.289e+12
     231.1  2.297e+12
     233.1  2.303e+12
     235.1  2.308e+12
     237.1  2.314e+12
     239.1   2.32e+12
     241.1  2.325e+12
     243.1  2.328e+12
     245.1  2.332e+12
     247.1  2.334e+12
     249.1  2.337e+12
     251.1   2.34e+12
     253.1  2.341e+12
     255.1  2.343e+12
     257.1  2.345e+12
     259.1  2.346e+12
     261.1  2.347e+12
     263.1  2.349e+12
     265.1  2.352e+12
     267.1  2.353e+12
     269.1  2.354e+12
     271.1  2.355e+12
     273.1  2.357e+12
     275.1  2.357e+12
     277.1  2.358e+12
     279.1  2.359e+12
     281.1  2.361e+12
     283.1  2.362e+12
     285.1  2.366e+12
     287.1  2.378e+12
     289.1  2.385e+12
     291.1  2.387e+12
     293.1  2.388e+12
     295.1  2.389e+12
     297.1  2.389e+12
     299.1   2.39e+12
     301.1   2.39e+12
     303.1   2.39e+12
     305.1  2.391e+12
     307.1  2.391e+12
     309.1  2.391e+12
     311.1  2.391e+12
     313.1  2.391e+12
     315.1  2.391e+12
     317.1  2.391e+12
     319.1  2.392e+12
     321.1  2.392e+12
     323.1  2.392e+12
     325.1  2.392e+12
     327.1  2.392e+12
     329.1  2.392e+12
     331.1  2.392e+12
     333.1  2.392e+12
     335.1  2.392e+12
     337.1  2.392e+12
     339.1  2.392e+12
     341.1  2.392e+12
     343.1  2.392e+12
     345.1  2.392e+12
     347.1  2.393e+12
     349.1  2.393e+12
     351.1  2.393e+12
