     2.001      19.55
     6.002      20.39
        10      20.88
     14.01      21.11
     18.01      21.38
     22.01      21.64
     26.01      21.84
     30.01      22.09
     34.01      22.37
     38.02      22.59
     42.02      22.83
     46.02      23.04
     50.02      23.12
     54.02      23.43
     58.02      23.43
     62.02      23.65
     66.03      23.84
     70.03      23.87
     74.03      24.08
     78.03      24.17
     82.03      24.33
     86.03      24.68
     90.04      24.73
     94.04      24.64
     98.04      24.88
       102      24.82
       106         25
       110      25.22
       114      25.32
       118      25.84
       122      26.34
       126      26.52
     130.1      27.16
     134.1       27.1
     138.1      26.94
     142.1      26.64
     146.1      26.67
     150.1      27.18
     154.1      27.99
     158.1      28.56
     162.1         29
     166.1      28.84
     170.1       30.1
     174.1      30.73
     178.1      30.89
     182.1      31.27
     186.1       32.6
     190.1      32.44
     194.1      32.13
     198.1      32.66
     202.1      33.28
     206.1       34.2
     210.1      33.15
     214.1      33.84
     218.1      34.27
     222.1      34.37
     226.1       34.8
     230.1      35.32
     234.1      36.66
     238.1      37.01
     242.1      37.48
     246.1      37.53
     250.1      38.53
     254.1      39.84
     258.1      40.36
     262.1      39.46
     266.1      39.92
     270.1      40.16
     274.1      40.62
     278.1      41.61
     282.1      42.26
     286.1      42.73
     290.1       42.9
     294.1      41.86
     298.1      42.55
     302.1      44.15
     306.1      45.28
     310.1      46.22
     314.1      45.49
     318.1      45.88
     322.1      44.91
     326.1      46.39
     330.1      47.85
     334.1      45.85
     338.1      41.52
     342.1      44.42
     346.1      46.95
     350.1      49.29
