         1  1.186e+10
     3.001      7e+10
     5.002  1.056e+11
     7.003  1.344e+11
     9.004  1.645e+11
        11  1.948e+11
     13.01  2.263e+11
     15.01  2.605e+11
     17.01  2.924e+11
     19.01  3.218e+11
     21.01  3.504e+11
     23.01   3.77e+11
     25.01  4.007e+11
     27.01  4.263e+11
     29.01  4.532e+11
     31.01  4.781e+11
     33.01  5.033e+11
     35.01  5.258e+11
     37.01  5.465e+11
     39.02  5.667e+11
     41.02  5.865e+11
     43.02  6.037e+11
     45.02  6.236e+11
     47.02  6.395e+11
     49.02  6.541e+11
     51.02  6.668e+11
     53.02  6.801e+11
     55.02  6.933e+11
     57.02  7.049e+11
     59.02  7.177e+11
     61.02  7.294e+11
     63.02  7.391e+11
     65.03  7.492e+11
     67.03  7.605e+11
     69.03  7.705e+11
     71.03  7.799e+11
     73.03  7.874e+11
     75.03  7.954e+11
     77.03  8.033e+11
     79.03  8.113e+11
     81.03  8.201e+11
     83.03  8.283e+11
     85.03  8.359e+11
     87.03  8.439e+11
     89.04  8.506e+11
     91.04  8.584e+11
     93.04  8.659e+11
     95.04  8.735e+11
     97.04  8.795e+11
     99.04  8.851e+11
       101  8.913e+11
       103  8.975e+11
       105  9.032e+11
       107  9.109e+11
       109   9.16e+11
       111  9.204e+11
       113  9.239e+11
       115  9.281e+11
       117   9.32e+11
       119  9.361e+11
       121  9.401e+11
       123  9.437e+11
       125  9.465e+11
     127.1  9.492e+11
     129.1   9.52e+11
     131.1  9.555e+11
     133.1  9.589e+11
     135.1  9.616e+11
     137.1  9.641e+11
     139.1  9.668e+11
     141.1  9.691e+11
     143.1  9.723e+11
     145.1   9.75e+11
     147.1  9.781e+11
     149.1  9.808e+11
     151.1  9.838e+11
     153.1  9.864e+11
     155.1  9.888e+11
     157.1  9.917e+11
     159.1  9.945e+11
     161.1   9.97e+11
     163.1      1e+12
     165.1  1.003e+12
     167.1  1.006e+12
     169.1  1.009e+12
     171.1  1.011e+12
     173.1  1.013e+12
     175.1  1.015e+12
     177.1  1.016e+12
     179.1  1.018e+12
     181.1  1.019e+12
     183.1  1.021e+12
     185.1  1.023e+12
     187.1  1.024e+12
     189.1  1.025e+12
     191.1  1.027e+12
     193.1  1.028e+12
     195.1  1.029e+12
     197.1   1.03e+12
     199.1  1.031e+12
     201.1  1.032e+12
     203.1  1.033e+12
     205.1  1.034e+12
     207.1  1.035e+12
     209.1  1.036e+12
     211.1  1.037e+12
     213.1  1.037e+12
     215.1  1.038e+12
     217.1  1.038e+12
     219.1  1.039e+12
     221.1  1.039e+12
     223.1   1.04e+12
     225.1  1.041e+12
     227.1  1.041e+12
     229.1  1.042e+12
     231.1  1.042e+12
     233.1  1.043e+12
     235.1  1.044e+12
     237.1  1.044e+12
     239.1  1.045e+12
     241.1  1.045e+12
     243.1  1.046e+12
     245.1  1.047e+12
     247.1  1.047e+12
     249.1  1.048e+12
     251.1  1.049e+12
     253.1  1.049e+12
     255.1   1.05e+12
     257.1  1.051e+12
     259.1  1.052e+12
     261.1  1.052e+12
     263.1  1.053e+12
     265.1  1.054e+12
     267.1  1.055e+12
     269.1  1.055e+12
     271.1  1.055e+12
     273.1  1.056e+12
     275.1  1.056e+12
     277.1  1.057e+12
     279.1  1.057e+12
     281.1  1.057e+12
     283.1  1.057e+12
     285.1  1.058e+12
     287.1  1.058e+12
     289.1  1.058e+12
     291.1  1.058e+12
     293.1  1.058e+12
     295.1  1.058e+12
     297.1  1.058e+12
     299.1  1.058e+12
     301.1  1.059e+12
     303.1  1.059e+12
     305.1  1.059e+12
     307.1  1.059e+12
     309.1  1.059e+12
     311.1  1.059e+12
     313.1   1.06e+12
     315.1   1.06e+12
     317.1   1.06e+12
     319.1   1.06e+12
     321.1   1.06e+12
     323.1  1.061e+12
     325.1  1.061e+12
     327.1  1.061e+12
     329.1  1.061e+12
     331.1  1.061e+12
     333.1  1.061e+12
     335.1  1.061e+12
     337.1  1.061e+12
     339.1  1.061e+12
     341.1  1.061e+12
     343.1  1.061e+12
     345.1  1.062e+12
     347.1  1.062e+12
     349.1  1.062e+12
     351.1  1.062e+12
