     2.001       18.6
     6.002       20.1
        10      20.36
     14.01      20.64
     18.01      21.07
     22.01      21.41
     26.01      21.65
     30.01       21.8
     34.01      22.07
     38.02       22.3
     42.02      22.43
     46.02      22.65
     50.02      22.95
     54.02      23.09
     58.02      23.28
     62.02      23.49
     66.03      23.56
     70.03      23.82
     74.03      24.35
     78.03      24.21
     82.03      24.35
     86.03      24.51
     90.04      24.74
     94.04      24.84
     98.04      25.29
       102      25.39
       106      25.67
       110      26.62
       114      27.05
       118       27.5
       122      28.82
       126       29.8
     130.1      29.74
     134.1      30.85
     138.1       32.3
     142.1      32.14
     146.1       32.2
     150.1      32.56
     154.1      33.48
     158.1      34.12
     162.1      34.56
     166.1      36.03
     170.1      35.89
     174.1      37.24
     178.1      39.07
     182.1      38.34
     186.1      39.22
     190.1      39.38
     194.1      40.48
     198.1      40.92
     202.1       41.6
     206.1       42.8
     210.1      43.36
     214.1      44.87
     218.1      45.78
     222.1      45.16
     226.1      44.69
     230.1      44.11
     234.1      44.83
     238.1      45.38
     242.1      44.58
     246.1      45.47
     250.1       45.1
     254.1      43.59
     258.1      44.26
     262.1      44.75
     266.1      45.42
     270.1      45.32
     274.1      45.32
     278.1      45.58
     282.1      45.37
     286.1      46.39
     290.1      47.62
     294.1      47.04
     298.1      47.12
     302.1      46.58
     306.1      46.47
     310.1      46.21
     314.1      43.64
     318.1      44.07
     322.1      45.93
     326.1      42.87
     330.1      43.94
     334.1       42.8
     338.1      45.86
     342.1      44.37
     346.1      47.61
     350.1         50
