     2.001      18.93
     6.002      20.43
        10      20.65
     14.01      20.94
     18.01      21.38
     22.01      21.72
     26.01      21.97
     30.01       22.1
     34.01      22.37
     38.02       22.6
     42.02      22.72
     46.02      22.94
     50.02      23.23
     54.02      23.36
     58.02      23.57
     62.02      23.76
     66.03      23.83
     70.03      24.09
     74.03      24.64
     78.03      24.51
     82.03      24.65
     86.03      24.81
     90.04      25.05
     94.04      25.14
     98.04      25.59
       102      25.69
       106      25.98
       110      26.92
       114      27.37
       118      27.81
       122      29.13
       126      30.09
     130.1         30
     134.1      31.11
     138.1      32.53
     142.1      32.38
     146.1      32.43
     150.1      32.79
     154.1       33.7
     158.1      34.33
     162.1      34.76
     166.1      36.21
     170.1      36.12
     174.1      37.47
     178.1      39.27
     182.1       38.5
     186.1      39.37
     190.1      39.54
     194.1      40.61
     198.1      41.04
     202.1      41.71
     206.1       42.9
     210.1      43.45
     214.1      44.94
     218.1      45.84
     222.1      45.23
     226.1      44.76
     230.1      44.19
     234.1       44.9
     238.1      45.44
     242.1      44.65
     246.1      45.54
     250.1      45.16
     254.1      43.68
     258.1      44.33
     262.1      44.82
     266.1      45.48
     270.1      45.39
     274.1      45.39
     278.1      45.65
     282.1      45.44
     286.1      46.44
     290.1      47.66
     294.1      47.08
     298.1      47.15
     302.1      46.63
     306.1      46.52
     310.1      46.27
     314.1      43.74
     318.1      44.16
     322.1         46
     326.1      42.97
     330.1      44.02
     334.1      42.89
     338.1      45.93
     342.1      44.45
     346.1      47.64
     350.1         50
