     2.001  3.773e+10
     6.002  1.542e+11
        10  2.319e+11
     14.01   3.03e+11
     18.01  3.941e+11
     22.01  4.895e+11
     26.01  5.414e+11
     30.01  5.843e+11
     34.01  6.207e+11
     38.02  6.532e+11
     42.02  6.846e+11
     46.02  7.137e+11
     50.02  7.479e+11
     54.02  7.829e+11
     58.02  8.142e+11
     62.02  8.502e+11
     66.03  8.916e+11
     70.03  9.481e+11
     74.03  9.722e+11
     78.03  1.016e+12
     82.03  1.065e+12
     86.03  1.112e+12
     90.04  1.138e+12
     94.04  1.157e+12
     98.04  1.177e+12
       102  1.203e+12
       106  1.247e+12
       110   1.29e+12
       114  1.312e+12
       118  1.327e+12
       122  1.357e+12
       126  1.385e+12
     130.1  1.408e+12
     134.1   1.42e+12
     138.1  1.432e+12
     142.1  1.447e+12
     146.1  1.479e+12
     150.1  1.493e+12
     154.1  1.509e+12
     158.1  1.547e+12
     162.1  1.566e+12
     166.1  1.578e+12
     170.1  1.593e+12
     174.1  1.605e+12
     178.1  1.614e+12
     182.1  1.626e+12
     186.1   1.64e+12
     190.1  1.657e+12
     194.1  1.683e+12
     198.1  1.697e+12
     202.1  1.707e+12
     206.1  1.716e+12
     210.1  1.724e+12
     214.1  1.734e+12
     218.1  1.751e+12
     222.1  1.779e+12
     226.1  1.789e+12
     230.1  1.799e+12
     234.1  1.829e+12
     238.1  1.858e+12
     242.1   1.89e+12
     246.1  1.908e+12
     250.1  1.941e+12
     254.1  1.959e+12
     258.1  1.967e+12
     262.1  1.974e+12
     266.1  1.978e+12
     270.1  1.981e+12
     274.1  1.984e+12
     278.1  1.986e+12
     282.1  1.988e+12
     286.1   1.99e+12
     290.1  1.992e+12
     294.1  1.994e+12
     298.1  1.995e+12
     302.1  1.996e+12
     306.1  1.998e+12
     310.1  1.999e+12
     314.1      2e+12
     318.1  2.001e+12
     322.1  2.002e+12
     326.1  2.003e+12
     330.1  2.004e+12
     334.1  2.006e+12
     338.1  2.008e+12
     342.1  2.009e+12
     346.1   2.01e+12
     350.1   2.01e+12
