     2.001       18.9
     6.002      19.96
        10      20.62
     14.01       20.9
     18.01      21.03
     22.01      21.45
     26.01      21.87
     30.01      22.17
     34.01       22.5
     38.02      22.64
     42.02      22.86
     46.02      22.99
     50.02      23.17
     54.02      23.37
     58.02      23.58
     62.02      23.75
     66.03      23.81
     70.03      23.92
     74.03      24.08
     78.03      24.13
     82.03      24.35
     86.03      24.85
     90.04      25.05
     94.04      25.13
     98.04      25.24
       102      25.33
       106      25.88
       110      25.88
       114      26.81
       118      26.78
       122      26.17
       126      26.92
     130.1      27.71
     134.1      28.15
     138.1      29.39
     142.1      29.26
     146.1      29.05
     150.1      29.46
     154.1      29.85
     158.1      30.39
     162.1      30.48
     166.1      29.98
     170.1      29.84
     174.1      30.11
     178.1      30.81
     182.1      31.27
     186.1      31.65
     190.1      31.88
     194.1       32.4
     198.1      33.05
     202.1      33.05
     206.1      33.16
     210.1      33.66
     214.1      34.85
     218.1      34.58
     222.1      34.34
     226.1      34.83
     230.1      34.39
     234.1      34.26
     238.1      35.24
     242.1      36.33
     246.1      35.59
     250.1      35.52
     254.1      36.24
     258.1      35.04
     262.1      35.49
     266.1      36.96
     270.1      37.34
     274.1      38.04
     278.1       38.8
     282.1      38.13
     286.1      37.62
     290.1      39.32
     294.1      39.24
     298.1       39.3
     302.1      39.29
     306.1      39.24
     310.1       39.5
     314.1      37.76
     318.1      40.01
     322.1      40.35
     326.1       41.8
     330.1      40.35
     334.1      40.22
     338.1      40.98
     342.1      40.65
     346.1      40.55
     350.1      38.16
