         1  8.985e+09
     3.001  2.835e+10
     5.001  6.106e+10
     7.002  9.751e+10
     9.002  1.379e+11
        11  1.803e+11
        13  2.207e+11
        15  2.635e+11
        17  3.056e+11
     19.01  3.478e+11
     21.01  3.879e+11
     23.01  4.303e+11
     25.01  4.734e+11
     27.01  5.155e+11
     29.01  5.547e+11
     31.01  5.937e+11
     33.01  6.322e+11
     35.01  6.694e+11
     37.01  7.054e+11
     39.01  7.408e+11
     41.01  7.776e+11
     43.01  8.165e+11
     45.01   8.51e+11
     47.01  8.856e+11
     49.01  9.182e+11
     51.01  9.514e+11
     53.01  9.821e+11
     55.02  1.013e+12
     57.02  1.044e+12
     59.02  1.076e+12
     61.02  1.107e+12
     63.02  1.136e+12
     65.02  1.163e+12
     67.02   1.19e+12
     69.02  1.216e+12
     71.02  1.241e+12
     73.02  1.267e+12
     75.02  1.293e+12
     77.02  1.319e+12
     79.02  1.345e+12
     81.02  1.369e+12
     83.02  1.394e+12
     85.02  1.416e+12
     87.02  1.437e+12
     89.02  1.459e+12
     91.03  1.479e+12
     93.03    1.5e+12
     95.03  1.522e+12
     97.03  1.545e+12
     99.03  1.568e+12
       101   1.59e+12
       103  1.611e+12
       105  1.634e+12
       107  1.654e+12
       109  1.672e+12
       111   1.69e+12
       113  1.708e+12
       115  1.726e+12
       117  1.744e+12
       119  1.762e+12
       121  1.778e+12
       123  1.794e+12
       125  1.811e+12
       127  1.829e+12
       129  1.845e+12
       131  1.863e+12
       133  1.878e+12
       135  1.893e+12
       137   1.91e+12
       139  1.924e+12
       141  1.938e+12
       143  1.953e+12
       145  1.966e+12
       147  1.981e+12
       149  1.995e+12
       151  2.009e+12
       153  2.023e+12
       155  2.037e+12
       157  2.051e+12
       159  2.065e+12
       161  2.079e+12
       163  2.092e+12
       165  2.104e+12
       167  2.116e+12
       169  2.128e+12
       171   2.14e+12
       173  2.151e+12
       175  2.162e+12
       177  2.172e+12
       179  2.183e+12
       181  2.193e+12
     183.1  2.205e+12
     185.1  2.216e+12
     187.1  2.227e+12
     189.1  2.238e+12
     191.1  2.249e+12
     193.1  2.259e+12
     195.1   2.27e+12
     197.1  2.281e+12
     199.1  2.291e+12
     201.1  2.301e+12
     203.1  2.312e+12
     205.1  2.322e+12
     207.1  2.331e+12
     209.1  2.341e+12
     211.1  2.351e+12
     213.1  2.359e+12
     215.1  2.368e+12
     217.1  2.376e+12
     219.1  2.386e+12
     221.1  2.396e+12
     223.1  2.405e+12
     225.1  2.413e+12
     227.1  2.421e+12
     229.1   2.43e+12
     231.1  2.437e+12
     233.1  2.445e+12
     235.1  2.452e+12
     237.1   2.46e+12
     239.1  2.468e+12
     241.1  2.475e+12
     243.1  2.482e+12
     245.1   2.49e+12
     247.1  2.499e+12
     249.1  2.506e+12
     251.1  2.513e+12
     253.1  2.519e+12
     255.1  2.526e+12
     257.1  2.533e+12
     259.1  2.539e+12
     261.1  2.545e+12
     263.1   2.55e+12
     265.1  2.555e+12
     267.1  2.559e+12
     269.1  2.564e+12
     271.1  2.568e+12
     273.1  2.572e+12
     275.1  2.576e+12
     277.1   2.58e+12
     279.1  2.584e+12
     281.1  2.587e+12
     283.1  2.589e+12
     285.1  2.591e+12
     287.1  2.593e+12
     289.1  2.594e+12
     291.1  2.596e+12
     293.1  2.598e+12
     295.1  2.599e+12
     297.1    2.6e+12
     299.1  2.601e+12
     301.1  2.602e+12
     303.1  2.603e+12
     305.1  2.604e+12
     307.1  2.605e+12
     309.1  2.606e+12
     311.1  2.607e+12
     313.1  2.607e+12
     315.1  2.608e+12
     317.1  2.608e+12
     319.1  2.609e+12
     321.1  2.609e+12
     323.1   2.61e+12
     325.1   2.61e+12
     327.1   2.61e+12
     329.1   2.61e+12
     331.1  2.611e+12
     333.1  2.611e+12
     335.1  2.611e+12
     337.1  2.611e+12
     339.1  2.611e+12
     341.1  2.612e+12
     343.1  2.612e+12
     345.1  2.612e+12
     347.1  2.612e+12
     349.1  2.612e+12
     351.1  2.612e+12
