         1      19.44
     3.001      20.62
     5.001      20.92
     7.002      21.12
     9.002      21.14
        11       21.3
        13      21.43
        15      21.57
        17      21.66
     19.01      21.84
     21.01      21.86
     23.01       21.9
     25.01      22.12
     27.01      22.28
     29.01      22.38
     31.01      22.53
     33.01      22.64
     35.01      22.75
     37.01       22.8
     39.01      22.86
     41.01      22.89
     43.01       22.9
     45.01      23.08
     47.01      23.16
     49.01      23.28
     51.01       23.4
     53.01      23.42
     55.02      23.41
     57.02      23.43
     59.02      23.51
     61.02      23.58
     63.02      23.71
     65.02       23.8
     67.02      23.89
     69.02      23.98
     71.02      24.05
     73.02      24.04
     75.02      24.07
     77.02      24.15
     79.02      24.29
     81.02      24.35
     83.02       24.4
     85.02      24.48
     87.02      24.55
     89.02      24.59
     91.03      24.65
     93.03      24.66
     95.03      24.63
     97.03      24.67
     99.03      24.73
       101      24.83
       103      24.81
       105      24.96
       107      25.14
       109       25.1
       111      25.14
       113      25.27
       115      25.26
       117      25.35
       119      25.46
       121      25.67
       123      25.61
       125      25.46
       127      25.48
       129      25.65
       131      25.79
       133      25.86
       135      25.68
       137      25.81
       139      26.08
       141      26.14
       143      26.22
       145      26.59
       147      26.36
       149      26.34
       151      26.23
       153      26.41
       155      26.75
       157       26.4
       159      26.31
       161      26.63
       163      26.71
       165      26.72
       167       26.8
       169      26.84
       171      26.93
       173       27.1
       175      27.47
       177      27.33
       179      27.38
       181      27.58
     183.1      28.02
     185.1       28.1
     187.1      28.43
     189.1      28.15
     191.1      27.78
     193.1       28.1
     195.1      28.09
     197.1       28.3
     199.1      28.28
     201.1      28.17
     203.1      28.25
     205.1      28.47
     207.1      28.31
     209.1      28.32
     211.1      28.32
     213.1      28.75
     215.1      28.97
     217.1      29.03
     219.1      28.88
     221.1      28.92
     223.1      29.34
     225.1      29.48
     227.1      29.64
     229.1      30.09
     231.1      30.31
     233.1      30.39
     235.1      30.56
     237.1      30.62
     239.1      30.69
     241.1      30.57
     243.1      30.72
     245.1      30.58
     247.1      30.78
     249.1      32.04
     251.1      31.63
     253.1      31.48
     255.1      31.14
     257.1      31.17
     259.1      32.15
     261.1      31.97
     263.1      31.25
     265.1      31.38
     267.1      31.57
     269.1      32.41
     271.1      32.22
     273.1      31.98
     275.1      31.33
     277.1      30.31
     279.1       30.6
     281.1      31.96
     283.1      32.54
     285.1      32.91
     287.1      32.14
     289.1      32.73
     291.1      32.85
     293.1      34.36
     295.1      33.18
     297.1      33.98
     299.1      34.56
     301.1       34.4
     303.1      35.13
     305.1      35.12
     307.1      34.87
     309.1      34.17
     311.1      34.87
     313.1      37.12
     315.1      37.72
     317.1      36.49
     319.1      37.89
     321.1      36.48
     323.1      37.08
     325.1      39.17
     327.1      39.84
     329.1      40.43
     331.1      41.25
     333.1      38.99
     335.1      37.86
     337.1      36.25
     339.1      36.77
     341.1      38.11
     343.1       36.8
     345.1      37.04
     347.1      37.18
     349.1      41.32
     351.1      44.91
