     2.023  1.059e+10
     6.068  5.537e+10
     10.11  1.092e+11
     14.16  1.549e+11
      18.2  1.833e+11
     22.25  2.046e+11
      26.3  2.263e+11
     30.34   2.46e+11
     34.39  2.756e+11
     38.43  3.136e+11
     42.48  3.292e+11
     46.52  3.428e+11
     50.57  3.524e+11
     54.61  3.621e+11
     58.66  3.706e+11
      62.7  3.791e+11
     66.75  3.877e+11
      70.8  3.962e+11
     74.84  4.119e+11
     78.89  4.423e+11
     82.93  4.649e+11
     86.98  4.804e+11
     91.02  5.033e+11
     95.07  5.127e+11
     99.11  5.181e+11
     103.2  5.227e+11
     107.2  5.267e+11
     111.3  5.308e+11
     115.3  5.352e+11
     119.3  5.404e+11
     123.4  5.455e+11
     127.4  5.488e+11
     131.5  5.521e+11
     135.5  5.554e+11
     139.6  5.598e+11
     143.6  5.642e+11
     147.7  5.684e+11
     151.7  5.735e+11
     155.8  5.919e+11
     159.8  6.211e+11
     163.8  6.381e+11
     167.9  6.582e+11
     171.9  6.661e+11
       176  6.683e+11
       180  6.703e+11
     184.1  6.731e+11
     188.1  6.747e+11
     192.2  6.761e+11
     196.2  6.805e+11
     200.3  6.821e+11
     204.3  6.828e+11
     208.3  6.836e+11
     212.4  6.842e+11
     216.4  6.849e+11
     220.5  6.858e+11
     224.5  6.868e+11
     228.6  6.875e+11
     232.6  6.886e+11
     236.7  6.895e+11
     240.7  6.904e+11
     244.8  6.915e+11
     248.8  6.921e+11
     252.8  6.925e+11
     256.9  6.932e+11
     260.9  6.933e+11
       265  6.937e+11
       269  6.938e+11
     273.1   6.94e+11
     277.1  6.941e+11
     281.2  6.942e+11
     285.2  6.944e+11
     289.3  6.946e+11
     293.3  6.949e+11
     297.3  6.956e+11
     301.4  6.972e+11
     305.4  6.993e+11
     309.5  7.005e+11
     313.5  7.007e+11
     317.6  7.008e+11
     321.6  7.009e+11
     325.7   7.01e+11
     329.7  7.011e+11
     333.8  7.011e+11
     337.8  7.012e+11
     341.8  7.013e+11
     345.9  7.013e+11
     349.9  7.013e+11
