     2.023      20.27
     6.068      20.82
     10.11      21.34
     14.16      22.01
      18.2      22.52
     22.25      22.85
      26.3       23.1
     30.34      23.36
     34.39      23.45
     38.43      23.78
     42.48       24.1
     46.52      24.44
     50.57       24.8
     54.61      25.27
     58.66       25.2
      62.7      25.93
     66.75      26.22
      70.8      26.57
     74.84      26.99
     78.89       28.2
     82.93      29.23
     86.98      27.95
     91.02      28.67
     95.07      30.99
     99.11      31.81
     103.2      33.44
     107.2      34.51
     111.3      34.48
     115.3      35.63
     119.3      35.92
     123.4      36.57
     127.4      38.02
     131.5      37.71
     135.5      37.48
     139.6      37.75
     143.6      37.88
     147.7      38.03
     151.7       38.6
     155.8      39.43
     159.8      39.91
     163.8      41.06
     167.9      41.46
     171.9      42.15
       176      42.54
       180      42.72
     184.1      43.75
     188.1      44.05
     192.2      44.78
     196.2      46.02
     200.3      46.58
     204.3      46.58
     208.3      46.48
     212.4      47.11
     216.4      46.76
     220.5      46.21
     224.5      46.64
     228.6      46.95
     232.6      46.46
     236.7      47.14
     240.7      47.29
     244.8      46.91
     248.8      48.09
     252.8      48.61
     256.9      48.87
     260.9      48.49
       265      48.83
       269      48.53
     273.1      48.92
     277.1      48.96
     281.2      49.01
     285.2      48.14
     289.3      48.31
     293.3      47.83
     297.3      48.43
     301.4      47.39
     305.4      47.05
     309.5      48.28
     313.5      48.12
     317.6      48.52
     321.6      48.57
     325.7      48.94
     329.7      47.56
     333.8      47.46
     337.8      47.59
     341.8      45.39
     345.9      48.74
     349.9      46.22
