     1.006  8.614e+09
     3.019  2.956e+10
     5.032  4.458e+10
     7.044  5.909e+10
     9.057  7.065e+10
     11.07   7.91e+10
     13.08   8.53e+10
      15.1  9.112e+10
     17.11  9.641e+10
     19.12  1.007e+11
     21.13  1.046e+11
     23.15  1.072e+11
     25.16  1.095e+11
     27.17  1.119e+11
     29.18  1.138e+11
      31.2  1.164e+11
     33.21  1.182e+11
     35.22    1.2e+11
     37.24  1.213e+11
     39.25  1.227e+11
     41.26  1.245e+11
     43.27  1.261e+11
     45.29  1.277e+11
      47.3  1.296e+11
     49.31  1.326e+11
     51.32  1.405e+11
     53.34  1.612e+11
     55.35  1.683e+11
     57.36  1.728e+11
     59.38  1.796e+11
     61.39  1.884e+11
      63.4  1.928e+11
     65.41  1.972e+11
     67.43  2.118e+11
     69.44  2.253e+11
     71.45  2.319e+11
     73.46  2.348e+11
     75.48  2.368e+11
     77.49  2.395e+11
      79.5  2.412e+11
     81.51  2.425e+11
     83.53  2.435e+11
     85.54  2.448e+11
     87.55  2.454e+11
     89.57  2.461e+11
     91.58  2.469e+11
     93.59   2.48e+11
      95.6  2.496e+11
     97.62   2.52e+11
     99.63  2.577e+11
     101.6  2.611e+11
     103.7   2.64e+11
     105.7  2.665e+11
     107.7  2.773e+11
     109.7  2.941e+11
     111.7  2.984e+11
     113.7  3.001e+11
     115.7  3.012e+11
     117.7  3.019e+11
     119.8  3.022e+11
     121.8  3.025e+11
     123.8  3.028e+11
     125.8  3.035e+11
     127.8   3.04e+11
     129.8  3.048e+11
     131.8   3.05e+11
     133.8  3.052e+11
     135.9  3.054e+11
     137.9  3.056e+11
     139.9  3.059e+11
     141.9  3.059e+11
     143.9   3.06e+11
     145.9  3.065e+11
     147.9  3.068e+11
     149.9   3.07e+11
       152  3.074e+11
       154  3.081e+11
       156  3.091e+11
       158  3.115e+11
       160  3.219e+11
       162  3.386e+11
       164   3.43e+11
       166  3.449e+11
     168.1   3.46e+11
     170.1  3.466e+11
     172.1  3.471e+11
     174.1  3.475e+11
     176.1  3.477e+11
     178.1  3.478e+11
     180.1   3.48e+11
     182.2  3.481e+11
     184.2  3.484e+11
     186.2  3.491e+11
     188.2  3.535e+11
     190.2  3.695e+11
     192.2  3.733e+11
     194.2  3.737e+11
     196.2  3.741e+11
     198.3  3.745e+11
     200.3  3.745e+11
     202.3  3.746e+11
     204.3  3.746e+11
     206.3  3.747e+11
     208.3  3.747e+11
     210.3  3.747e+11
     212.3  3.747e+11
     214.4  3.748e+11
     216.4  3.748e+11
     218.4  3.748e+11
     220.4  3.748e+11
     222.4  3.748e+11
     224.4  3.748e+11
     226.4  3.748e+11
     228.4  3.748e+11
     230.5  3.748e+11
     232.5  3.748e+11
     234.5  3.748e+11
     236.5  3.748e+11
     238.5  3.748e+11
     240.5  3.748e+11
     242.5  3.748e+11
     244.5  3.748e+11
     246.6  3.748e+11
     248.6  3.748e+11
     250.6  3.748e+11
     252.6  3.748e+11
     254.6  3.748e+11
     256.6  3.748e+11
     258.6  3.748e+11
     260.6  3.748e+11
     262.7  3.748e+11
     264.7  3.748e+11
     266.7  3.748e+11
     268.7  3.748e+11
     270.7  3.748e+11
     272.7  3.748e+11
     274.7  3.748e+11
     276.7  3.748e+11
     278.8  3.748e+11
     280.8  3.748e+11
     282.8  3.748e+11
     284.8  3.748e+11
     286.8  3.748e+11
     288.8  3.748e+11
     290.8  3.748e+11
     292.8  3.748e+11
     294.9  3.748e+11
     296.9  3.748e+11
