     2.013      19.37
     6.038       20.6
     10.06      21.83
     14.09      22.55
     18.11      23.34
     22.14       24.3
     26.17      25.97
     30.19      27.39
     34.22      30.72
     38.24      33.16
     42.27         34
     46.29      36.16
     50.32      36.69
     54.34      36.09
     58.37      36.44
     62.39      37.65
     66.42      38.34
     70.44      40.02
     74.47      40.63
      78.5      41.63
     82.52      43.48
     86.55      45.22
     90.57      46.06
      94.6      45.63
     98.62      46.48
     102.6       46.7
     106.7      47.03
     110.7      46.87
     114.7      47.41
     118.8      47.99
     122.8      48.26
     126.8       47.9
     130.8      48.57
     134.9      48.52
     138.9      48.66
     142.9      48.74
     146.9      48.65
       151      48.83
       155      48.92
       159      48.64
       163       48.4
     167.1      48.64
     171.1      48.58
     175.1       48.7
     179.1      48.98
     183.2      49.05
     187.2      48.84
     191.2      49.13
     195.2      49.19
     199.3      49.43
     203.3      49.75
     207.3      49.95
     211.3      49.77
     215.4         50
     219.4         50
     223.4         50
     227.4         50
     231.5         50
     235.5         50
     239.5         50
     243.5         50
     247.6         50
     251.6         50
     255.6         50
     259.6         50
     263.7         50
     267.7         50
     271.7         50
     275.7         50
     279.8         50
     283.8         50
     287.8         50
     291.8         50
     295.9         50
