     2.001   2.65e+10
     6.002  1.217e+11
        10  2.256e+11
     14.01  3.213e+11
     18.01  4.258e+11
     22.01  5.176e+11
     26.01  5.927e+11
     30.01   6.73e+11
     34.01  7.379e+11
     38.02  8.126e+11
     42.02  9.004e+11
     46.02  9.726e+11
     50.02  1.053e+12
     54.02  1.143e+12
     58.02    1.2e+12
     62.02  1.251e+12
     66.03  1.317e+12
     70.03  1.374e+12
     74.03  1.468e+12
     78.03  1.567e+12
     82.03  1.642e+12
     86.03  1.713e+12
     90.04  1.753e+12
     94.04  1.806e+12
     98.04  1.857e+12
       102  1.888e+12
       106  1.913e+12
       110   1.94e+12
       114  1.961e+12
       118  1.984e+12
       122  2.009e+12
       126  2.038e+12
     130.1  2.088e+12
     134.1  2.115e+12
     138.1  2.134e+12
     142.1   2.15e+12
     146.1  2.172e+12
     150.1  2.205e+12
     154.1   2.22e+12
     158.1  2.235e+12
     162.1  2.253e+12
     166.1  2.268e+12
     170.1  2.284e+12
     174.1  2.302e+12
     178.1  2.315e+12
     182.1  2.331e+12
     186.1  2.361e+12
     190.1  2.395e+12
     194.1  2.433e+12
     198.1  2.448e+12
     202.1  2.461e+12
     206.1  2.478e+12
     210.1  2.494e+12
     214.1  2.518e+12
     218.1  2.599e+12
     222.1  2.654e+12
     226.1  2.683e+12
     230.1  2.718e+12
     234.1  2.734e+12
     238.1  2.758e+12
     242.1   2.78e+12
     246.1  2.795e+12
     250.1  2.807e+12
     254.1  2.822e+12
     258.1  2.833e+12
     262.1  2.848e+12
     266.1  2.856e+12
     270.1  2.869e+12
     274.1  2.894e+12
     278.1  2.901e+12
     282.1  2.906e+12
     286.1   2.91e+12
     290.1  2.915e+12
     294.1  2.924e+12
     298.1  2.928e+12
     302.1  2.931e+12
     306.1  2.933e+12
     310.1  2.936e+12
     314.1  2.939e+12
     318.1  2.942e+12
     322.1  2.945e+12
     326.1  2.947e+12
     330.1   2.95e+12
     334.1  2.954e+12
     338.1  2.957e+12
     342.1  2.961e+12
     346.1  2.971e+12
     350.1   2.98e+12
