     2.001      18.73
     6.002      19.85
        10      20.32
     14.01      20.69
     18.01         21
     22.01      21.31
     26.01      21.59
     30.01      21.86
     34.01      22.07
     38.02       22.2
     42.02      22.44
     46.02      22.64
     50.02      22.79
     54.02      22.91
     58.02      23.12
     62.02      23.23
     66.03       23.2
     70.03      23.44
     74.03      23.39
     78.03      23.56
     82.03      23.79
     86.03      23.98
     90.04      24.68
     94.04      24.42
     98.04      24.74
       102      25.38
       106      25.32
       110      25.68
       114      25.43
       118      25.93
       122      26.82
       126      26.77
     130.1      26.34
     134.1      26.94
     138.1      27.93
     142.1       27.9
     146.1      27.36
     150.1      28.03
     154.1      28.46
     158.1      28.93
     162.1      28.03
     166.1      27.72
     170.1      28.94
     174.1       30.1
     178.1       30.4
     182.1      30.24
     186.1      30.72
     190.1      31.02
     194.1      32.15
     198.1      32.53
     202.1       31.8
     206.1      31.55
     210.1         33
     214.1      34.61
     218.1       34.3
     222.1      32.83
     226.1      33.21
     230.1      34.69
     234.1      35.94
     238.1      35.53
     242.1      34.92
     246.1      35.53
     250.1      37.02
     254.1      37.13
     258.1      37.33
     262.1      37.31
     266.1      37.31
     270.1      38.13
     274.1       37.9
     278.1      37.42
     282.1      36.62
     286.1      37.46
     290.1      37.59
     294.1      37.98
     298.1      38.13
     302.1      38.65
     306.1       36.8
     310.1      36.42
     314.1       36.3
     318.1      37.19
     322.1      38.18
     326.1      37.73
     330.1      37.88
     334.1      37.09
     338.1       36.9
     342.1      36.42
     346.1      36.74
     350.1      34.57
