         1  9.186e+09
     3.001  3.052e+10
     5.002  4.613e+10
     7.003  6.268e+10
     9.004  8.253e+10
        11   1.11e+11
     13.01  1.397e+11
     15.01  1.527e+11
     17.01  1.639e+11
     19.01  1.753e+11
     21.01  1.876e+11
     23.01   2.11e+11
     25.01  2.279e+11
     27.01  2.378e+11
     29.01  2.456e+11
     31.01  2.535e+11
     33.01  2.612e+11
     35.02  2.686e+11
     37.02  2.764e+11
     39.02  2.858e+11
     41.02  3.036e+11
     43.02  3.363e+11
     45.02   3.63e+11
     47.02  3.784e+11
     49.02  3.955e+11
     51.02  4.181e+11
     53.02  4.364e+11
     55.02  4.464e+11
     57.02  4.528e+11
     59.03  4.579e+11
     61.03  4.626e+11
     63.03  4.668e+11
     65.03  4.717e+11
     67.03  4.769e+11
     69.03  4.849e+11
     71.03  4.947e+11
     73.03  5.005e+11
     75.03  5.053e+11
     77.03  5.114e+11
     79.03  5.233e+11
     81.04  5.309e+11
     83.04  5.356e+11
     85.04   5.39e+11
     87.04  5.428e+11
     89.04  5.454e+11
     91.04  5.481e+11
     93.04  5.522e+11
     95.04  5.561e+11
     97.04  5.603e+11
     99.04  5.653e+11
       101  5.699e+11
       103  5.818e+11
       105  5.897e+11
       107  5.942e+11
       109  6.007e+11
       111  6.045e+11
       113  6.084e+11
     115.1  6.161e+11
     117.1  6.327e+11
     119.1   6.41e+11
     121.1  6.464e+11
     123.1  6.512e+11
     125.1  6.556e+11
     127.1  6.638e+11
     129.1  6.829e+11
     131.1  6.922e+11
     133.1  7.131e+11
     135.1  7.262e+11
     137.1  7.286e+11
     139.1  7.298e+11
     141.1  7.312e+11
     143.1   7.32e+11
     145.1  7.335e+11
     147.1   7.35e+11
     149.1  7.446e+11
     151.1  7.635e+11
     153.1  7.656e+11
     155.1  7.671e+11
     157.1  7.687e+11
     159.1  7.703e+11
     161.1   7.72e+11
     163.1  7.747e+11
     165.1  7.776e+11
     167.1  7.822e+11
     169.1   7.94e+11
     171.1  8.224e+11
     173.1   8.53e+11
     175.1  8.659e+11
     177.1  8.714e+11
     179.1  8.755e+11
     181.1   8.79e+11
     183.1  8.809e+11
     185.1  8.825e+11
     187.1  8.838e+11
     189.1  8.847e+11
     191.1  8.857e+11
     193.1  8.863e+11
     195.1  8.869e+11
     197.1  8.878e+11
     199.1  8.909e+11
     201.1  8.924e+11
     203.1  8.931e+11
     205.1  8.939e+11
     207.1  8.948e+11
     209.1  8.954e+11
     211.1  8.961e+11
     213.1  8.969e+11
     215.1  8.981e+11
     217.1  9.044e+11
     219.1  9.204e+11
     221.1  9.235e+11
     223.1  9.246e+11
     225.1  9.256e+11
     227.1  9.262e+11
     229.1  9.274e+11
     231.1  9.294e+11
     233.1  9.306e+11
     235.1  9.317e+11
     237.1   9.33e+11
     239.1  9.342e+11
     241.1  9.355e+11
     243.1  9.373e+11
     245.1  9.397e+11
     247.1  9.454e+11
     249.1  9.607e+11
     251.1  9.795e+11
     253.1  9.872e+11
     255.1  9.923e+11
     257.1  9.973e+11
     259.1  1.006e+12
     261.1  1.024e+12
     263.1  1.035e+12
     265.1  1.039e+12
     267.1  1.042e+12
     269.1  1.044e+12
     271.1  1.047e+12
     273.1  1.048e+12
     275.1  1.048e+12
     277.1  1.048e+12
     279.1  1.049e+12
     281.1  1.049e+12
     283.1  1.049e+12
     285.1  1.049e+12
     287.1  1.049e+12
     289.1  1.049e+12
     291.1  1.049e+12
     293.1  1.049e+12
     295.1  1.049e+12
     297.1  1.049e+12
     299.1  1.049e+12
     301.1  1.049e+12
     303.1   1.05e+12
     305.1   1.05e+12
     307.1   1.05e+12
     309.1   1.05e+12
     311.1   1.05e+12
     313.1   1.05e+12
     315.1   1.05e+12
     317.1   1.05e+12
     319.1   1.05e+12
     321.1   1.05e+12
     323.1   1.05e+12
     325.1   1.05e+12
     327.1   1.05e+12
     329.1   1.05e+12
     331.1   1.05e+12
     333.1   1.05e+12
     335.1   1.05e+12
     337.1   1.05e+12
     339.1   1.05e+12
     341.1   1.05e+12
     343.1   1.05e+12
     345.2   1.05e+12
     347.2   1.05e+12
     349.2   1.05e+12
     351.2   1.05e+12
