         1  5.196e+09
     3.001   2.51e+10
     5.001  5.202e+10
     7.002   8.27e+10
     9.002  1.094e+11
        11  1.355e+11
        13  1.576e+11
        15  1.785e+11
        17  1.973e+11
        19  2.164e+11
        21  2.329e+11
     23.01  2.501e+11
     25.01  2.641e+11
     27.01  2.778e+11
     29.01  2.916e+11
     31.01  3.036e+11
     33.01  3.149e+11
     35.01  3.239e+11
     37.01  3.335e+11
     39.01  3.425e+11
     41.01   3.52e+11
     43.01  3.611e+11
     45.01  3.688e+11
     47.01  3.766e+11
     49.01  3.841e+11
     51.01  3.911e+11
     53.01  3.985e+11
     55.01  4.063e+11
     57.01  4.126e+11
     59.01  4.187e+11
     61.01   4.24e+11
     63.01  4.327e+11
     65.02  4.445e+11
     67.02  4.568e+11
     69.02  4.634e+11
     71.02  4.687e+11
     73.02  4.737e+11
     75.02    4.8e+11
     77.02  4.851e+11
     79.02  4.904e+11
     81.02  4.951e+11
     83.02  4.994e+11
     85.02  5.036e+11
     87.02   5.09e+11
     89.02  5.135e+11
     91.02  5.216e+11
     93.02  5.378e+11
     95.02  5.506e+11
     97.02  5.564e+11
     99.02  5.603e+11
       101  5.638e+11
       103  5.656e+11
       105  5.692e+11
       107  5.724e+11
       109  5.755e+11
       111  5.789e+11
       113  5.851e+11
       115  5.947e+11
       117  6.023e+11
       119  6.069e+11
       121  6.096e+11
       123  6.117e+11
       125  6.141e+11
       127   6.16e+11
       129  6.182e+11
       131  6.202e+11
       133  6.221e+11
       135  6.242e+11
       137  6.261e+11
       139  6.279e+11
       141  6.295e+11
       143  6.308e+11
       145  6.327e+11
       147  6.349e+11
       149  6.366e+11
       151    6.4e+11
       153  6.467e+11
       155  6.618e+11
       157  6.709e+11
       159  6.747e+11
       161  6.772e+11
       163   6.79e+11
       165   6.81e+11
       167  6.829e+11
       169  6.848e+11
       171  6.864e+11
       173  6.881e+11
       175  6.897e+11
       177  6.917e+11
       179  6.934e+11
       181  6.943e+11
       183  6.955e+11
       185  6.967e+11
       187  6.978e+11
       189  6.987e+11
       191  6.997e+11
       193  7.007e+11
       195  7.019e+11
       197  7.028e+11
       199  7.044e+11
       201   7.06e+11
       203  7.093e+11
       205  7.153e+11
       207   7.18e+11
       209  7.202e+11
       211  7.222e+11
     213.1  7.243e+11
     215.1  7.314e+11
     217.1  7.436e+11
     219.1  7.476e+11
     221.1  7.508e+11
     223.1  7.533e+11
     225.1  7.573e+11
     227.1  7.589e+11
     229.1  7.604e+11
     231.1  7.615e+11
     233.1  7.625e+11
     235.1   7.64e+11
     237.1  7.665e+11
     239.1  7.677e+11
     241.1  7.681e+11
     243.1  7.684e+11
     245.1   7.69e+11
     247.1  7.695e+11
     249.1  7.699e+11
     251.1  7.701e+11
     253.1  7.705e+11
     255.1  7.707e+11
     257.1  7.711e+11
     259.1  7.714e+11
     261.1  7.717e+11
     263.1  7.718e+11
     265.1  7.719e+11
     267.1  7.722e+11
     269.1  7.723e+11
     271.1  7.724e+11
     273.1  7.727e+11
     275.1  7.729e+11
     277.1  7.731e+11
     279.1  7.733e+11
     281.1  7.734e+11
     283.1  7.734e+11
     285.1  7.735e+11
     287.1  7.736e+11
     289.1  7.738e+11
     291.1  7.738e+11
     293.1  7.742e+11
     295.1  7.745e+11
     297.1  7.751e+11
     299.1  7.766e+11
     301.1  7.811e+11
     303.1  7.926e+11
     305.1  8.056e+11
     307.1  8.165e+11
     309.1  8.219e+11
     311.1  8.237e+11
     313.1  8.243e+11
     315.1  8.247e+11
     317.1  8.249e+11
     319.1  8.251e+11
     321.1  8.251e+11
     323.1  8.254e+11
     325.1  8.255e+11
     327.1  8.255e+11
     329.1  8.255e+11
     331.1  8.255e+11
     333.1  8.255e+11
     335.1  8.255e+11
     337.1  8.255e+11
     339.1  8.255e+11
     341.1  8.255e+11
     343.1  8.255e+11
     345.1  8.255e+11
     347.1  8.255e+11
     349.1  8.255e+11
     351.1  8.255e+11
