         1      18.57
     3.001      20.18
     5.001      20.58
     7.002      20.82
     9.002      21.23
        11      21.42
        13      21.63
        15      21.99
        17       22.1
        19      22.21
        21       22.4
     23.01      22.51
     25.01      22.72
     27.01      22.94
     29.01       23.1
     31.01      23.29
     33.01      23.46
     35.01      23.61
     37.01      23.61
     39.01      23.74
     41.01      23.76
     43.01      24.06
     45.01      24.26
     47.01       24.6
     49.01      24.87
     51.01      24.65
     53.01      24.76
     55.01      24.95
     57.01      24.89
     59.01      25.11
     61.01      25.03
     63.01      25.43
     65.02      26.77
     67.02      27.39
     69.02      27.84
     71.02      27.14
     73.02      27.01
     75.02      27.28
     77.02      27.61
     79.02      28.32
     81.02      28.25
     83.02       28.4
     85.02      28.35
     87.02      28.31
     89.02      28.56
     91.02      29.13
     93.02      29.67
     95.02      30.11
     97.02      30.34
     99.02      30.71
       101         32
       103      32.35
       105      32.23
       107      31.76
       109      33.44
       111      33.47
       113      33.87
       115      33.33
       117      33.23
       119      33.74
       121      33.98
       123      34.29
       125      36.23
       127       35.9
       129      35.18
       131      35.23
       133      35.19
       135      35.37
       137      35.86
       139      36.32
       141      36.62
       143       37.3
       145      37.29
       147      36.91
       149      37.32
       151      36.84
       153      36.34
       155      36.86
       157      37.29
       159      38.43
       161       37.9
       163      37.58
       165      37.46
       167      38.56
       169      38.95
       171      39.09
       173      39.37
       175      39.61
       177      39.92
       179      40.37
       181      40.66
       183      40.77
       185      41.08
       187      41.68
       189      41.55
       191      41.59
       193      41.41
       195      41.99
       197      42.69
       199      42.55
       201      42.36
       203      41.97
       205      41.86
       207      42.16
       209      42.32
       211      43.46
     213.1      43.35
     215.1      43.21
     217.1      42.83
     219.1      43.11
     221.1      43.06
     223.1      43.78
     225.1      44.02
     227.1      44.31
     229.1      44.28
     231.1      45.01
     233.1       45.2
     235.1       45.1
     237.1      44.95
     239.1      45.46
     241.1      45.96
     243.1      46.29
     245.1      46.15
     247.1      46.71
     249.1      47.36
     251.1      47.38
     253.1      47.23
     255.1      47.13
     257.1      46.92
     259.1      46.78
     261.1      47.75
     263.1      48.09
     265.1      48.06
     267.1      48.37
     269.1       48.1
     271.1      47.04
     273.1      47.14
     275.1      46.69
     277.1      47.69
     279.1      47.65
     281.1      48.72
     283.1      48.45
     285.1      48.33
     287.1      47.37
     289.1      47.65
     291.1       46.5
     293.1      45.58
     295.1      45.12
     297.1      44.36
     299.1      44.46
     301.1      44.73
     303.1      44.67
     305.1      45.37
     307.1      45.07
     309.1       46.3
     311.1      45.89
     313.1      46.19
     315.1      46.94
     317.1      47.17
     319.1      47.67
     321.1      47.21
     323.1      47.24
     325.1      48.62
     327.1      49.26
     329.1      49.17
     331.1      49.08
     333.1      49.21
     335.1      49.23
     337.1         50
     339.1         50
     341.1         50
     343.1         50
     345.1      48.34
     347.1      47.53
     349.1      48.13
     351.1         50
