         1  7.044e+09
     3.001   3.22e+10
     5.002  5.477e+10
     7.003  7.322e+10
     9.004  8.975e+10
        11  1.041e+11
     13.01  1.175e+11
     15.01  1.289e+11
     17.01  1.409e+11
     19.01  1.566e+11
     21.01  1.728e+11
     23.01  1.848e+11
     25.01  1.942e+11
     27.01  2.018e+11
     29.01  2.081e+11
     31.01  2.147e+11
     33.01  2.202e+11
     35.01  2.256e+11
     37.01    2.3e+11
     39.02  2.349e+11
     41.02  2.414e+11
     43.02  2.486e+11
     45.02  2.561e+11
     47.02  2.646e+11
     49.02  2.747e+11
     51.02  2.874e+11
     53.02  3.059e+11
     55.02   3.22e+11
     57.02   3.36e+11
     59.02  3.493e+11
     61.02  3.703e+11
     63.02  3.939e+11
     65.03  4.169e+11
     67.03  4.385e+11
     69.03  4.514e+11
     71.03  4.593e+11
     73.03  4.654e+11
     75.03    4.7e+11
     77.03   4.74e+11
     79.03  4.769e+11
     81.03  4.795e+11
     83.03  4.819e+11
     85.03  4.845e+11
     87.03  4.867e+11
     89.04  4.884e+11
     91.04  4.899e+11
     93.04   4.92e+11
     95.04  4.937e+11
     97.04  4.951e+11
     99.04  4.966e+11
       101  4.988e+11
       103  5.009e+11
       105  5.022e+11
       107  5.031e+11
       109  5.043e+11
       111  5.056e+11
       113  5.068e+11
       115  5.079e+11
       117  5.092e+11
       119  5.102e+11
       121  5.109e+11
       123  5.122e+11
       125  5.128e+11
     127.1  5.143e+11
     129.1  5.156e+11
     131.1  5.168e+11
     133.1  5.186e+11
     135.1  5.198e+11
     137.1  5.218e+11
     139.1  5.241e+11
     141.1  5.262e+11
     143.1  5.291e+11
     145.1  5.329e+11
     147.1  5.397e+11
     149.1  5.521e+11
     151.1  5.644e+11
     153.1  5.705e+11
     155.1  5.747e+11
     157.1  5.772e+11
     159.1  5.794e+11
     161.1  5.812e+11
     163.1  5.832e+11
     165.1  5.849e+11
     167.1   5.86e+11
     169.1  5.874e+11
     171.1  5.884e+11
     173.1  5.895e+11
     175.1  5.909e+11
     177.1  5.918e+11
     179.1  5.929e+11
     181.1  5.939e+11
     183.1  5.945e+11
     185.1  5.949e+11
     187.1  5.956e+11
     189.1  5.961e+11
     191.1  5.966e+11
     193.1  5.972e+11
     195.1   5.98e+11
     197.1  5.996e+11
     199.1  6.018e+11
     201.1  6.074e+11
     203.1  6.187e+11
     205.1  6.218e+11
     207.1  6.236e+11
     209.1  6.246e+11
     211.1  6.252e+11
     213.1  6.259e+11
     215.1  6.263e+11
     217.1  6.267e+11
     219.1   6.27e+11
     221.1  6.275e+11
     223.1  6.279e+11
     225.1  6.291e+11
     227.1  6.295e+11
     229.1  6.297e+11
     231.1  6.299e+11
     233.1  6.301e+11
     235.1  6.304e+11
     237.1  6.305e+11
     239.1  6.307e+11
     241.1  6.309e+11
     243.1  6.314e+11
     245.1  6.322e+11
     247.1  6.325e+11
     249.1  6.326e+11
     251.1  6.327e+11
     253.1  6.328e+11
     255.1  6.331e+11
     257.1  6.331e+11
     259.1  6.332e+11
     261.1  6.334e+11
     263.1  6.335e+11
     265.1  6.335e+11
     267.1  6.335e+11
     269.1  6.336e+11
     271.1  6.338e+11
     273.1  6.339e+11
     275.1  6.339e+11
     277.1   6.34e+11
     279.1   6.34e+11
     281.1  6.342e+11
     283.1  6.343e+11
     285.1  6.343e+11
     287.1  6.343e+11
     289.1  6.344e+11
     291.1  6.345e+11
     293.1  6.346e+11
     295.1   6.35e+11
     297.1  6.363e+11
     299.1  6.367e+11
     301.1  6.368e+11
     303.1  6.368e+11
     305.1  6.368e+11
     307.1  6.368e+11
     309.1  6.368e+11
     311.1  6.368e+11
     313.1  6.368e+11
     315.1  6.368e+11
     317.1  6.368e+11
     319.1  6.368e+11
     321.1  6.369e+11
     323.1  6.369e+11
     325.1  6.369e+11
     327.1  6.369e+11
     329.1  6.369e+11
     331.1  6.369e+11
     333.1  6.369e+11
     335.1  6.369e+11
     337.1  6.369e+11
     339.1  6.369e+11
     341.1  6.369e+11
     343.1  6.369e+11
     345.1  6.369e+11
     347.1  6.369e+11
     349.1  6.369e+11
     351.1  6.369e+11
