         1  3.267e+10
         3  1.123e+11
     5.001  1.367e+11
     7.001  1.477e+11
     9.001  1.544e+11
        11  1.604e+11
        13  1.663e+11
        15  1.719e+11
        17   1.78e+11
        19  1.837e+11
        21  1.912e+11
        23  2.026e+11
        25    2.3e+11
        27  2.547e+11
        29  2.696e+11
        31  2.837e+11
        33      3e+11
        35   3.24e+11
        37  3.633e+11
        39  3.975e+11
        41  4.523e+11
        43  5.296e+11
     45.01  5.713e+11
     47.01   6.04e+11
     49.01  6.304e+11
     51.01  6.508e+11
     53.01  6.677e+11
     55.01  6.816e+11
     57.01  6.957e+11
     59.01  7.099e+11
     61.01  7.212e+11
     63.01  7.315e+11
     65.01  7.394e+11
     67.01   7.47e+11
     69.01   7.54e+11
     71.01  7.621e+11
     73.01   7.71e+11
     75.01  7.922e+11
     77.01  8.026e+11
     79.01  8.099e+11
     81.01  8.178e+11
     83.01  8.292e+11
     85.01  8.368e+11
     87.01  8.439e+11
     89.01  8.543e+11
     91.01  8.721e+11
     93.01  9.018e+11
     95.01   9.31e+11
     97.01  9.541e+11
     99.01   9.69e+11
       101  9.758e+11
       103  9.812e+11
       105  9.861e+11
       107  9.904e+11
       109  9.952e+11
       111  9.991e+11
       113  1.006e+12
       115  1.023e+12
       117  1.057e+12
       119  1.069e+12
       121  1.073e+12
       123  1.078e+12
       125  1.081e+12
       127  1.085e+12
       129  1.088e+12
       131  1.091e+12
       133  1.097e+12
       135  1.101e+12
       137  1.103e+12
       139  1.108e+12
       141  1.114e+12
       143  1.135e+12
       145  1.148e+12
       147  1.166e+12
       149  1.184e+12
       151  1.192e+12
       153  1.196e+12
       155  1.199e+12
       157  1.202e+12
       159  1.205e+12
       161  1.211e+12
       163  1.219e+12
       165  1.235e+12
       167  1.253e+12
       169  1.258e+12
       171  1.261e+12
       173  1.263e+12
       175  1.267e+12
       177  1.269e+12
       179  1.275e+12
       181  1.295e+12
       183  1.302e+12
       185  1.307e+12
       187  1.313e+12
       189  1.315e+12
       191  1.316e+12
       193  1.317e+12
       195  1.318e+12
       197  1.318e+12
       199   1.32e+12
       201  1.321e+12
       203  1.324e+12
       205  1.329e+12
       207  1.331e+12
       209  1.333e+12
       211  1.334e+12
       213  1.335e+12
       215  1.336e+12
       217   1.34e+12
       219  1.341e+12
       221  1.342e+12
       223  1.342e+12
       225  1.343e+12
       227  1.344e+12
       229  1.344e+12
       231  1.345e+12
       233  1.345e+12
       235  1.345e+12
       237  1.345e+12
       239  1.346e+12
       241  1.346e+12
       243  1.346e+12
       245  1.347e+12
       247  1.347e+12
       249  1.348e+12
       251  1.348e+12
       253  1.348e+12
       255  1.349e+12
       257  1.349e+12
       259  1.349e+12
       261  1.349e+12
       263   1.35e+12
       265  1.351e+12
       267  1.353e+12
       269  1.359e+12
       271  1.362e+12
       273  1.363e+12
       275  1.363e+12
       277  1.364e+12
       279  1.364e+12
       281  1.364e+12
       283  1.365e+12
       285  1.365e+12
       287  1.365e+12
       289  1.365e+12
       291  1.365e+12
       293  1.365e+12
       295  1.365e+12
       297  1.365e+12
       299  1.365e+12
       301  1.365e+12
       303  1.365e+12
       305  1.365e+12
       307  1.365e+12
       309  1.365e+12
       311  1.365e+12
       313  1.365e+12
       315  1.365e+12
       317  1.365e+12
       319  1.365e+12
       321  1.365e+12
       323  1.365e+12
       325  1.365e+12
       327  1.365e+12
       329  1.365e+12
       331  1.365e+12
       333  1.365e+12
       335  1.365e+12
       337  1.365e+12
       339  1.365e+12
       341  1.365e+12
       343  1.365e+12
       345  1.365e+12
       347  1.365e+12
       349  1.365e+12
       351  1.365e+12
