         1      17.04
         3      18.78
     5.001      20.37
     7.001      21.29
     9.001      21.85
        11      21.96
        13      22.19
        15       22.2
        17      22.33
        19      22.43
        21      22.24
        23      22.24
        25       21.9
        27      21.98
        29      21.87
        31      21.84
        33      21.97
        35      22.17
        37      22.34
        39      22.25
        41      22.45
        43      22.77
     45.01      22.98
     47.01      22.86
     49.01      22.84
     51.01      23.02
     53.01      23.45
     55.01      23.91
     57.01       23.8
     59.01      23.54
     61.01      23.73
     63.01      24.24
     65.01      25.66
     67.01      25.82
     69.01      26.39
     71.01      26.85
     73.01      26.26
     75.01      26.63
     77.01      27.09
     79.01      29.14
     81.01      29.71
     83.01      30.04
     85.01      31.55
     87.01      31.61
     89.01      31.88
     91.01      31.89
     93.01      32.57
     95.01      32.85
     97.01      32.81
     99.01      32.88
       101       32.6
       103      32.75
       105      32.94
       107      32.98
       109      33.94
       111      34.51
       113       34.7
       115       34.6
       117      34.03
       119      34.86
       121      35.09
       123      36.35
       125       36.6
       127      36.72
       129      37.14
       131      37.17
       133       37.9
       135      38.17
       137       38.8
       139      39.26
       141      39.24
       143       39.3
       145      39.23
       147       40.2
       149         41
       151      40.96
       153      40.39
       155      39.96
       157      40.74
       159      40.77
       161      41.16
       163      41.66
       165      42.23
       167      43.18
       169      43.59
       171      43.96
       173      43.75
       175      43.08
       177      43.21
       179      44.14
       181       44.5
       183      44.84
       185      45.19
       187      45.06
       189      44.69
       191       45.7
       193      45.62
       195      46.16
       197      45.45
       199      45.86
       201      46.15
       203      46.03
       205      46.24
       207      46.42
       209      46.39
       211      46.54
       213      46.89
       215       46.6
       217      46.53
       219      46.47
       221      47.03
       223      47.23
       225      47.42
       227      47.61
       229      47.84
       231      48.11
       233       48.5
       235      48.34
       237      47.87
       239      47.65
       241      47.88
       243      48.28
       245       48.6
       247      48.32
       249      48.13
       251      47.99
       253      48.39
       255      48.55
       257       48.8
       259      48.65
       261      48.34
       263      47.96
       265       48.1
       267      48.26
       269      48.03
       271      48.01
       273      48.05
       275      48.25
       277      48.26
       279      47.98
       281      48.12
       283      47.92
       285      48.73
       287      48.84
       289      48.74
       291      48.82
       293       48.7
       295       49.1
       297      48.35
       299      48.27
       301      48.03
       303      48.32
       305      49.11
       307      49.64
       309      49.81
       311         50
       313         50
       315         50
       317         50
       319         50
       321         50
       323         50
       325         50
       327         50
       329         50
       331         50
       333         50
       335         50
       337         50
       339         50
       341         50
       343         50
       345         50
       347         50
       349         50
       351         50
