     2.001  1.762e+10
     6.002   8.63e+10
        10  1.827e+11
        14  2.855e+11
        18  3.998e+11
     22.01  5.125e+11
     26.01  6.264e+11
     30.01  7.426e+11
     34.01  8.618e+11
     38.01  9.817e+11
     42.01  1.103e+12
     46.01  1.218e+12
     50.01  1.337e+12
     54.01  1.451e+12
     58.02  1.564e+12
     62.02  1.668e+12
     66.02  1.771e+12
     70.02  1.867e+12
     74.02   1.96e+12
     78.02  2.041e+12
     82.02   2.12e+12
     86.02  2.192e+12
     90.02  2.259e+12
     94.03   2.32e+12
     98.03  2.374e+12
       102   2.43e+12
       106  2.482e+12
       110  2.532e+12
       114  2.579e+12
       118  2.624e+12
       122  2.673e+12
       126  2.718e+12
       130  2.759e+12
       134    2.8e+12
       138   2.84e+12
       142   2.88e+12
       146  2.919e+12
       150  2.957e+12
       154  2.995e+12
       158  3.028e+12
       162  3.061e+12
       166  3.092e+12
       170  3.125e+12
       174  3.157e+12
       178  3.187e+12
     182.1  3.212e+12
     186.1   3.24e+12
     190.1  3.269e+12
     194.1  3.293e+12
     198.1  3.315e+12
     202.1  3.336e+12
     206.1  3.354e+12
     210.1  3.375e+12
     214.1  3.394e+12
     218.1  3.413e+12
     222.1  3.434e+12
     226.1  3.454e+12
     230.1  3.473e+12
     234.1  3.489e+12
     238.1  3.506e+12
     242.1  3.526e+12
     246.1  3.544e+12
     250.1  3.561e+12
     254.1  3.573e+12
     258.1  3.585e+12
     262.1  3.597e+12
     266.1  3.606e+12
     270.1  3.613e+12
     274.1   3.62e+12
     278.1  3.626e+12
     282.1   3.63e+12
     286.1  3.635e+12
     290.1  3.638e+12
     294.1  3.641e+12
     298.1  3.643e+12
     302.1  3.646e+12
     306.1  3.648e+12
     310.1   3.65e+12
     314.1  3.652e+12
     318.1  3.653e+12
     322.1  3.654e+12
     326.1  3.655e+12
     330.1  3.656e+12
     334.1  3.657e+12
     338.1  3.657e+12
     342.1  3.658e+12
     346.1  3.658e+12
     350.1  3.659e+12
