     2.001      20.13
     6.002      20.47
        10      20.73
        14      20.99
        18      21.19
     22.01      21.38
     26.01      21.54
     30.01      21.66
     34.01      21.84
     38.01      22.02
     42.01      22.22
     46.01      22.33
     50.01      22.47
     54.01      22.66
     58.02      22.78
     62.02      22.91
     66.02      23.07
     70.02      23.07
     74.02      23.17
     78.02      23.32
     82.02      23.38
     86.02       23.5
     90.02      23.64
     94.03      23.74
     98.03      23.75
       102       23.8
       106      23.87
       110      23.93
       114      24.04
       118      24.11
       122      24.31
       126      24.37
       130      24.46
       134      24.54
       138      24.58
       142      24.61
       146      24.77
       150      24.84
       154      25.04
       158      25.04
       162      25.22
       166      25.63
       170      25.69
       174      25.48
       178       25.6
     182.1      25.88
     186.1       25.9
     190.1      25.99
     194.1      26.39
     198.1      26.33
     202.1      26.83
     206.1      26.72
     210.1      26.71
     214.1      26.81
     218.1      27.12
     222.1      27.43
     226.1      27.38
     230.1      27.09
     234.1      27.77
     238.1      27.36
     242.1       27.4
     246.1      27.76
     250.1      28.52
     254.1      28.88
     258.1      28.18
     262.1      28.71
     266.1      29.14
     270.1      29.59
     274.1      29.49
     278.1      30.58
     282.1      30.94
     286.1      31.54
     290.1      33.78
     294.1      32.51
     298.1      31.83
     302.1      32.02
     306.1      33.07
     310.1      32.04
     314.1      31.96
     318.1      34.57
     322.1      33.08
     326.1      33.73
     330.1      32.55
     334.1      37.21
     338.1      38.28
     342.1      34.36
     346.1      34.25
     350.1      38.08
