     2.001      20.52
     6.002      20.84
        10      21.08
        14      21.34
        18      21.53
     22.01      21.71
     26.01      21.84
     30.01      21.95
     34.01      22.13
     38.01      22.33
     42.01      22.53
     46.01      22.63
     50.01      22.78
     54.01      22.98
     58.02       23.1
     62.02      23.23
     66.02       23.4
     70.02       23.4
     74.02       23.5
     78.02      23.65
     82.02      23.71
     86.02      23.84
     90.02      23.99
     94.03      24.08
     98.03      24.09
       102      24.13
       106       24.2
       110      24.25
       114      24.36
       118      24.44
       122      24.66
       126      24.72
       130       24.8
       134      24.88
       138      24.92
       142      24.96
       146      25.12
       150       25.2
       154       25.4
       158       25.4
       162      25.58
       166      25.99
       170      26.05
       174      25.84
       178      25.96
     182.1      26.24
     186.1      26.27
     190.1      26.36
     194.1      26.75
     198.1       26.7
     202.1       27.2
     206.1      27.09
     210.1      27.08
     214.1      27.19
     218.1      27.49
     222.1      27.79
     226.1      27.75
     230.1      27.46
     234.1      28.13
     238.1      27.72
     242.1      27.77
     246.1      28.12
     250.1      28.87
     254.1      29.23
     258.1      28.54
     262.1      29.06
     266.1      29.49
     270.1      29.93
     274.1      29.83
     278.1      30.91
     282.1      31.26
     286.1      31.85
     290.1      34.07
     294.1      32.82
     298.1      32.14
     302.1      32.32
     306.1      33.35
     310.1      32.36
     314.1      32.26
     318.1      34.85
     322.1      33.37
     326.1      34.01
     330.1      32.83
     334.1      37.45
     338.1      38.48
     342.1      34.65
     346.1      34.52
     350.1      38.27
