     2.001  1.851e+10
     6.002  9.207e+10
        10    1.7e+11
     14.01  2.445e+11
     18.01  3.156e+11
     22.01  3.738e+11
     26.01   4.22e+11
     30.01  4.714e+11
     34.01  5.427e+11
     38.02  6.092e+11
     42.02  6.992e+11
     46.02  7.783e+11
     50.02  8.391e+11
     54.02   8.89e+11
     58.02  9.486e+11
     62.02  1.006e+12
     66.03  1.054e+12
     70.03  1.109e+12
     74.03  1.144e+12
     78.03  1.183e+12
     82.03  1.231e+12
     86.03  1.289e+12
     90.04  1.374e+12
     94.04  1.455e+12
     98.04  1.509e+12
       102   1.55e+12
       106  1.598e+12
       110  1.663e+12
       114  1.708e+12
       118  1.765e+12
       122  1.796e+12
       126  1.816e+12
     130.1  1.834e+12
     134.1  1.851e+12
     138.1  1.866e+12
     142.1  1.881e+12
     146.1  1.907e+12
     150.1  1.946e+12
     154.1  1.982e+12
     158.1  1.996e+12
     162.1  2.008e+12
     166.1  2.019e+12
     170.1   2.03e+12
     174.1  2.041e+12
     178.1   2.05e+12
     182.1  2.063e+12
     186.1  2.077e+12
     190.1  2.088e+12
     194.1  2.101e+12
     198.1  2.123e+12
     202.1   2.16e+12
     206.1  2.201e+12
     210.1   2.22e+12
     214.1  2.229e+12
     218.1  2.237e+12
     222.1  2.259e+12
     226.1   2.28e+12
     230.1  2.287e+12
     234.1  2.293e+12
     238.1  2.303e+12
     242.1   2.31e+12
     246.1  2.315e+12
     250.1  2.319e+12
     254.1  2.326e+12
     258.1  2.345e+12
     262.1  2.351e+12
     266.1  2.352e+12
     270.1  2.355e+12
     274.1  2.356e+12
     278.1  2.358e+12
     282.1  2.361e+12
     286.1  2.362e+12
     290.1  2.363e+12
     294.1  2.364e+12
     298.1  2.367e+12
     302.1  2.371e+12
     306.1  2.372e+12
     310.1  2.372e+12
     314.1  2.372e+12
     318.1  2.373e+12
     322.1  2.373e+12
     326.1  2.373e+12
     330.1  2.373e+12
     334.1  2.374e+12
     338.1  2.374e+12
     342.1  2.375e+12
     346.1  2.375e+12
     350.1  2.375e+12
