         1      18.27
     3.001      19.51
     5.002      19.87
     7.003      20.32
     9.004      20.38
        11      20.41
     13.01      20.68
     15.01       20.8
     17.01      21.14
     19.01      21.23
     21.01      21.38
     23.01       21.6
     25.01      21.74
     27.01      21.89
     29.01      21.94
     31.01      21.92
     33.01      22.02
     35.01      22.15
     37.01      22.23
     39.02      22.25
     41.02      22.35
     43.02      22.48
     45.02      22.51
     47.02      22.58
     49.02       22.8
     51.02      22.98
     53.02      23.01
     55.02      22.95
     57.02      23.11
     59.02      23.24
     61.02      23.24
     63.02      23.47
     65.03      23.54
     67.03      23.64
     69.03      23.62
     71.03      23.74
     73.03      23.73
     75.03      23.74
     77.03      23.82
     79.03      24.03
     81.03      24.18
     83.03      24.18
     85.03      24.47
     87.03      24.48
     89.04      24.21
     91.04      24.27
     93.04      24.45
     95.04       24.8
     97.04      24.72
     99.04      24.77
       101      25.27
       103      25.19
       105      24.96
       107      25.04
       109      25.26
       111      25.51
       113      25.57
       115      25.39
       117      25.87
       119      26.05
       121       26.2
       123      25.84
       125      26.08
     127.1       26.1
     129.1      26.41
     131.1       26.3
     133.1      26.65
     135.1      26.74
     137.1      27.27
     139.1      27.19
     141.1      27.51
     143.1      27.65
     145.1      27.65
     147.1      28.34
     149.1      28.95
     151.1       28.6
     153.1      28.62
     155.1      29.11
     157.1       28.6
     159.1      28.37
     161.1      28.75
     163.1      29.66
     165.1      29.18
     167.1      29.93
     169.1      30.46
     171.1      29.95
     173.1      29.62
     175.1      30.15
     177.1      30.74
     179.1      31.08
     181.1      30.98
     183.1      31.97
     185.1      32.71
     187.1       31.6
     189.1       31.6
     191.1      31.94
     193.1      32.62
     195.1      33.64
     197.1      33.56
     199.1      33.23
     201.1      33.52
     203.1      33.71
     205.1      34.41
     207.1      33.91
     209.1      34.35
     211.1      35.06
     213.1      35.05
     215.1      35.76
     217.1      35.81
     219.1      35.68
     221.1      36.15
     223.1      36.39
     225.1       37.3
     227.1      38.04
     229.1      38.52
     231.1      38.73
     233.1      39.36
     235.1      39.87
     237.1      39.12
     239.1      39.13
     241.1      39.63
     243.1      40.15
     245.1      40.25
     247.1      40.28
     249.1      41.29
     251.1       41.2
     253.1      40.89
     255.1      40.73
     257.1      41.63
     259.1      41.17
     261.1      41.71
     263.1       42.2
     265.1      42.45
     267.1      41.19
     269.1      41.71
     271.1      42.38
     273.1      42.31
     275.1      41.52
     277.1      40.57
     279.1      41.27
     281.1      41.67
     283.1      42.68
     285.1      42.54
     287.1      43.14
     289.1         43
     291.1      43.85
     293.1      43.46
     295.1      44.05
     297.1      43.01
     299.1      42.49
     301.1      42.63
     303.1      43.16
     305.1      43.71
     307.1      43.78
     309.1      44.39
     311.1       44.7
     313.1      44.99
     315.1      45.89
     317.1      46.81
     319.1      45.61
     321.1      45.32
     323.1      45.01
     325.1      42.89
     327.1       42.6
     329.1      42.89
     331.1      43.95
     333.1      43.67
     335.1      44.33
     337.1      45.07
     339.1      45.29
     341.1      44.17
     343.1      44.62
     345.1      44.83
     347.1      44.08
     349.1      38.72
     351.1      37.57
