         1  8.273e+09
     3.001   3.76e+10
     5.002  6.951e+10
     7.003  9.754e+10
     9.004  1.257e+11
        11  1.516e+11
     13.01  1.791e+11
     15.01  2.058e+11
     17.01  2.316e+11
     19.01  2.584e+11
     21.01  2.857e+11
     23.01  3.101e+11
     25.01  3.375e+11
     27.01  3.626e+11
     29.01   3.87e+11
     31.01  4.119e+11
     33.01  4.374e+11
     35.01   4.61e+11
     37.01  4.837e+11
     39.02  5.035e+11
     41.02  5.229e+11
     43.02  5.415e+11
     45.02   5.62e+11
     47.02  5.795e+11
     49.02   5.98e+11
     51.02  6.156e+11
     53.02  6.335e+11
     55.02  6.495e+11
     57.02  6.654e+11
     59.02   6.81e+11
     61.02  6.961e+11
     63.02  7.111e+11
     65.03  7.257e+11
     67.03  7.419e+11
     69.03  7.569e+11
     71.03  7.734e+11
     73.03  7.914e+11
     75.03  8.095e+11
     77.03  8.267e+11
     79.03  8.444e+11
     81.03  8.616e+11
     83.03  8.779e+11
     85.03  8.946e+11
     87.03  9.101e+11
     89.04  9.251e+11
     91.04  9.382e+11
     93.04  9.509e+11
     95.04   9.63e+11
     97.04  9.739e+11
     99.04  9.859e+11
       101  9.973e+11
       103  1.009e+12
       105  1.023e+12
       107  1.034e+12
       109  1.046e+12
       111  1.058e+12
       113  1.071e+12
       115  1.084e+12
       117  1.096e+12
       119  1.109e+12
       121  1.123e+12
       123   1.14e+12
       125  1.155e+12
     127.1  1.167e+12
     129.1  1.178e+12
     131.1  1.187e+12
     133.1  1.198e+12
     135.1  1.208e+12
     137.1  1.219e+12
     139.1   1.23e+12
     141.1  1.241e+12
     143.1  1.254e+12
     145.1  1.268e+12
     147.1   1.28e+12
     149.1  1.292e+12
     151.1  1.303e+12
     153.1  1.315e+12
     155.1  1.329e+12
     157.1  1.342e+12
     159.1  1.352e+12
     161.1  1.363e+12
     163.1  1.374e+12
     165.1  1.384e+12
     167.1  1.394e+12
     169.1  1.403e+12
     171.1  1.412e+12
     173.1  1.419e+12
     175.1  1.426e+12
     177.1  1.433e+12
     179.1  1.439e+12
     181.1  1.446e+12
     183.1  1.454e+12
     185.1  1.461e+12
     187.1  1.466e+12
     189.1  1.471e+12
     191.1  1.476e+12
     193.1  1.481e+12
     195.1  1.485e+12
     197.1   1.49e+12
     199.1  1.495e+12
     201.1    1.5e+12
     203.1  1.505e+12
     205.1  1.509e+12
     207.1  1.514e+12
     209.1  1.519e+12
     211.1  1.524e+12
     213.1  1.529e+12
     215.1  1.534e+12
     217.1  1.539e+12
     219.1  1.543e+12
     221.1  1.547e+12
     223.1  1.552e+12
     225.1  1.556e+12
     227.1  1.561e+12
     229.1  1.564e+12
     231.1  1.568e+12
     233.1  1.571e+12
     235.1  1.575e+12
     237.1  1.578e+12
     239.1  1.581e+12
     241.1  1.584e+12
     243.1  1.587e+12
     245.1   1.59e+12
     247.1  1.593e+12
     249.1  1.595e+12
     251.1  1.598e+12
     253.1    1.6e+12
     255.1  1.601e+12
     257.1  1.603e+12
     259.1  1.604e+12
     261.1  1.605e+12
     263.1  1.607e+12
     265.1  1.609e+12
     267.1   1.61e+12
     269.1  1.611e+12
     271.1  1.612e+12
     273.1  1.613e+12
     275.1  1.614e+12
     277.1  1.615e+12
     279.1  1.615e+12
     281.1  1.616e+12
     283.1  1.617e+12
     285.1  1.618e+12
     287.1  1.618e+12
     289.1  1.618e+12
     291.1  1.619e+12
     293.1  1.619e+12
     295.1  1.619e+12
     297.1   1.62e+12
     299.1   1.62e+12
     301.1   1.62e+12
     303.1  1.621e+12
     305.1  1.621e+12
     307.1  1.621e+12
     309.1  1.621e+12
     311.1  1.621e+12
     313.1  1.621e+12
     315.1  1.621e+12
     317.1  1.621e+12
     319.1  1.622e+12
     321.1  1.622e+12
     323.1  1.622e+12
     325.1  1.622e+12
     327.1  1.622e+12
     329.1  1.622e+12
     331.1  1.622e+12
     333.1  1.622e+12
     335.1  1.622e+12
     337.1  1.622e+12
     339.1  1.622e+12
     341.1  1.622e+12
     343.1  1.622e+12
     345.1  1.622e+12
     347.1  1.623e+12
     349.1  1.623e+12
     351.1  1.623e+12
