     2.001    5.6e+10
     6.002  2.091e+11
        10  3.123e+11
     14.01  4.006e+11
     18.01  4.781e+11
     22.01  5.517e+11
     26.01  6.237e+11
     30.01  6.927e+11
     34.01  7.566e+11
     38.02   8.16e+11
     42.02  8.684e+11
     46.02   9.23e+11
     50.02  9.695e+11
     54.02   1.01e+12
     58.02  1.048e+12
     62.02  1.083e+12
     66.03  1.116e+12
     70.03  1.148e+12
     74.03  1.179e+12
     78.03  1.208e+12
     82.03  1.241e+12
     86.03  1.269e+12
     90.04  1.296e+12
     94.04   1.32e+12
     98.04  1.344e+12
       102  1.369e+12
       106  1.393e+12
       110  1.418e+12
       114  1.445e+12
       118   1.47e+12
       122  1.493e+12
       126  1.516e+12
     130.1  1.539e+12
     134.1  1.562e+12
     138.1  1.583e+12
     142.1  1.602e+12
     146.1  1.623e+12
     150.1  1.642e+12
     154.1  1.665e+12
     158.1  1.689e+12
     162.1  1.708e+12
     166.1  1.728e+12
     170.1  1.749e+12
     174.1  1.766e+12
     178.1  1.782e+12
     182.1  1.795e+12
     186.1  1.809e+12
     190.1  1.823e+12
     194.1  1.842e+12
     198.1  1.855e+12
     202.1  1.869e+12
     206.1  1.885e+12
     210.1  1.899e+12
     214.1  1.912e+12
     218.1  1.926e+12
     222.1   1.94e+12
     226.1  1.954e+12
     230.1  1.966e+12
     234.1  1.976e+12
     238.1  1.987e+12
     242.1  2.001e+12
     246.1  2.014e+12
     250.1  2.027e+12
     254.1  2.036e+12
     258.1  2.043e+12
     262.1   2.05e+12
     266.1  2.054e+12
     270.1   2.06e+12
     274.1  2.064e+12
     278.1  2.069e+12
     282.1  2.072e+12
     286.1  2.075e+12
     290.1  2.078e+12
     294.1  2.082e+12
     298.1  2.084e+12
     302.1  2.086e+12
     306.1  2.088e+12
     310.1  2.089e+12
     314.1   2.09e+12
     318.1  2.091e+12
     322.1  2.092e+12
     326.1  2.092e+12
     330.1  2.093e+12
     334.1  2.094e+12
     338.1  2.094e+12
     342.1  2.094e+12
     346.1  2.094e+12
     350.1  2.094e+12
