     2.001      17.89
     6.002       19.3
        10      19.92
     14.01      20.32
     18.01      20.75
     22.01         21
     26.01      21.21
     30.01      21.43
     34.01      21.78
     38.02      21.99
     42.02       22.1
     46.02      22.29
     50.02      22.55
     54.02       22.7
     58.02       22.9
     62.02       23.1
     66.03      23.27
     70.03       23.4
     74.03      23.46
     78.03      23.58
     82.03      23.61
     86.03      23.83
     90.04      23.95
     94.04      24.12
     98.04      24.04
       102      24.24
       106       24.4
       110      24.72
       114      24.69
       118       25.1
       122      25.02
       126      25.03
     130.1      25.35
     134.1      25.41
     138.1      25.99
     142.1      26.14
     146.1      26.05
     150.1       26.3
     154.1      25.91
     158.1       26.5
     162.1      27.24
     166.1      27.86
     170.1       28.5
     174.1      28.76
     178.1      29.05
     182.1      29.55
     186.1      29.73
     190.1      29.17
     194.1      29.74
     198.1      31.12
     202.1      30.83
     206.1       30.8
     210.1      31.23
     214.1      30.99
     218.1      32.03
     222.1      31.45
     226.1      31.73
     230.1      32.58
     234.1      32.15
     238.1       32.6
     242.1      33.22
     246.1      33.38
     250.1      34.37
     254.1      34.93
     258.1      33.77
     262.1      35.27
     266.1      35.53
     270.1      35.03
     274.1      35.62
     278.1      36.32
     282.1      37.12
     286.1      36.19
     290.1      37.04
     294.1      38.72
     298.1      38.18
     302.1      37.25
     306.1      38.59
     310.1       39.1
     314.1      37.73
     318.1      37.61
     322.1      40.16
     326.1      39.84
     330.1      38.74
     334.1       39.8
     338.1      41.35
     342.1      41.08
     346.1       39.7
     350.1      40.42
