         1      16.99
     3.001      18.76
     5.002      19.38
     7.003      19.77
     9.004      20.11
        11      20.23
     13.01      20.46
     15.01      20.66
     17.01       20.9
     19.01      21.08
     21.01       21.2
     23.01      21.28
     25.01      21.38
     27.01      21.56
     29.01      21.59
     31.01      21.78
     33.01         22
     35.01       22.1
     37.01       22.2
     39.02      22.29
     41.02      22.33
     43.02      22.38
     45.02       22.5
     47.02      22.58
     49.02      22.75
     51.02      22.89
     53.02      22.95
     55.02      22.99
     57.02      23.13
     59.02       23.2
     61.02       23.3
     63.02      23.44
     65.03      23.55
     67.03      23.55
     69.03      23.62
     71.03      23.74
     73.03      23.68
     75.03       23.8
     77.03      23.88
     79.03      23.84
     81.03      23.84
     83.03      23.92
     85.03      24.08
     87.03      24.13
     89.04      24.15
     91.04      24.31
     93.04      24.37
     95.04      24.43
     97.04      24.29
     99.04      24.35
       101      24.49
       103      24.55
       105      24.59
       107      24.79
       109      25.03
       111      24.99
       113      24.79
       115      25.16
       117      25.35
       119      25.43
       121      25.38
       123      25.23
       125      25.32
     127.1      25.32
     129.1      25.67
     131.1      25.59
     133.1      25.63
     135.1      25.73
     137.1      26.09
     139.1      26.44
     141.1      26.24
     143.1      26.62
     145.1      26.27
     147.1       26.4
     149.1      26.83
     151.1      26.33
     153.1      26.06
     155.1      26.33
     157.1      26.63
     159.1      26.94
     161.1      27.11
     163.1      27.88
     165.1      28.17
     167.1       28.1
     169.1      28.89
     171.1      28.64
     173.1      29.04
     175.1      29.03
     177.1      29.14
     179.1      29.48
     181.1      29.58
     183.1      30.02
     185.1      29.92
     187.1      30.05
     189.1      29.65
     191.1      29.22
     193.1      29.51
     195.1      30.47
     197.1      31.25
     199.1      31.46
     201.1      31.22
     203.1      30.94
     205.1      30.86
     207.1      31.22
     209.1      31.72
     211.1      31.23
     213.1         31
     215.1      31.48
     217.1      32.23
     219.1       32.3
     221.1      31.93
     223.1      31.46
     225.1      31.42
     227.1       32.5
     229.1      32.79
     231.1      32.82
     233.1      32.49
     235.1      32.27
     237.1      32.58
     239.1      33.08
     241.1      33.34
     243.1      33.55
     245.1      33.53
     247.1      33.67
     249.1      34.24
     251.1      34.94
     253.1       35.5
     255.1      34.74
     257.1      33.79
     259.1       34.2
     261.1      35.34
     263.1       35.6
     265.1      36.12
     267.1      35.26
     269.1      34.99
     271.1      35.45
     273.1      35.27
     275.1      36.27
     277.1      36.37
     279.1       36.6
     281.1      37.31
     283.1      37.25
     285.1       36.7
     287.1      35.92
     289.1      36.25
     291.1      38.22
     293.1      39.43
     295.1      38.37
     297.1      38.92
     299.1      37.84
     301.1       37.5
     303.1      37.31
     305.1      38.11
     307.1      39.45
     309.1      39.32
     311.1      39.13
     313.1       38.3
     315.1      37.38
     317.1      37.11
     319.1      38.31
     321.1      39.01
     323.1      41.44
     325.1      39.71
     327.1      40.25
     329.1      38.78
     331.1      39.07
     333.1      39.67
     335.1      40.43
     337.1      41.47
     339.1      41.49
     341.1      41.87
     343.1      40.81
     345.1      38.65
     347.1      40.64
     349.1      42.14
     351.1      38.15
