         1  1.649e+10
     3.001  3.241e+10
     5.001  6.368e+10
     7.002  1.049e+11
     9.002  1.562e+11
        11  2.129e+11
        13  2.728e+11
        15  3.399e+11
        17  4.065e+11
     19.01  4.751e+11
     21.01  5.408e+11
     23.01  6.078e+11
     25.01  6.742e+11
     27.01  7.412e+11
     29.01  8.056e+11
     31.01  8.698e+11
     33.01  9.388e+11
     35.01   1.01e+12
     37.01  1.073e+12
     39.01  1.134e+12
     41.01  1.188e+12
     43.01  1.242e+12
     45.01  1.293e+12
     47.01  1.349e+12
     49.01  1.406e+12
     51.01  1.457e+12
     53.01  1.506e+12
     55.02  1.554e+12
     57.02    1.6e+12
     59.02  1.644e+12
     61.02  1.687e+12
     63.02   1.73e+12
     65.02   1.78e+12
     67.02  1.829e+12
     69.02  1.876e+12
     71.02  1.924e+12
     73.02  1.968e+12
     75.02  2.012e+12
     77.02  2.063e+12
     79.02   2.11e+12
     81.02  2.155e+12
     83.02  2.195e+12
     85.02  2.231e+12
     87.02  2.264e+12
     89.02  2.296e+12
     91.03  2.327e+12
     93.03  2.361e+12
     95.03  2.392e+12
     97.03  2.427e+12
     99.03  2.458e+12
       101  2.486e+12
       103   2.51e+12
       105  2.535e+12
       107  2.561e+12
       109  2.588e+12
       111   2.62e+12
       113  2.658e+12
       115  2.693e+12
       117  2.729e+12
       119  2.774e+12
       121  2.816e+12
       123  2.848e+12
       125  2.876e+12
       127  2.902e+12
       129  2.927e+12
       131  2.952e+12
       133  2.981e+12
       135  3.017e+12
       137  3.059e+12
       139  3.094e+12
       141  3.122e+12
       143  3.148e+12
       145  3.169e+12
       147  3.191e+12
       149  3.212e+12
       151  3.234e+12
       153  3.254e+12
       155  3.275e+12
       157  3.296e+12
       159  3.317e+12
       161   3.34e+12
       163  3.368e+12
       165  3.399e+12
       167  3.424e+12
       169  3.442e+12
       171  3.462e+12
       173  3.481e+12
       175    3.5e+12
       177  3.518e+12
       179  3.535e+12
       181  3.557e+12
     183.1  3.585e+12
     185.1  3.618e+12
     187.1  3.646e+12
     189.1  3.672e+12
     191.1  3.696e+12
     193.1  3.725e+12
     195.1  3.754e+12
     197.1  3.781e+12
     199.1  3.802e+12
     201.1  3.823e+12
     203.1  3.849e+12
     205.1  3.871e+12
     207.1  3.888e+12
     209.1  3.905e+12
     211.1  3.922e+12
     213.1  3.938e+12
     215.1  3.953e+12
     217.1  3.967e+12
     219.1  3.982e+12
     221.1  3.998e+12
     223.1  4.014e+12
     225.1  4.034e+12
     227.1  4.056e+12
     229.1  4.079e+12
     231.1  4.097e+12
     233.1  4.113e+12
     235.1  4.127e+12
     237.1  4.144e+12
     239.1  4.161e+12
     241.1  4.179e+12
     243.1  4.199e+12
     245.1  4.218e+12
     247.1  4.239e+12
     249.1  4.261e+12
     251.1  4.278e+12
     253.1  4.291e+12
     255.1  4.301e+12
     257.1  4.311e+12
     259.1   4.32e+12
     261.1  4.328e+12
     263.1  4.336e+12
     265.1  4.344e+12
     267.1  4.353e+12
     269.1  4.362e+12
     271.1  4.369e+12
     273.1  4.376e+12
     275.1  4.381e+12
     277.1  4.387e+12
     279.1  4.393e+12
     281.1  4.401e+12
     283.1  4.412e+12
     285.1  4.422e+12
     287.1  4.431e+12
     289.1  4.441e+12
     291.1   4.45e+12
     293.1  4.456e+12
     295.1  4.461e+12
     297.1  4.464e+12
     299.1  4.468e+12
     301.1  4.472e+12
     303.1  4.475e+12
     305.1  4.478e+12
     307.1   4.48e+12
     309.1  4.483e+12
     311.1  4.485e+12
     313.1  4.488e+12
     315.1   4.49e+12
     317.1  4.492e+12
     319.1  4.495e+12
     321.1  4.497e+12
     323.1  4.499e+12
     325.1  4.501e+12
     327.1  4.503e+12
     329.1  4.505e+12
     331.1  4.507e+12
     333.1  4.508e+12
     335.1  4.509e+12
     337.1  4.511e+12
     339.1  4.512e+12
     341.1  4.512e+12
     343.1  4.513e+12
     345.1  4.513e+12
     347.1  4.514e+12
     349.1  4.514e+12
     351.1  4.514e+12
