         1  1.442e+11
     3.001  6.916e+11
     5.001  1.196e+12
     7.002  1.627e+12
     9.002  1.972e+12
        11  2.289e+12
        13  2.574e+12
        15   2.83e+12
        17  3.071e+12
     19.01  3.289e+12
     21.01  3.497e+12
     23.01  3.691e+12
     25.01  3.874e+12
     27.01  4.055e+12
     29.01  4.226e+12
     31.01  4.389e+12
     33.01  4.543e+12
     35.01  4.688e+12
     37.01  4.833e+12
     39.01  4.972e+12
     41.01  5.109e+12
     43.01  5.241e+12
     45.01  5.368e+12
     47.01   5.49e+12
     49.01   5.61e+12
     51.01  5.725e+12
     53.01   5.84e+12
     55.02  5.955e+12
     57.02   6.06e+12
     59.02  6.165e+12
     61.02  6.263e+12
     63.02  6.354e+12
     65.02  6.447e+12
     67.02  6.535e+12
     69.02  6.629e+12
     71.02   6.72e+12
     73.02  6.805e+12
     75.02  6.889e+12
     77.02  6.974e+12
     79.02  7.053e+12
     81.02   7.13e+12
     83.02  7.202e+12
     85.02  7.276e+12
     87.02  7.344e+12
     89.02  7.412e+12
     91.03  7.475e+12
     93.03  7.538e+12
     95.03  7.599e+12
     97.03  7.658e+12
     99.03  7.717e+12
       101  7.772e+12
       103  7.827e+12
       105  7.879e+12
       107  7.931e+12
       109  7.982e+12
       111  8.034e+12
       113  8.085e+12
       115  8.133e+12
       117  8.177e+12
       119  8.223e+12
       121  8.267e+12
       123  8.309e+12
       125   8.35e+12
       127   8.39e+12
       129  8.431e+12
       131   8.47e+12
       133  8.509e+12
       135  8.547e+12
       137  8.584e+12
       139   8.62e+12
       141  8.654e+12
       143   8.69e+12
       145  8.722e+12
       147  8.753e+12
       149  8.782e+12
       151  8.812e+12
       153  8.842e+12
       155   8.87e+12
       157  8.897e+12
       159  8.922e+12
       161  8.951e+12
       163   8.98e+12
       165  9.008e+12
       167  9.033e+12
       169  9.061e+12
       171  9.086e+12
       173  9.111e+12
       175  9.136e+12
       177   9.16e+12
       179  9.182e+12
       181  9.205e+12
     183.1  9.228e+12
     185.1   9.25e+12
     187.1  9.273e+12
     189.1  9.294e+12
     191.1  9.316e+12
     193.1  9.337e+12
     195.1  9.358e+12
     197.1  9.378e+12
     199.1  9.397e+12
     201.1  9.418e+12
     203.1  9.436e+12
     205.1  9.455e+12
     207.1  9.472e+12
     209.1  9.489e+12
     211.1  9.508e+12
     213.1  9.526e+12
     215.1  9.542e+12
     217.1  9.558e+12
     219.1  9.574e+12
     221.1  9.591e+12
     223.1  9.604e+12
     225.1   9.62e+12
     227.1  9.634e+12
     229.1  9.648e+12
     231.1  9.664e+12
     233.1  9.679e+12
     235.1  9.693e+12
     237.1  9.706e+12
     239.1  9.718e+12
     241.1  9.732e+12
     243.1  9.746e+12
     245.1  9.759e+12
     247.1  9.772e+12
     249.1  9.785e+12
     251.1  9.796e+12
     253.1  9.807e+12
     255.1  9.816e+12
     257.1  9.825e+12
     259.1  9.833e+12
     261.1  9.838e+12
     263.1  9.845e+12
     265.1  9.851e+12
     267.1  9.856e+12
     269.1   9.86e+12
     271.1  9.866e+12
     273.1   9.87e+12
     275.1  9.875e+12
     277.1  9.879e+12
     279.1  9.883e+12
     281.1  9.887e+12
     283.1   9.89e+12
     285.1  9.893e+12
     287.1  9.896e+12
     289.1  9.899e+12
     291.1  9.902e+12
     293.1  9.904e+12
     295.1  9.906e+12
     297.1  9.908e+12
     299.1   9.91e+12
     301.1  9.913e+12
     303.1  9.915e+12
     305.1  9.917e+12
     307.1  9.919e+12
     309.1  9.921e+12
     311.1  9.922e+12
     313.1  9.924e+12
     315.1  9.925e+12
     317.1  9.926e+12
     319.1  9.927e+12
     321.1  9.928e+12
     323.1  9.929e+12
     325.1   9.93e+12
     327.1   9.93e+12
     329.1  9.931e+12
     331.1  9.931e+12
     333.1  9.932e+12
     335.1  9.932e+12
     337.1  9.932e+12
     339.1  9.933e+12
     341.1  9.933e+12
     343.1  9.933e+12
     345.1  9.933e+12
     347.1  9.933e+12
     349.1  9.933e+12
     351.1  9.933e+12
