     2.001      15.88
     6.002      18.18
        10      19.33
        14      19.99
        18      20.46
     22.01      20.78
     26.01      21.05
     30.01      21.29
     34.01      21.52
     38.01      21.73
     42.01       21.9
     46.01      22.04
     50.01      22.23
     54.01      22.41
     58.02      22.55
     62.02      22.73
     66.02      22.87
     70.02      22.97
     74.02      23.06
     78.02      23.21
     82.02      23.33
     86.02      23.42
     90.02      23.58
     94.03      23.65
     98.03      23.79
       102      23.91
       106      24.01
       110      24.07
       114      24.17
       118      24.24
       122       24.4
       126      24.49
       130      24.58
       134      24.62
       138      24.72
       142      24.76
       146      24.89
       150      25.01
       154       25.1
       158      25.15
       162      25.16
       166      25.32
       170      25.34
       174       25.5
       178      25.59
     182.1      25.68
     186.1      25.76
     190.1      25.77
     194.1      25.87
     198.1       25.9
     202.1      26.12
     206.1      26.27
     210.1       26.2
     214.1      26.57
     218.1      26.77
     222.1      26.66
     226.1      26.77
     230.1      26.95
     234.1      27.12
     238.1      27.26
     242.1      27.71
     246.1      28.19
     250.1      28.54
     254.1       28.3
     258.1       29.1
     262.1      28.82
     266.1      28.64
     270.1      28.28
     274.1      28.23
     278.1      28.67
     282.1      29.17
     286.1      30.01
     290.1      29.98
     294.1      30.08
     298.1       29.1
     302.1      30.37
     306.1       30.6
     310.1      30.79
     314.1      31.64
     318.1      31.91
     322.1      32.53
     326.1      34.81
     330.1      34.82
     334.1      35.01
     338.1      34.95
     342.1      39.72
     346.1      41.67
     350.1      40.79
