         1  8.168e+08
     3.001  1.218e+10
     5.001  2.547e+10
     7.002  4.475e+10
     9.002  6.652e+10
        11  8.984e+10
        13  1.153e+11
        15  1.409e+11
        17  1.648e+11
     19.01  1.865e+11
     21.01  2.071e+11
     23.01  2.281e+11
     25.01  2.487e+11
     27.01  2.673e+11
     29.01  2.844e+11
     31.01  3.017e+11
     33.01  3.184e+11
     35.01  3.344e+11
     37.01  3.489e+11
     39.01  3.643e+11
     41.01  3.812e+11
     43.01  3.965e+11
     45.01  4.113e+11
     47.01  4.254e+11
     49.01   4.39e+11
     51.01  4.529e+11
     53.01  4.654e+11
     55.02   4.79e+11
     57.02  4.918e+11
     59.02  5.037e+11
     61.02  5.153e+11
     63.02  5.265e+11
     65.02  5.369e+11
     67.02  5.478e+11
     69.02   5.57e+11
     71.02   5.67e+11
     73.02  5.765e+11
     75.02   5.86e+11
     77.02  5.972e+11
     79.02  6.067e+11
     81.02  6.151e+11
     83.02  6.245e+11
     85.02  6.334e+11
     87.02  6.426e+11
     89.02  6.508e+11
     91.03  6.591e+11
     93.03  6.685e+11
     95.03  6.773e+11
     97.03  6.857e+11
     99.03  6.943e+11
       101  7.025e+11
       103  7.104e+11
       105   7.17e+11
       107  7.235e+11
       109  7.313e+11
       111  7.378e+11
       113  7.441e+11
       115  7.511e+11
       117  7.566e+11
       119  7.635e+11
       121  7.693e+11
       123  7.755e+11
       125  7.816e+11
       127  7.879e+11
       129  7.938e+11
       131      8e+11
       133  8.078e+11
       135  8.144e+11
       137  8.198e+11
       139  8.249e+11
       141  8.302e+11
       143  8.359e+11
       145  8.412e+11
       147  8.464e+11
       149  8.518e+11
       151   8.57e+11
       153  8.618e+11
       155  8.668e+11
       157  8.718e+11
       159  8.767e+11
       161  8.815e+11
       163  8.859e+11
       165  8.907e+11
       167   8.95e+11
       169  8.996e+11
       171  9.044e+11
       173  9.093e+11
       175  9.141e+11
       177  9.184e+11
       179  9.226e+11
       181  9.277e+11
     183.1  9.324e+11
     185.1   9.37e+11
     187.1  9.413e+11
     189.1  9.453e+11
     191.1  9.489e+11
     193.1  9.519e+11
     195.1  9.553e+11
     197.1  9.586e+11
     199.1  9.615e+11
     201.1  9.649e+11
     203.1  9.676e+11
     205.1  9.706e+11
     207.1  9.736e+11
     209.1  9.761e+11
     211.1  9.793e+11
     213.1  9.825e+11
     215.1  9.854e+11
     217.1   9.89e+11
     219.1  9.922e+11
     221.1  9.947e+11
     223.1  9.972e+11
     225.1      1e+12
     227.1  1.002e+12
     229.1  1.005e+12
     231.1  1.008e+12
     233.1   1.01e+12
     235.1  1.012e+12
     237.1  1.014e+12
     239.1  1.016e+12
     241.1  1.019e+12
     243.1  1.022e+12
     245.1  1.024e+12
     247.1  1.027e+12
     249.1  1.031e+12
     251.1  1.034e+12
     253.1  1.037e+12
     255.1   1.04e+12
     257.1  1.042e+12
     259.1  1.044e+12
     261.1  1.046e+12
     263.1  1.048e+12
     265.1   1.05e+12
     267.1  1.052e+12
     269.1  1.054e+12
     271.1  1.056e+12
     273.1  1.057e+12
     275.1  1.059e+12
     277.1   1.06e+12
     279.1  1.062e+12
     281.1  1.064e+12
     283.1  1.066e+12
     285.1  1.067e+12
     287.1  1.068e+12
     289.1   1.07e+12
     291.1  1.071e+12
     293.1  1.072e+12
     295.1  1.073e+12
     297.1  1.074e+12
     299.1  1.075e+12
     301.1  1.077e+12
     303.1  1.078e+12
     305.1  1.079e+12
     307.1  1.079e+12
     309.1   1.08e+12
     311.1  1.081e+12
     313.1  1.082e+12
     315.1  1.082e+12
     317.1  1.083e+12
     319.1  1.083e+12
     321.1  1.084e+12
     323.1  1.084e+12
     325.1  1.084e+12
     327.1  1.085e+12
     329.1  1.085e+12
     331.1  1.086e+12
     333.1  1.086e+12
     335.1  1.086e+12
     337.1  1.087e+12
     339.1  1.087e+12
     341.1  1.087e+12
     343.1  1.087e+12
     345.1  1.087e+12
     347.1  1.087e+12
     349.1  1.087e+12
     351.1  1.087e+12
