         2  4.676e+10
     6.001  1.353e+11
        10  1.976e+11
        14  2.464e+11
        18  2.819e+11
        22  3.181e+11
     26.01  3.477e+11
     30.01  3.767e+11
     34.01  4.095e+11
     38.01    4.6e+11
     42.01  4.916e+11
     46.01  5.195e+11
     50.01  5.465e+11
     54.01  5.723e+11
     58.01  5.952e+11
     62.01  6.241e+11
     66.01  6.527e+11
     70.01  6.814e+11
     74.01  7.083e+11
     78.02  7.317e+11
     82.02  7.527e+11
     86.02  7.725e+11
     90.02  7.908e+11
     94.02  8.046e+11
     98.02  8.167e+11
       102  8.272e+11
       106  8.374e+11
       110  8.481e+11
       114  8.574e+11
       118  8.676e+11
       122  8.773e+11
       126   8.87e+11
       130  8.969e+11
       134  9.067e+11
       138  9.157e+11
       142  9.248e+11
       146  9.344e+11
       150  9.437e+11
       154  9.509e+11
       158  9.592e+11
       162  9.662e+11
       166  9.732e+11
       170  9.812e+11
       174   9.88e+11
       178  9.944e+11
       182      1e+12
       186  1.006e+12
       190  1.009e+12
       194  1.015e+12
       198   1.02e+12
       202  1.024e+12
       206  1.028e+12
       210  1.031e+12
       214  1.034e+12
       218  1.037e+12
       222  1.039e+12
       226  1.042e+12
       230  1.045e+12
       234  1.048e+12
       238  1.055e+12
       242  1.058e+12
       246  1.061e+12
       250  1.064e+12
       254  1.067e+12
     258.1  1.069e+12
     262.1  1.072e+12
     266.1  1.075e+12
     270.1  1.077e+12
     274.1  1.079e+12
     278.1  1.081e+12
     282.1  1.082e+12
     286.1  1.084e+12
     290.1  1.085e+12
     294.1  1.086e+12
     298.1  1.087e+12
     302.1  1.088e+12
     306.1  1.089e+12
     310.1  1.089e+12
     314.1   1.09e+12
     318.1   1.09e+12
     322.1  1.091e+12
     326.1  1.091e+12
     330.1  1.091e+12
     334.1  1.091e+12
     338.1  1.092e+12
     342.1  1.092e+12
     346.1  1.093e+12
     350.1  1.093e+12
