         2      18.03
     6.001      19.41
        10       20.1
        14      20.61
        18       20.9
        22      21.18
     26.01      21.68
     30.01      21.95
     34.01      22.01
     38.01      22.14
     42.01      22.36
     46.01      22.52
     50.01      22.67
     54.01      22.75
     58.01      22.96
     62.01      23.09
     66.01      23.41
     70.01      24.23
     74.01      25.07
     78.02      26.09
     82.02      27.04
     86.02      26.77
     90.02      28.49
     94.02      30.68
     98.02      32.08
       102      31.79
       106      31.76
       110      33.15
       114      33.76
       118      33.58
       122      32.58
       126      33.86
       130      34.19
       134      34.47
       138       35.3
       142         36
       146      37.24
       150      36.84
       154      37.75
       158      37.44
       162      36.91
       166      37.38
       170      38.71
       174      38.92
       178       38.3
       182      37.92
       186      39.71
       190      40.46
       194      40.13
       198      39.32
       202      41.17
       206      40.94
       210      40.82
       214      41.35
       218      42.27
       222      42.57
       226      42.76
       230       42.4
       234      42.53
       238      42.77
       242      43.42
       246      43.25
       250      42.98
       254      42.15
     258.1       40.9
     262.1      40.13
     266.1      40.93
     270.1      41.13
     274.1       40.9
     278.1      41.37
     282.1      42.23
     286.1      42.01
     290.1      41.48
     294.1      41.51
     298.1       40.6
     302.1      42.62
     306.1      42.35
     310.1      44.59
     314.1      44.28
     318.1      43.56
     322.1      44.02
     326.1      46.55
     330.1      46.05
     334.1      42.92
     338.1      42.85
     342.1      42.55
     346.1      43.34
     350.1      40.94
