         2      18.33
     6.001      19.68
        10      20.33
        14      20.82
        18      21.09
        22      21.35
     26.01      21.87
     30.01      22.14
     34.01      22.21
     38.01      22.33
     42.01      22.54
     46.01       22.7
     50.01      22.84
     54.01      22.92
     58.01      23.15
     62.01      23.28
     66.01      23.67
     70.01      24.55
     74.01       25.3
     78.02      26.28
     82.02      27.23
     86.02      26.95
     90.02      28.66
     94.02      30.84
     98.02      32.23
       102      31.94
       106      31.91
       110      33.29
       114      33.92
       118      33.86
       122       32.8
       126      34.05
       130      34.38
       134      34.59
       138      35.42
       142      36.11
       146      37.34
       150      36.97
       154      37.85
       158      37.52
       162         37
       166      37.46
       170      38.82
       174      39.07
       178      38.53
       182      38.23
       186      40.11
       190      40.67
       194      40.33
       198      39.51
       202       41.3
       206      41.07
       210      41.06
       214       41.6
       218      42.57
       222      42.78
       226      42.87
       230      42.46
       234       42.6
       238      42.91
       242      43.49
       246      43.31
       250      43.05
       254      42.24
     258.1      40.98
     262.1      40.28
     266.1      41.12
     270.1       41.3
     274.1      40.99
     278.1      41.45
     282.1       42.3
     286.1      42.09
     290.1      41.56
     294.1       41.6
     298.1       40.7
     302.1       42.7
     306.1      42.43
     310.1      44.65
     314.1      44.34
     318.1      43.63
     322.1      44.07
     326.1      46.59
     330.1       46.1
     334.1      42.99
     338.1      42.91
     342.1      42.63
     346.1       43.4
     350.1      41.04
