         1  3.002e+10
     3.001  1.346e+11
     5.002  2.022e+11
     7.003  2.526e+11
     9.004  2.956e+11
        11  3.328e+11
     13.01  3.657e+11
     15.01   3.97e+11
     17.01  4.266e+11
     19.01  4.551e+11
     21.01  4.823e+11
     23.01  5.053e+11
     25.01  5.271e+11
     27.01  5.468e+11
     29.01  5.675e+11
     31.01  5.881e+11
     33.01  6.071e+11
     35.02  6.252e+11
     37.02  6.424e+11
     39.02  6.602e+11
     41.02  6.757e+11
     43.02  6.915e+11
     45.02  7.094e+11
     47.02  7.316e+11
     49.02  7.511e+11
     51.02  7.706e+11
     53.02  7.874e+11
     55.02  8.043e+11
     57.02  8.168e+11
     59.03  8.312e+11
     61.03  8.452e+11
     63.03  8.567e+11
     65.03  8.692e+11
     67.03   8.81e+11
     69.03  8.914e+11
     71.03  9.018e+11
     73.03  9.137e+11
     75.03   9.24e+11
     77.03  9.329e+11
     79.03  9.423e+11
     81.04   9.52e+11
     83.04  9.611e+11
     85.04  9.717e+11
     87.04  9.798e+11
     89.04  9.892e+11
     91.04  1.002e+12
     93.04   1.01e+12
     95.04  1.017e+12
     97.04  1.027e+12
     99.04  1.037e+12
       101  1.044e+12
       103   1.05e+12
       105  1.058e+12
       107  1.065e+12
       109  1.071e+12
       111  1.077e+12
       113  1.083e+12
     115.1  1.089e+12
     117.1  1.094e+12
     119.1    1.1e+12
     121.1  1.107e+12
     123.1  1.111e+12
     125.1  1.116e+12
     127.1   1.12e+12
     129.1  1.125e+12
     131.1   1.13e+12
     133.1  1.135e+12
     135.1  1.141e+12
     137.1  1.147e+12
     139.1  1.153e+12
     141.1  1.157e+12
     143.1  1.162e+12
     145.1  1.167e+12
     147.1  1.172e+12
     149.1  1.176e+12
     151.1  1.181e+12
     153.1  1.188e+12
     155.1  1.192e+12
     157.1  1.196e+12
     159.1    1.2e+12
     161.1  1.206e+12
     163.1  1.211e+12
     165.1  1.215e+12
     167.1   1.22e+12
     169.1  1.224e+12
     171.1  1.227e+12
     173.1   1.23e+12
     175.1  1.234e+12
     177.1  1.237e+12
     179.1  1.241e+12
     181.1  1.244e+12
     183.1  1.249e+12
     185.1  1.253e+12
     187.1  1.257e+12
     189.1   1.26e+12
     191.1  1.263e+12
     193.1  1.266e+12
     195.1  1.269e+12
     197.1  1.271e+12
     199.1  1.274e+12
     201.1  1.277e+12
     203.1  1.279e+12
     205.1  1.282e+12
     207.1  1.285e+12
     209.1  1.288e+12
     211.1  1.289e+12
     213.1  1.292e+12
     215.1  1.294e+12
     217.1  1.295e+12
     219.1  1.298e+12
     221.1    1.3e+12
     223.1  1.302e+12
     225.1  1.304e+12
     227.1  1.306e+12
     229.1  1.308e+12
     231.1  1.309e+12
     233.1  1.311e+12
     235.1  1.313e+12
     237.1  1.315e+12
     239.1  1.317e+12
     241.1  1.319e+12
     243.1  1.322e+12
     245.1  1.324e+12
     247.1  1.327e+12
     249.1   1.33e+12
     251.1  1.333e+12
     253.1  1.334e+12
     255.1  1.336e+12
     257.1  1.338e+12
     259.1  1.339e+12
     261.1  1.341e+12
     263.1  1.342e+12
     265.1  1.343e+12
     267.1  1.343e+12
     269.1  1.344e+12
     271.1  1.345e+12
     273.1  1.345e+12
     275.1  1.346e+12
     277.1  1.346e+12
     279.1  1.347e+12
     281.1  1.347e+12
     283.1  1.347e+12
     285.1  1.348e+12
     287.1  1.348e+12
     289.1  1.348e+12
     291.1  1.348e+12
     293.1  1.349e+12
     295.1  1.349e+12
     297.1  1.349e+12
     299.1  1.349e+12
     301.1  1.349e+12
     303.1  1.349e+12
     305.1  1.349e+12
     307.1  1.349e+12
     309.1   1.35e+12
     311.1   1.35e+12
     313.1   1.35e+12
     315.1   1.35e+12
     317.1   1.35e+12
     319.1   1.35e+12
     321.1   1.35e+12
     323.1   1.35e+12
     325.1   1.35e+12
     327.1   1.35e+12
     329.1   1.35e+12
     331.1   1.35e+12
     333.1   1.35e+12
     335.1   1.35e+12
     337.1   1.35e+12
     339.1   1.35e+12
     341.1   1.35e+12
     343.1   1.35e+12
     345.2   1.35e+12
     347.2   1.35e+12
     349.2   1.35e+12
     351.2   1.35e+12
