         1      16.48
     3.001         18
     5.002      18.98
     7.003      19.35
     9.004      19.62
        11      19.91
     13.01      20.23
     15.01       20.4
     17.01      20.61
     19.01      20.77
     21.01         21
     23.01      21.16
     25.01      21.32
     27.01      21.32
     29.01      21.47
     31.01      21.63
     33.01      21.87
     35.02      21.98
     37.02      21.97
     39.02      22.11
     41.02      22.23
     43.02      22.19
     45.02      22.11
     47.02      22.03
     49.02      22.08
     51.02      22.25
     53.02      22.44
     55.02      22.66
     57.02      22.87
     59.03      22.98
     61.03      23.26
     63.03      23.49
     65.03      23.45
     67.03      23.57
     69.03      23.54
     71.03      23.53
     73.03      23.55
     75.03      23.85
     77.03      24.01
     79.03      23.61
     81.04      23.87
     83.04      24.17
     85.04      24.64
     87.04      24.34
     89.04       24.7
     91.04      24.76
     93.04       25.1
     95.04      25.42
     97.04      25.28
     99.04      25.24
       101      25.29
       103      25.36
       105      26.32
       107      26.27
       109      26.21
       111      25.88
       113      26.28
     115.1      26.72
     117.1      26.91
     119.1      27.33
     121.1      28.16
     123.1      28.56
     125.1      29.46
     127.1      29.44
     129.1      28.72
     131.1       28.3
     133.1      29.17
     135.1      28.49
     137.1      29.67
     139.1      30.11
     141.1      30.41
     143.1      30.66
     145.1      30.87
     147.1      31.28
     149.1      31.08
     151.1      31.44
     153.1      31.65
     155.1      31.62
     157.1      31.94
     159.1      32.06
     161.1      31.73
     163.1      31.91
     165.1      31.57
     167.1      32.01
     169.1       33.3
     171.1      34.59
     173.1      34.24
     175.1      33.71
     177.1      33.65
     179.1      35.27
     181.1      36.36
     183.1      37.01
     185.1      36.88
     187.1      36.57
     189.1      37.04
     191.1      37.59
     193.1      36.93
     195.1      36.79
     197.1      36.83
     199.1      37.21
     201.1      38.14
     203.1      37.96
     205.1       37.7
     207.1      37.65
     209.1      37.57
     211.1      37.96
     213.1      38.94
     215.1       38.6
     217.1       39.6
     219.1      39.75
     221.1      39.81
     223.1      40.69
     225.1       40.9
     227.1      40.96
     229.1      40.74
     231.1      40.74
     233.1      40.85
     235.1      40.44
     237.1      40.07
     239.1      40.45
     241.1      40.27
     243.1      40.33
     245.1      40.46
     247.1      40.72
     249.1      41.33
     251.1      41.48
     253.1      41.87
     255.1      42.32
     257.1      42.06
     259.1       41.8
     261.1      42.33
     263.1      42.71
     265.1      43.28
     267.1      44.43
     269.1      44.52
     271.1      44.58
     273.1      44.05
     275.1       43.8
     277.1      44.17
     279.1      44.31
     281.1      45.21
     283.1       45.7
     285.1      46.16
     287.1      46.62
     289.1       46.2
     291.1      46.26
     293.1      45.65
     295.1      46.16
     297.1      46.94
     299.1      47.98
     301.1      47.92
     303.1      47.72
     305.1      47.88
     307.1      47.88
     309.1      47.03
     311.1      47.38
     313.1      47.36
     315.1      48.96
     317.1      49.48
     319.1      48.63
     321.1      48.94
     323.1      48.31
     325.1      49.16
     327.1      49.33
     329.1      48.15
     331.1      48.24
     333.1      48.31
     335.1       48.6
     337.1      47.85
     339.1      47.95
     341.1      48.09
     343.1      48.93
     345.2         50
     347.2         50
     349.2         50
     351.2         50
