     1.005      17.64
     3.016      18.94
     5.026       19.9
     7.037      20.68
     9.047      21.34
     11.06      21.74
     13.07      22.17
     15.08       22.6
     17.09      22.91
      19.1      23.04
     21.11      23.27
     23.12      23.69
     25.13         24
     27.14       23.8
     29.15      24.08
     31.16      24.31
     33.17      24.71
     35.18       25.1
     37.19      25.63
     39.21      25.29
     41.22      24.54
     43.23      24.95
     45.24      26.09
     47.25      27.04
     49.26      29.01
     51.27      30.98
     53.28      31.02
     55.29      30.05
      57.3       29.9
     59.31      30.23
     61.32      30.96
     63.33      31.67
     65.34      32.25
     67.35      30.87
     69.36      30.49
     71.37      32.26
     73.38      34.73
     75.39      37.21
     77.41      39.22
     79.42       40.8
     81.43      39.44
     83.44      40.06
     85.45      39.94
     87.46      41.65
     89.47      42.85
     91.48      44.03
     93.49      43.13
      95.5      43.33
     97.51      42.62
     99.52      43.51
     101.5      44.43
     103.5      44.47
     105.6      43.77
     107.6      43.72
     109.6      44.22
     111.6      44.36
     113.6      44.09
     115.6      44.89
     117.6      45.71
     119.6      46.44
     121.6      46.36
     123.6      46.29
     125.7      46.27
     127.7       46.4
     129.7      47.24
     131.7      46.88
     133.7      47.25
     135.7      46.76
     137.7      47.23
     139.7       47.4
     141.7      47.94
     143.8      47.81
     145.8      47.67
     147.8      48.08
     149.8      48.16
     151.8      48.01
     153.8      47.89
     155.8      48.01
     157.8      48.12
     159.8      48.54
     161.8      48.59
     163.9      48.31
     165.9      48.47
     167.9      48.55
     169.9      48.99
     171.9      48.93
     173.9      48.76
     175.9      48.58
     177.9      48.63
     179.9       49.1
       182      48.85
       184      48.71
       186      48.47
       188      48.32
       190       48.6
       192      48.72
       194       48.9
       196      48.96
       198      48.76
       200       48.8
     202.1      48.73
     204.1      48.98
     206.1      49.02
     208.1      49.08
     210.1      49.11
     212.1       48.9
     214.1       48.8
     216.1      48.77
     218.1      48.89
     220.2      49.08
     222.2      49.05
     224.2      49.11
     226.2      49.04
     228.2      49.28
     230.2      49.39
     232.2      49.39
     234.2      49.25
     236.2       49.3
     238.2      49.38
     240.3      49.52
     242.3      49.67
     244.3      49.79
     246.3      49.97
     248.3         50
     250.3         50
     252.3      49.95
     254.3      49.89
     256.3      49.83
     258.4      49.93
     260.4         50
     262.4         50
     264.4         50
     266.4         50
     268.4         50
     270.4         50
     272.4         50
     274.4         50
     276.4         50
     278.5         50
     280.5         50
     282.5         50
     284.5         50
     286.5         50
     288.5         50
     290.5         50
     292.5         50
     294.5         50
     296.6         50
     298.6         50
     300.6         50
     302.6         50
     304.6         50
     306.6         50
     308.6         50
     310.6         50
     312.6         50
     314.6         50
     316.7         50
     318.7         50
     320.7         50
     322.7         50
     324.7         50
     326.7         50
     328.7         50
     330.7         50
     332.7         50
     334.8         50
     336.8         50
     338.8         50
     340.8         50
     342.8         50
     344.8         50
     346.8         50
     348.8         50
     350.8         50
