         2      18.91
     6.001      19.98
        10      20.68
        14       21.4
        18      21.79
     22.01       22.4
     26.01      22.87
     30.01      23.44
     34.01      23.77
     38.01      24.21
     42.01       24.9
     46.01      24.96
     50.01      26.58
     54.01      27.77
     58.01       26.9
     62.01         29
     66.02      31.85
     70.02      32.81
     74.02      34.59
     78.02      36.13
     82.02      38.33
     86.02      39.34
     90.02      38.07
     94.02         39
     98.02      40.08
       102      39.75
       106      40.74
       110       42.3
       114      43.12
       118      44.33
       122      44.56
       126      43.93
       130      42.98
       134      43.29
       138      43.75
       142       44.1
       146      44.49
       150      45.27
       154      45.21
       158      45.89
       162      47.18
       166      47.14
       170      48.29
       174      48.68
       178      48.37
       182      48.23
       186      48.54
       190      49.05
       194      48.66
       198      48.85
       202      48.88
       206      48.97
       210      48.71
     214.1       49.1
     218.1      49.04
     222.1      48.56
     226.1      48.94
     230.1      49.23
     234.1      49.04
     238.1       49.2
     242.1      48.96
     246.1      48.71
     250.1      48.67
     254.1      48.47
     258.1      48.04
     262.1      47.97
     266.1      47.39
     270.1      47.81
     274.1      48.45
     278.1      48.07
     282.1      47.87
     286.1      47.53
     290.1      47.61
     294.1      47.95
     298.1      48.66
     302.1       48.7
     306.1      49.51
     310.1      49.46
     314.1      49.26
     318.1      49.11
     322.1      49.58
     326.1         50
     330.1         50
     334.1         50
     338.1         50
     342.1         50
     346.1         50
     350.1         50
