         1  2.478e+10
     3.001  9.688e+10
     5.002  1.778e+11
     7.003  2.372e+11
     9.004  2.881e+11
        11  3.362e+11
     13.01  3.793e+11
     15.01  4.209e+11
     17.01  4.604e+11
     19.01  4.962e+11
     21.01  5.333e+11
     23.01  5.684e+11
     25.01  6.055e+11
     27.01   6.41e+11
     29.01  6.749e+11
     31.01  7.092e+11
     33.01  7.411e+11
     35.01  7.717e+11
     37.01  8.019e+11
     39.02  8.292e+11
     41.02  8.552e+11
     43.02  8.838e+11
     45.02  9.109e+11
     47.02  9.352e+11
     49.02  9.584e+11
     51.02  9.794e+11
     53.02  9.993e+11
     55.02  1.021e+12
     57.02  1.039e+12
     59.02  1.057e+12
     61.02  1.075e+12
     63.02  1.092e+12
     65.03  1.109e+12
     67.03  1.125e+12
     69.03   1.14e+12
     71.03  1.156e+12
     73.03  1.171e+12
     75.03  1.187e+12
     77.03  1.201e+12
     79.03  1.216e+12
     81.03  1.232e+12
     83.03  1.248e+12
     85.03  1.262e+12
     87.03  1.276e+12
     89.04  1.289e+12
     91.04  1.302e+12
     93.04  1.314e+12
     95.04  1.326e+12
     97.04  1.338e+12
     99.04  1.351e+12
       101  1.362e+12
       103  1.375e+12
       105  1.388e+12
       107    1.4e+12
       109  1.412e+12
       111  1.424e+12
       113  1.437e+12
       115  1.452e+12
       117  1.464e+12
       119  1.477e+12
       121  1.488e+12
       123  1.498e+12
       125   1.51e+12
     127.1  1.522e+12
     129.1  1.534e+12
     131.1  1.545e+12
     133.1  1.557e+12
     135.1  1.567e+12
     137.1  1.578e+12
     139.1  1.587e+12
     141.1  1.597e+12
     143.1  1.608e+12
     145.1  1.619e+12
     147.1  1.628e+12
     149.1  1.637e+12
     151.1  1.646e+12
     153.1  1.659e+12
     155.1  1.672e+12
     157.1  1.684e+12
     159.1  1.694e+12
     161.1  1.703e+12
     163.1  1.714e+12
     165.1  1.724e+12
     167.1  1.733e+12
     169.1  1.744e+12
     171.1  1.754e+12
     173.1  1.762e+12
     175.1   1.77e+12
     177.1  1.778e+12
     179.1  1.786e+12
     181.1  1.792e+12
     183.1  1.799e+12
     185.1  1.806e+12
     187.1  1.812e+12
     189.1  1.819e+12
     191.1  1.828e+12
     193.1  1.838e+12
     195.1  1.845e+12
     197.1  1.851e+12
     199.1  1.858e+12
     201.1  1.865e+12
     203.1  1.872e+12
     205.1   1.88e+12
     207.1  1.889e+12
     209.1  1.895e+12
     211.1  1.902e+12
     213.1  1.909e+12
     215.1  1.916e+12
     217.1  1.922e+12
     219.1  1.929e+12
     221.1  1.936e+12
     223.1  1.944e+12
     225.1  1.951e+12
     227.1  1.957e+12
     229.1  1.963e+12
     231.1  1.968e+12
     233.1  1.973e+12
     235.1  1.979e+12
     237.1  1.984e+12
     239.1   1.99e+12
     241.1  1.996e+12
     243.1  2.004e+12
     245.1  2.011e+12
     247.1  2.017e+12
     249.1  2.024e+12
     251.1   2.03e+12
     253.1  2.034e+12
     255.1  2.038e+12
     257.1  2.042e+12
     259.1  2.045e+12
     261.1  2.048e+12
     263.1  2.051e+12
     265.1  2.053e+12
     267.1  2.055e+12
     269.1  2.058e+12
     271.1   2.06e+12
     273.1  2.063e+12
     275.1  2.066e+12
     277.1  2.068e+12
     279.1   2.07e+12
     281.1  2.071e+12
     283.1  2.073e+12
     285.1  2.074e+12
     287.1  2.076e+12
     289.1  2.077e+12
     291.1  2.079e+12
     293.1  2.082e+12
     295.1  2.083e+12
     297.1  2.083e+12
     299.1  2.084e+12
     301.1  2.085e+12
     303.1  2.086e+12
     305.1  2.087e+12
     307.1  2.088e+12
     309.1  2.088e+12
     311.1  2.089e+12
     313.1   2.09e+12
     315.1   2.09e+12
     317.1  2.091e+12
     319.1  2.091e+12
     321.1  2.092e+12
     323.1  2.092e+12
     325.1  2.092e+12
     327.1  2.093e+12
     329.1  2.093e+12
     331.1  2.093e+12
     333.1  2.094e+12
     335.1  2.094e+12
     337.1  2.094e+12
     339.1  2.094e+12
     341.1  2.094e+12
     343.1  2.094e+12
     345.1  2.094e+12
     347.1  2.094e+12
     349.1  2.094e+12
     351.1  2.094e+12
