     2.001  1.762e+10
     6.002   8.63e+10
        10  1.827e+11
        14  2.855e+11
        18  3.998e+11
     22.01  5.125e+11
     26.01  6.265e+11
     30.01  7.427e+11
     34.01  8.627e+11
     38.01  9.894e+11
     42.01  1.113e+12
     46.01  1.229e+12
     50.01  1.353e+12
     54.01  1.479e+12
     58.02  1.622e+12
     62.02  1.736e+12
     66.02  1.843e+12
     70.02  1.954e+12
     74.02  2.069e+12
     78.02  2.161e+12
     82.02  2.256e+12
     86.02  2.342e+12
     90.02  2.425e+12
     94.03    2.5e+12
     98.03  2.557e+12
       102  2.615e+12
       106  2.667e+12
       110  2.718e+12
       114  2.765e+12
       118  2.812e+12
       122  2.867e+12
       126  2.914e+12
       130  2.958e+12
       134  3.005e+12
       138  3.059e+12
       142   3.12e+12
       146   3.17e+12
       150  3.215e+12
       154  3.264e+12
       158   3.31e+12
       162  3.351e+12
       166  3.391e+12
       170  3.443e+12
       174  3.506e+12
       178  3.545e+12
     182.1  3.573e+12
     186.1  3.606e+12
     190.1  3.656e+12
     194.1  3.696e+12
     198.1  3.725e+12
     202.1  3.747e+12
     206.1  3.765e+12
     210.1  3.787e+12
     214.1  3.807e+12
     218.1   3.83e+12
     222.1  3.865e+12
     226.1  3.895e+12
     230.1  3.917e+12
     234.1  3.935e+12
     238.1  3.952e+12
     242.1  3.974e+12
     246.1  3.995e+12
     250.1  4.012e+12
     254.1  4.026e+12
     258.1  4.048e+12
     262.1  4.063e+12
     266.1  4.073e+12
     270.1   4.08e+12
     274.1  4.086e+12
     278.1  4.092e+12
     282.1  4.097e+12
     286.1  4.101e+12
     290.1  4.105e+12
     294.1  4.107e+12
     298.1   4.11e+12
     302.1  4.113e+12
     306.1  4.115e+12
     310.1  4.116e+12
     314.1  4.118e+12
     318.1   4.12e+12
     322.1  4.121e+12
     326.1  4.122e+12
     330.1  4.123e+12
     334.1  4.124e+12
     338.1  4.124e+12
     342.1  4.125e+12
     346.1  4.125e+12
     350.1  4.125e+12
