         1      20.28
     3.001      20.64
     5.001      20.82
     7.002      20.87
     9.002      21.04
        11      21.12
        13      21.22
        15      21.36
        17      21.45
     19.01      21.56
     21.01      21.68
     23.01      21.59
     25.01      21.57
     27.01      21.71
     29.01      21.84
     31.01      21.82
     33.01         22
     35.01      22.12
     37.01       22.2
     39.01      22.33
     41.01      22.45
     43.01      22.54
     45.01      22.55
     47.01      22.54
     49.01      22.63
     51.01      22.83
     53.01      22.88
     55.02      22.94
     57.02      22.95
     59.02      23.09
     61.02      23.14
     63.02      23.21
     65.02      23.33
     67.02       23.4
     69.02       23.3
     71.02      23.36
     73.02      23.41
     75.02      23.45
     77.02      23.56
     79.02       23.6
     81.02       23.6
     83.02      23.63
     85.02      23.68
     87.02      23.76
     89.02      23.84
     91.03         24
     93.03      24.01
     95.03      24.06
     97.03       24.1
     99.03      24.05
       101      24.09
       103      24.16
       105      24.21
       107      24.17
       109       24.2
       111      24.24
       113       24.3
       115      24.39
       117       24.4
       119      24.44
       121      24.59
       123      24.68
       125      24.64
       127      24.74
       129      24.76
       131      24.74
       133      24.75
       135      24.87
       137      24.81
       139      24.83
       141      24.86
       143      24.89
       145      24.99
       147      25.08
       149      25.08
       151      25.18
       153      25.23
       155       25.4
       157      25.33
       159      25.31
       161      25.42
       163      25.52
       165      25.66
       167      26.07
       169      25.99
       171      25.89
       173      25.81
       175      25.69
       177      25.82
       179      25.96
       181      26.12
     183.1      26.27
     185.1      26.22
     187.1      26.16
     189.1      26.18
     191.1      26.41
     193.1      26.69
     195.1      26.68
     197.1       26.6
     199.1      26.73
     201.1      26.99
     203.1      27.22
     205.1      27.07
     207.1      27.02
     209.1      26.92
     211.1      27.18
     213.1       27.1
     215.1      27.17
     217.1      27.35
     219.1      27.47
     221.1      27.63
     223.1      27.75
     225.1      27.75
     227.1      27.62
     229.1      27.38
     231.1       27.4
     233.1      27.89
     235.1      28.14
     237.1      27.78
     239.1      27.48
     241.1      27.53
     243.1      27.95
     245.1      28.08
     247.1      28.12
     249.1      28.56
     251.1      29.16
     253.1      29.53
     255.1      28.85
     257.1      28.49
     259.1      28.51
     261.1      28.94
     263.1      29.13
     265.1      29.41
     267.1      29.54
     269.1      29.65
     271.1      30.21
     273.1      30.16
     275.1      29.54
     277.1      30.44
     279.1      31.36
     281.1      31.37
     283.1      31.14
     285.1      31.57
     287.1       32.2
     289.1      33.59
     291.1      34.58
     293.1      33.29
     295.1      32.42
     297.1      32.12
     299.1      32.16
     301.1      32.21
     303.1      32.42
     305.1       32.8
     307.1      33.98
     309.1      32.59
     311.1      32.08
     313.1      31.73
     315.1      32.91
     317.1      34.79
     319.1       34.9
     321.1      34.16
     323.1      32.66
     325.1      33.15
     327.1       34.9
     329.1      31.35
     331.1      35.22
     333.1      36.53
     335.1      38.54
     337.1      38.24
     339.1      38.36
     341.1      36.71
     343.1      33.41
     345.1      33.44
     347.1      35.24
     349.1      38.17
     351.1      38.42
