         1      18.28
     3.001      19.85
     5.002      20.28
     7.003      20.62
     9.004         21
        11       21.2
     13.01      21.52
     15.01         22
     17.01       22.1
     19.01      22.31
     21.01      22.56
     23.01      22.93
     25.01      23.34
     27.01      23.52
     29.01      23.46
     31.01      23.61
     33.01      23.88
     35.01      24.25
     37.01      24.43
     39.02      24.56
     41.02      24.69
     43.02      24.85
     45.02      24.86
     47.02      25.24
     49.02       25.3
     51.02      25.58
     53.02      26.61
     55.02      26.75
     57.02      27.64
     59.02      28.69
     61.02      29.15
     63.02      28.86
     65.03      28.35
     67.03      28.25
     69.03      29.71
     71.03      31.06
     73.03      32.65
     75.03      31.87
     77.03      31.79
     79.03      32.78
     81.03      32.68
     83.03      32.77
     85.03      32.74
     87.03      32.98
     89.04      33.08
     91.04      33.36
     93.04      34.17
     95.04      34.78
     97.04      35.55
     99.04      35.54
       101      35.78
       103       36.8
       105      37.72
       107      38.96
       109      39.45
       111      38.58
       113      37.39
       115      37.68
       117      39.47
       119      40.26
       121      40.66
       123      41.01
       125      40.78
     127.1      39.76
     129.1      38.81
     131.1      38.33
     133.1      38.77
     135.1       39.1
     137.1      40.82
     139.1       40.7
     141.1      41.78
     143.1      41.92
     145.1      41.85
     147.1      41.32
     149.1      41.99
     151.1      42.58
     153.1      41.62
     155.1      41.79
     157.1      41.64
     159.1      41.87
     161.1      42.17
     163.1      42.19
     165.1      42.35
     167.1      42.81
     169.1      42.62
     171.1      42.63
     173.1      42.86
     175.1      42.86
     177.1       43.2
     179.1      43.58
     181.1      44.51
     183.1      45.43
     185.1      46.37
     187.1      46.72
     189.1      46.47
     191.1      46.93
     193.1      47.24
     195.1      46.97
     197.1      46.67
     199.1       46.7
     201.1      46.87
     203.1      47.63
     205.1      47.62
     207.1      48.03
     209.1      47.92
     211.1      48.12
     213.1      48.07
     215.1      47.75
     217.1      47.45
     219.1      47.72
     221.1      47.56
     223.1       47.9
     225.1      48.01
     227.1      48.39
     229.1      48.83
     231.1      48.52
     233.1      48.17
     235.1      48.27
     237.1      48.47
     239.1      48.55
     241.1       48.4
     243.1       48.6
     245.1      49.01
     247.1      49.33
     249.1      49.58
     251.1      49.01
     253.1      48.84
     255.1      48.66
     257.1      49.13
     259.1      48.75
     261.1      48.87
     263.1      49.15
     265.1      49.42
     267.1      48.96
     269.1      48.55
     271.1      48.59
     273.1      48.99
     275.1      49.13
     277.1      48.95
     279.1       48.4
     281.1      48.56
     283.1       48.6
     285.1      49.35
     287.1      49.64
     289.1      49.64
     291.1      49.48
     293.1      49.09
     295.1      49.19
     297.1      49.46
     299.1         50
     301.1         50
     303.1         50
     305.1         50
     307.1         50
     309.1         50
     311.1         50
     313.1         50
     315.1      49.87
     317.1      49.58
     319.1      49.61
     321.1         50
     323.1         50
     325.1         50
     327.1         50
     329.1         50
     331.1         50
     333.1         50
     335.1      49.33
     337.1      48.51
     339.1      48.84
     341.1      48.86
     343.1         50
     345.1         50
     347.1         50
     349.1         50
     351.1         50
