     2.001  1.848e+10
     6.002  8.259e+10
        10  1.767e+11
        14  2.797e+11
        18  3.813e+11
     22.01  4.832e+11
     26.01  5.879e+11
     30.01  6.923e+11
     34.01   8.04e+11
     38.01  9.072e+11
     42.01  1.002e+12
     46.01  1.088e+12
     50.01  1.166e+12
     54.01  1.241e+12
     58.02  1.307e+12
     62.02  1.369e+12
     66.02  1.431e+12
     70.02  1.488e+12
     74.02   1.55e+12
     78.02  1.611e+12
     82.02  1.663e+12
     86.02  1.713e+12
     90.02  1.772e+12
     94.03  1.829e+12
     98.03  1.886e+12
       102  1.937e+12
       106  1.982e+12
       110  2.021e+12
       114  2.057e+12
       118  2.096e+12
       122  2.138e+12
       126  2.178e+12
       130  2.218e+12
       134  2.261e+12
       138  2.307e+12
       142  2.349e+12
       146  2.395e+12
       150  2.429e+12
       154  2.461e+12
       158  2.497e+12
       162  2.526e+12
       166  2.562e+12
       170  2.609e+12
       174   2.65e+12
       178  2.684e+12
     182.1  2.712e+12
     186.1  2.742e+12
     190.1  2.781e+12
     194.1  2.817e+12
     198.1  2.846e+12
     202.1  2.872e+12
     206.1  2.897e+12
     210.1  2.922e+12
     214.1  2.948e+12
     218.1  2.982e+12
     222.1  3.018e+12
     226.1  3.052e+12
     230.1  3.095e+12
     234.1  3.152e+12
     238.1  3.211e+12
     242.1  3.261e+12
     246.1   3.31e+12
     250.1  3.342e+12
     254.1  3.364e+12
     258.1   3.38e+12
     262.1  3.406e+12
     266.1  3.437e+12
     270.1  3.453e+12
     274.1  3.463e+12
     278.1  3.471e+12
     282.1  3.484e+12
     286.1  3.498e+12
     290.1  3.504e+12
     294.1   3.51e+12
     298.1  3.517e+12
     302.1  3.521e+12
     306.1  3.524e+12
     310.1  3.526e+12
     314.1  3.528e+12
     318.1  3.529e+12
     322.1  3.531e+12
     326.1  3.532e+12
     330.1  3.533e+12
     334.1  3.534e+12
     338.1  3.535e+12
     342.1  3.535e+12
     346.1  3.535e+12
     350.1  3.535e+12
