         1  1.252e+11
     3.001  6.483e+11
     5.001  1.172e+12
     7.002  1.637e+12
     9.002  2.029e+12
        11  2.368e+12
        13  2.688e+12
        15  2.983e+12
        17  3.263e+12
     19.01  3.514e+12
     21.01  3.757e+12
     23.01  3.995e+12
     25.01  4.219e+12
     27.01  4.433e+12
     29.01  4.633e+12
     31.01  4.821e+12
     33.01  4.997e+12
     35.01  5.163e+12
     37.01   5.32e+12
     39.01  5.469e+12
     41.01  5.611e+12
     43.01  5.741e+12
     45.01  5.874e+12
     47.01      6e+12
     49.01  6.125e+12
     51.01   6.24e+12
     53.01  6.354e+12
     55.02   6.46e+12
     57.02  6.566e+12
     59.02  6.665e+12
     61.02  6.764e+12
     63.02   6.86e+12
     65.02  6.951e+12
     67.02  7.038e+12
     69.02  7.122e+12
     71.02  7.203e+12
     73.02  7.284e+12
     75.02  7.365e+12
     77.02  7.438e+12
     79.02   7.51e+12
     81.02  7.582e+12
     83.02  7.656e+12
     85.02  7.727e+12
     87.02  7.793e+12
     89.02  7.858e+12
     91.03  7.925e+12
     93.03  7.989e+12
     95.03  8.049e+12
     97.03  8.109e+12
     99.03  8.168e+12
       101  8.224e+12
       103  8.282e+12
       105  8.337e+12
       107  8.392e+12
       109  8.443e+12
       111  8.496e+12
       113  8.546e+12
       115  8.597e+12
       117  8.647e+12
       119  8.697e+12
       121  8.743e+12
       123   8.79e+12
       125  8.833e+12
       127  8.877e+12
       129   8.92e+12
       131  8.962e+12
       133  9.003e+12
       135  9.042e+12
       137  9.083e+12
       139  9.122e+12
       141  9.161e+12
       143    9.2e+12
       145  9.237e+12
       147  9.273e+12
       149  9.311e+12
       151  9.344e+12
       153  9.379e+12
       155  9.415e+12
       157  9.447e+12
       159  9.478e+12
       161   9.51e+12
       163   9.54e+12
       165  9.572e+12
       167  9.603e+12
       169  9.633e+12
       171  9.664e+12
       173  9.694e+12
       175  9.723e+12
       177  9.752e+12
       179  9.779e+12
       181  9.805e+12
     183.1  9.833e+12
     185.1  9.858e+12
     187.1  9.881e+12
     189.1  9.907e+12
     191.1  9.932e+12
     193.1  9.955e+12
     195.1  9.977e+12
     197.1  9.999e+12
     199.1  1.002e+13
     201.1  1.004e+13
     203.1  1.006e+13
     205.1  1.008e+13
     207.1  1.009e+13
     209.1  1.011e+13
     211.1  1.013e+13
     213.1  1.014e+13
     215.1  1.016e+13
     217.1  1.018e+13
     219.1  1.019e+13
     221.1   1.02e+13
     223.1  1.022e+13
     225.1  1.023e+13
     227.1  1.024e+13
     229.1  1.026e+13
     231.1  1.027e+13
     233.1  1.028e+13
     235.1   1.03e+13
     237.1  1.031e+13
     239.1  1.032e+13
     241.1  1.033e+13
     243.1  1.034e+13
     245.1  1.035e+13
     247.1  1.037e+13
     249.1  1.038e+13
     251.1  1.039e+13
     253.1   1.04e+13
     255.1  1.041e+13
     257.1  1.042e+13
     259.1  1.042e+13
     261.1  1.043e+13
     263.1  1.044e+13
     265.1  1.044e+13
     267.1  1.045e+13
     269.1  1.045e+13
     271.1  1.046e+13
     273.1  1.046e+13
     275.1  1.047e+13
     277.1  1.047e+13
     279.1  1.048e+13
     281.1  1.048e+13
     283.1  1.048e+13
     285.1  1.049e+13
     287.1  1.049e+13
     289.1  1.049e+13
     291.1   1.05e+13
     293.1   1.05e+13
     295.1   1.05e+13
     297.1   1.05e+13
     299.1   1.05e+13
     301.1  1.051e+13
     303.1  1.051e+13
     305.1  1.051e+13
     307.1  1.051e+13
     309.1  1.051e+13
     311.1  1.051e+13
     313.1  1.052e+13
     315.1  1.052e+13
     317.1  1.052e+13
     319.1  1.052e+13
     321.1  1.052e+13
     323.1  1.052e+13
     325.1  1.052e+13
     327.1  1.052e+13
     329.1  1.052e+13
     331.1  1.052e+13
     333.1  1.052e+13
     335.1  1.052e+13
     337.1  1.053e+13
     339.1  1.053e+13
     341.1  1.053e+13
     343.1  1.053e+13
     345.1  1.053e+13
     347.1  1.053e+13
     349.1  1.053e+13
     351.1  1.053e+13
