         1      14.78
     3.001      16.52
     5.001       17.7
     7.002      18.49
     9.002      19.06
        11      19.33
        13      19.69
        15      19.97
        17      20.23
     19.01      20.44
     21.01      20.56
     23.01      20.68
     25.01      20.84
     27.01      20.96
     29.01      21.14
     31.01      21.26
     33.01      21.35
     35.01      21.43
     37.01      21.52
     39.01      21.58
     41.01       21.8
     43.01      21.86
     45.01      21.98
     47.01      22.03
     49.01      22.08
     51.01      22.21
     53.01      22.31
     55.02      22.39
     57.02      22.47
     59.02      22.54
     61.02      22.56
     63.02      22.64
     65.02       22.7
     67.02      22.77
     69.02      22.82
     71.02      22.85
     73.02       22.9
     75.02      22.99
     77.02       23.1
     79.02      23.12
     81.02      23.16
     83.02      23.18
     85.02      23.23
     87.02       23.3
     89.02      23.32
     91.03      23.35
     93.03      23.43
     95.03      23.54
     97.03       23.6
     99.03      23.61
       101      23.63
       103      23.62
       105      23.71
       107      23.81
       109      23.79
       111      23.88
       113      23.83
       115      23.87
       117      23.94
       119      23.95
       121      24.06
       123      24.14
       125      24.19
       127      24.28
       129      24.31
       131      24.37
       133      24.38
       135      24.37
       137      24.42
       139      24.46
       141      24.55
       143      24.58
       145      24.63
       147      24.63
       149      24.74
       151      24.81
       153      24.74
       155      24.76
       157       24.9
       159      24.93
       161      24.97
       163      25.03
       165      25.02
       167      25.04
       169      25.06
       171      25.14
       173      25.19
       175      25.29
       177      25.33
       179      25.31
       181      25.32
     183.1      25.43
     185.1      25.63
     187.1      25.72
     189.1      25.61
     191.1      25.72
     193.1      25.78
     195.1       25.8
     197.1      25.81
     199.1      25.95
     201.1      26.24
     203.1      26.13
     205.1      26.26
     207.1      26.18
     209.1      26.35
     211.1      26.56
     213.1      26.69
     215.1      26.29
     217.1      26.47
     219.1      26.83
     221.1      27.05
     223.1      27.02
     225.1      27.16
     227.1      26.93
     229.1      26.94
     231.1      27.18
     233.1      27.25
     235.1      27.61
     237.1      27.49
     239.1       27.8
     241.1       27.6
     243.1      27.41
     245.1      27.31
     247.1      27.48
     249.1      28.03
     251.1      28.02
     253.1      28.04
     255.1      27.98
     257.1      28.15
     259.1      28.38
     261.1      28.26
     263.1      28.33
     265.1      28.45
     267.1      28.85
     269.1      27.93
     271.1      28.15
     273.1       28.7
     275.1      29.46
     277.1      29.12
     279.1      28.71
     281.1      29.14
     283.1      29.35
     285.1      30.04
     287.1      30.69
     289.1      30.88
     291.1      30.78
     293.1      30.31
     295.1      29.53
     297.1      29.95
     299.1      31.57
     301.1      32.12
     303.1      32.22
     305.1      32.22
     307.1      33.35
     309.1      33.22
     311.1      32.96
     313.1      32.78
     315.1      32.73
     317.1       32.5
     319.1      31.84
     321.1      32.64
     323.1      34.21
     325.1      34.58
     327.1      35.03
     329.1      33.31
     331.1      33.05
     333.1      34.52
     335.1      35.78
     337.1      33.82
     339.1      37.03
     341.1      35.37
     343.1      33.99
     345.1      33.09
     347.1      34.17
     349.1      33.16
     351.1      32.41
